115
0
131
0
189
0
115
0
131
0
170
0
208
0
248
0
248
0
248
0
402
0
422
0
538
0
557
0
557
0
557
0
576
0
576
0
576
0
750
0
770
0
810
0
893
0
893
0
927
0
927
0
911
0
927
0
1090
0
1147
0
1147
0
1127
0
1147
0
1168
0
1108
0
1188
0
1127
0
1147
0
1168
0
1188
0
1291
0
1301
0
1301
0
1452
0
1525
0
1475
0
1486
0
1486
0
1525
0
1486
0
1602
0
1602
0
1641
0
1628
0
1660
0
1892
0
1892
0
1931
0
1950
0
2089
0
2089
0
2144
0
2183
0
2183
0
2163
0
2357
0
2396
0
2417
0
2467
0
2483
0
2417
0
2483
0
2492
0
2648
0
2648
0
2699
0
2726
0
2726
0
2699
0
2746
0
2726
0
2828
0
2883
0
2809
0
2893
0
2828
0
2893
0
3027
0
3213
0
3324
0
3070
0
3363
0
3422
0
3221
0
3422
0
3479
0
3517
0
3517
0
3675
0
3750
0
3733
0
3750
0
3835
0
4020
0
4087
0
4082
0
4098
0
4087
0
4178
0
4156
0
4178
0
4214
0
4178
0
4194
0
4214
0
4359
0
4415
0
4380
0
4505
0
4415
0
4580
0
4666
0
4690
0
4725
0
4725
0
4706
0
4745
0
4706
0
4768
0
4847
0
5084
0
5104
0
5104
0
5067
0
5204
0
5184
0
5204
0
5204
0
5239
0
5239
0
5239
0
5452
0
5414
0
5529
0
5587
0
5587
0
5740
0
5781
0
6047
0
5878
0
6047
0
5740
0
5803
0
5918
0
6047
0
6144
0
6226
0
6266
0
6245
0
6226
0
6425
0
6445
0
6366
0
6565
0
6565
0
6565
0
6605
0
6784
0
6724
0
6744
0
6964
0
7067
0
7135
0
7232
0
7082
0
7135
0
7290
0
7464
0
7599
0
7430
0
7599
0
7444
0
7619
0
7580
0
7619
0
7639
0
7599
0
7619
0
7639
0
7754
0
7754
0
7820
0
7830
0
7820
0
7851
0
7947
0
8189
0
7968
0
8166
0
8189
0
8198
0
7987
0
8209
0
8084
0
8166
0
8178
0
8198
0
8209
0
8296
0
8263
0
8323
0
8323
0
8332
0
8448
0
8504
0
8448
0
8484
0
8523
0
8523
0
8625
0
8604
0
8644
0
8644
0
8664
0
8604
0
8664
0
8644
0
8664
0
8780
0
8858
0
8780
0
8799
0
8839
0
8858
0
9017
0
8993
0
9017
0
9185
0
9147
0
9114
0
9205
0
9128
0
9205
0
9365
0
9398
0
9418
0
9398
0
9418
0
9538
0
9553
0
9497
0
9573
0
9592
0
9669
0
9689
0
9689
0
9729
0
9883
0
9846
0
9863
0
9922
0
9943
0
9943
0
9943
0
10057
0
10057
0
10065
0
10065
0
10251
0
10265
0
10273
0
10251
0
10273
0
10284
0
10284
0
10284
0
10427
0
10389
0
10605
0
10656
0
10543
0
10640
0
10605
0
10640
0
10543
0
10623
0
10640
0
10623
0
10656
0
10698
0
10698
0
10928
0
10908
0
10946
0
11004
0
11054
0
11054
0
11071
0
11084
0
11062
0
11084
0
11084
0
11333
0
11275
0
11275
0
11352
0
11450
0
11430
0
11450
0
11430
0
11450
0
11643
0
11684
0
11664
0
11643
0
11664
0
11684
0
11710
0
11749
0
11766
0
11805
0
11783
0
11829
0
12052
0
12042
0
12061
0
12163
0
12182
0
12202
0
12202
0
12301
0
12360
0
12301
0
12360
0
12360
0
12397
0
12495
0
12544
0
12495
0
12514
0
12544
0
12649
1
12689
0
12689
0
12707
0
12707
0
12745
0
12823
0
12881
0
13018
0
13035
0
13035
0
13055
0
13075
0
13095
0
13095
0
13191
0
13171
0
13230
0
13230
0
13384
0
13367
0
13384
0
13403
0
13442
0
13423
0
13442
0
13520
0
13581
0
13581
0
13561
0
13581
0
13581
0
13720
0
13740
0
13740
0
13924
0
13924
0
14072
0
14129
0
14197
0
14256
0
14410
0
14410
0
14468
0
14468
0
14468
0
14544
0
14564
0
14603
0
14720
0
14757
0
14815
0
14757
0
14741
0
14777
0
14777
0
14799
0
14815
0
14799
0
14815
0
14896
0
14896
0
14932
0
15097
0
15109
0
15167
0
15149
0
15167
0
15252
0
15269
0
15252
0
15285
0
15269
0
15285
0
15302
0
15302
0
15419
0
15460
0
15499
0
15499
0
15499
0
15582
0
15624
0
15624
0
15819
0
15819
0
15918
0
16092
0
16131
0
16209
0
16232
0
16267
0
16286
0
16512
0
16442
0
16442
0
16576
0
16512
0
16520
0
16558
0
16576
0
16636
0
16620
0
16620
0
16636
0
16813
0
16847
0
16847
0
16937
0
16905
0
16937
0
16964
0
17138
0
17278
0
17179
0
17278
0
17298
0
17539
0
17599
0
17619
0
17658
0
17679
0
17931
0
17893
0
17931
0
17949
0
18221
0
18280
0
18280
0
18181
0
18667
0
18667
0
18650
0
18684
0
18724
0
18820
0
18878
0
18899
0
18899
0
19038
0
19038
0
19100
0
19081
0
19119
0
19184
0
19247
0
19247
0
19377
0
19417
0
19575
0
19438
0
19756
0
19807
0
19598
0
19517
0
19575
0
19756
0
19788
0
19827
0
19846
0
19866
0
19885
0
19907
0
19924
0
19223
0
19417
0
19398
0
20194
0
20252
0
20287
0
19598
0
20287
0
19866
0
19924
0
20100
0
20175
0
20448
0
20561
0
20542
0
20510
0
20621
0
20621
0
20621
0
20797
0
20938
0
20916
0
20938
0
20999
0
20938
0
21166
0
21166
0
21257
0
21181
0
21216
0
21257
0
21316
0
21530
0
21567
0
21587
0
21625
0
21625
0
21664
0
21883
0
21917
0
21981
0
21883
0
22023
0
22023
0
22167
0
22342
0
22167
0
22386
0
22386
0
22516
0
22496
0
22516
0
22696
0
22795
0
22855
0
22855
0
23015
0
23037
0
23037
0
23055
0
23055
0
23192
0
23211
0
23309
0
23309
0
23289
0
23367
0
23521
0
23599
0
23638
0
23754
0
23719
0
23754
0
23870
0
23928
0
23947
0
