-0.75613403 4.0989075 9.367905
-0.75613403 4.0989075 9.367905
-0.75613403 4.0989075 9.367905
-0.75613403 4.0989075 9.367905
-0.59820557 3.9553375 9.332016
-0.63648987 3.9888306 9.188446
-0.68434143 4.022339 9.437286
-0.66760254 4.003189 9.209976
-0.67477417 4.0821533 9.312866
-0.67477417 4.0821533 9.312866
-0.74417114 4.0749817 9.4253235
-0.44506836 3.9433746 9.133408
-0.4905243 4.031906 9.107086
-0.67237854 4.094116 9.339188
-0.62213135 4.0462646 9.317657
-0.5742798 4.015152 9.396622
-0.7417755 4.0797577 9.28894
-0.7417755 4.0797577 9.28894
-0.73220825 4.065399 9.219543
-0.447464 3.9457703 9.128616
-0.447464 3.9457703 9.128616
-0.447464 3.9457703 9.128616
-0.51924133 3.9768677 9.310471
-0.447464 3.9457703 9.128616
-0.4905243 4.0821533 9.044876
-0.64845276 4.204193 9.427719
-0.64845276 4.204193 9.427719
-0.5694885 4.051056 8.817551
-0.6006012 4.055832 8.884552
-0.5288086 4.067795 8.927628
-0.5048828 4.0797577 8.98027
-0.5048828 4.0797577 8.98027
0.18424988 4.5750732 9.166901
-0.20100403 4.4267273 9.43251
0.08135986 4.697113 9.12384
-0.20100403 4.4267273 9.43251
-0.55513 4.3788605 9.710068
-0.0382843 4.742569 9.114258
-0.55513 4.3788605 9.710068
-0.55513 4.3788605 9.710068
-0.37088013 4.9698944 8.396408
-0.2679901 4.857437 8.712265
-0.5694885 4.955536 8.463409
-0.5694885 4.955536 8.463409
-0.37088013 4.9698944 8.396408
-0.2679901 4.857437 8.712265
-0.35891724 4.6205444 8.788834
-0.4019928 4.606186 8.8701935
-0.35891724 4.6205444 8.788834
-0.3900299 5.2259216 8.903687
-0.12921143 5.371887 8.740982
-0.9403839 4.1563263 10.045074
-0.928421 3.4863434 10.351349
-0.928421 3.4863434 10.351349
-0.928421 3.4863434 10.351349
-0.6699829 3.8907318 8.547165
-0.8901367 3.7136536 8.810379
-0.8901367 3.7136536 8.810379
-1.105484 4.0486603 9.504288
-1.0935211 4.204193 9.054443
-0.6699829 3.8907318 8.547165
-0.6915283 3.7734833 8.568695
-1.0576324 3.7998047 9.154938
-1.0695953 3.883545 9.757935
-1.0935211 4.204193 9.054443
-0.624527 3.8907318 8.561523
-1.0935211 4.204193 9.054443
-0.65563965 3.8811646 8.664413
-0.6699829 3.8907318 8.547165
-0.76091003 3.8811646 8.592621
-1.0576324 3.7998047 9.154938
-1.0695953 3.883545 9.757935
-1.105484 4.0486603 9.504288
-1.0935211 4.204193 9.054443
-0.32063293 3.9457703 7.963318
-0.32063293 3.9457703 7.963318
-0.32063293 3.9457703 7.963318
-0.32063293 3.9457703 7.963318
-0.46420288 4.113266 9.059235
-0.31825256 4.067795 8.248062
-0.31825256 4.067795 8.248062
-0.46420288 4.113266 9.059235
-0.29193115 3.8285217 9.667007
-0.5048828 3.9768677 9.865616
-0.5168457 3.969696 9.875183
-0.41635132 3.8883362 9.580856
-0.29193115 3.8285217 9.667007
-0.30867004 3.8356934 9.84407
-0.30867004 3.8356934 9.84407
-0.30867004 3.8356934 9.84407
-0.30867004 3.8356934 9.84407
-0.9403839 3.6442719 9.98764
-1.2275238 3.830902 9.128616
-0.9403839 3.6442719 9.98764
-0.6077728 3.5461578 9.533005
-1.0648041 3.603592 9.592819
-0.46420288 3.6873474 9.131012
-1.2275238 3.830902 9.128616
-0.6077728 3.5461578 9.533005
-0.74894714 3.448059 9.57608
-1.0648041 3.603592 9.592819
-1.2275238 3.830902 9.128616
-1.2897339 4.0007935 8.752945
-1.1006927 4.022339 8.611771
-1.2897339 4.0007935 8.752945
-1.1006927 4.022339 8.611771
-1.1006927 4.022339 8.611771
-0.98583984 3.5772705 9.662216
-0.98583984 3.5772705 9.662216
-1.1940155 3.5844421 9.875183
-1.2681885 3.6131592 9.915863
-1.3423767 3.6969147 9.796219
-1.3591309 3.8883362 9.116653
-1.2203369 3.9601288 8.865402
-1.2203369 3.9601288 8.865402
-1.2203369 3.9601288 8.865402
-1.2681885 3.6131592 9.915863
-1.3423767 3.6969147 9.796219
-1.3997955 3.7543335 9.43251
-1.3591309 3.8883362 9.116653
-1.2203369 3.9601288 8.865402
-1.3543396 3.9050903 9.640686
-1.3543396 3.9050903 9.640686
-1.2681885 4.0079803 9.667007
-0.64367676 4.165909 9.157333
-0.6053772 4.1611176 9.2482605
-0.6053772 4.1611176 9.2482605
-0.13160706 4.823929 8.350952
-0.13160706 4.823929 8.350952
-0.13160706 4.823929 8.350952
-0.27278137 4.9172516 8.463409
-0.43788147 4.692322 9.133408
-0.2871399 4.8263245 8.611771
-0.25125122 4.8095703 8.827118
-0.2871399 4.8263245 8.611771
-0.34217834 4.754532 8.963516
-0.21296692 4.72583 8.776871
-0.34217834 4.754532 8.963516
-0.3637085 4.6612244 9.078369
-0.43788147 4.692322 9.133408
-0.3637085 4.6612244 9.078369
0.08135986 5.32164 8.4179535
0.08135986 5.32164 8.4179535
-0.80158997 4.594223 8.956329
-1.2251282 4.4650116 9.51387
-0.80158997 4.594223 8.956329
-1.0049896 4.8071747 8.987442
-1.0049896 4.8071747 8.987442
-1.2873383 4.532013 9.671783
-0.47616577 5.338394 8.116455
-0.42114258 5.391037 8.456238
-0.47616577 5.338394 8.116455
-0.42114258 5.391037 8.456238
-0.42114258 5.391037 8.456238
-0.42114258 5.391037 8.456238
-0.4355011 5.345566 8.506485
-0.4355011 5.345566 8.506485
-0.825531 5.395813 7.905884
-0.6125641 5.309677 8.274384
-0.7393799 5.6446686 8.537598
-0.62931824 5.647064 8.879761
-0.83987427 5.6063843 8.303101
-0.7393799 5.6446686 8.537598
-0.5790558 5.6661987 9.157333
-0.62931824 5.647064 8.879761
-0.5790558 5.6661987 9.157333
-0.7393799 5.6446686 8.537598
-0.62931824 5.647064 8.879761
-0.5790558 5.6661987 9.157333
-0.31825256 5.883957 9.267395
-0.31825256 5.883957 9.267395
-0.30867004 5.9557343 9.341583
-0.30867004 5.9557343 9.341583
-0.31825256 5.883957 9.267395
-0.33259583 4.094116 10.164719
-0.33259583 4.094116 10.164719
-0.110076904 4.055832 9.095123
-0.110076904 4.055832 9.095123
0.8805542 4.441086 6.776474
1.2849426 4.58226 6.972687
0.18902588 4.6588287 8.5902405
0.18902588 4.6588287 8.5902405
0.34217834 4.240082 7.630707
0.8805542 4.441086 6.776474
1.2849426 4.58226 6.972687
1.0169525 4.709076 7.7072754
0.18902588 4.6588287 8.5902405
-0.78245544 4.175476 9.293716
-1.4715881 3.665802 11.006989
-1.4715881 3.665802 11.006989
-0.624527 3.6490479 9.623932
-0.624527 3.6490479 9.623932
-0.7992096 5.108673 9.291336
-0.37088013 5.046463 9.188446
-0.3900299 4.89093 9.150162
-0.39482117 5.046463 9.334396
-0.7992096 5.108673 9.291336
-0.6388855 5.2546387 8.664413
-0.41635132 4.9746857 9.272186
-0.39482117 5.046463 9.334396
-0.6077728 5.027313 9.427719
-0.6388855 5.2546387 8.664413
0.22253418 6.3146667 7.4895325
0.22253418 6.3146667 7.4895325
0.22253418 6.3146667 7.4895325
0.06460571 5.883957 8.238495
0.06460571 5.883957 8.238495
0.06700134 3.8596191 8.819946
-0.088531494 3.9146576 8.8007965
-0.33738708 4.2544403 8.547165
-0.33738708 4.2544403 8.547165
-0.72024536 4.158722 9.332016
-0.8805542 4.565506 8.461029
-0.72024536 4.158722 9.332016
-0.7034912 3.8428802 10.054642
-0.7154541 3.6825562 10.557129
-0.48812866 4.6540375 9.255432
-0.5790558 4.9004974 9.320038
-0.6460571 4.984253 9.116653
-0.77526855 5.0081787 9.04248
-0.48812866 4.6540375 9.255432
-0.55992126 4.771286 9.334396
-0.77526855 5.0081787 9.04248
-0.77526855 5.0081787 9.04248
-0.77526855 5.0081787 9.04248
-0.4905243 5.194824 8.764908
-0.4905243 5.194824 8.764908
0.75852966 4.6660004 7.819748
0.63648987 4.62294 8.408386
0.75852966 4.6660004 7.819748
0.7154541 3.9720917 9.7986145
0.7992096 3.8763733 9.652649
0.8901367 3.7328033 9.348755
0.8901367 3.7328033 9.348755
0.7992096 3.8763733 9.652649
0.93559265 3.7208405 9.365509
1.0265198 3.6442719 9.32962
0.8901367 3.7328033 9.348755
0.5407715 4.5559387 8.547165
0.5407715 4.5559387 8.547165
0.3900299 4.778473 8.662018
0.3900299 4.778473 8.662018
0.20100403 4.467407 9.233902
0.15074158 4.4267273 9.209976
0.20100403 4.467407 9.233902
0.21774292 4.4291077 9.087936
0.15074158 4.4267273 9.209976
0.20100403 4.467407 9.233902
0.21534729 4.4291077 9.004196
0.41635132 4.450653 9.133408
0.28953552 4.5272217 8.915665
0.2871399 4.4697876 9.023331
0.5694885 4.3788605 9.092728
0.15074158 4.4267273 9.209976
0.5694885 4.3788605 9.092728
0.447464 4.3334045 9.446869
0.21534729 4.4291077 9.004196
0.28953552 4.5272217 8.915665
0.2871399 4.4697876 9.023331
0.41635132 4.450653 9.133408
0.5694885 4.3788605 9.092728
0.447464 4.3334045 9.446869
-0.07417297 4.273575 9.377472
-0.07417297 4.273575 9.377472
-0.15074158 4.4267273 9.052048
-0.07417297 4.273575 9.377472
-0.8566284 4.718643 8.965912
-0.7920227 4.924423 8.341385
-0.39959717 4.72583 8.621338
-1.0791626 4.9100647 8.537598
-0.9834442 4.926819 8.312668
-1.0791626 4.9100647 8.537598
-0.9834442 4.926819 8.312668
-0.8661957 4.955536 8.408386
-0.7154541 5.2785645 8.037491
-0.45463562 5.190033 7.915451
-0.9834442 4.926819 8.312668
-0.7154541 5.2785645 8.037491
-0.45463562 5.190033 7.915451
-0.29431152 5.127823 8.161911
-0.20817566 5.0368958 8.542374
-0.55752563 5.0392914 8.843872
-0.20817566 5.0368958 8.542374
-0.59820557 4.587036 8.874985
-0.55274963 4.3956146 8.513657
-0.52163696 4.278366 8.181061
-0.5264282 5.1230316 8.666809
-0.095718384 4.689926 9.509079
-0.7010956 4.565506 11.191238
-0.52163696 4.278366 8.181061
0.28953552 5.637497 9.095123
0.28953552 5.637497 9.095123
0.33738708 5.75235 9.059235
0.19381714 5.0345 10.226929
-0.026321411 3.7926178 10.858627
0.0023956299 4.003189 9.377472
0.062210083 3.8476562 8.944366
0.33738708 5.75235 9.059235
0.0023956299 4.003189 9.377472
0.0023956299 4.003189 9.377472
-1.2251282 3.5700989 10.092926
-1.2251282 3.5700989 10.092926
-0.8877411 3.4719849 9.107086
-0.77049255 3.4959106 8.920441
-0.5934143 3.9936218 8.6931305
-1.0648041 4.4315033 8.884552
-0.78723145 4.297516 9.217148
-0.74417114 5.099106 8.6979065
-0.8829498 4.754532 8.822342
-0.62213135 5.103897 8.635696
-1.450058 4.2927246 10.736603
-1.450058 4.2927246 10.736603
-0.8829498 4.754532 8.822342
-0.9834442 4.3142548 10.411179
-0.74417114 5.099106 8.6979065
-0.62213135 5.103897 8.635696
-0.9834442 4.3142548 10.411179
-0.42352295 4.421936 8.9730835
-1.0959167 4.405182 9.765106
-1.450058 4.2927246 10.736603
-0.9834442 4.3142548 10.411179
-0.9834442 4.3142548 10.411179
-0.42352295 4.421936 8.9730835
-0.42352295 4.421936 8.9730835
-0.275177 4.443466 8.645264
-0.107681274 4.3142548 8.628525
-0.59820557 3.8979034 9.030518
-0.59820557 3.8979034 9.030518
-0.30389404 3.883545 8.831909
-0.39959717 4.0390778 9.008972
-0.55992126 4.170685 9.372681
-0.55992126 4.170685 9.372681
-0.098098755 4.4817505 9.382263
-0.73698425 4.37648 9.305695
0.15792847 4.220932 9.643082
-0.57188416 4.5391846 9.22673
-0.098098755 4.4817505 9.382263
0.15792847 4.220932 9.643082
-0.7417755 3.9792633 10.009171
-1.3615112 3.981659 10.341782
-0.7417755 3.9792633 10.009171
-0.7417755 3.9792633 10.009171
-1.3615112 3.981659 10.341782
-0.5048828 4.2185516 9.267395
-0.7034912 4.3334045 9.025726
-0.7034912 4.3334045 9.025726
-0.5934143 4.1324005 9.571289
-0.5934143 4.1324005 9.571289
-0.4905243 3.9433746 9.729218
-0.653244 4.0007935 9.580856
-0.7130585 4.1395874 9.174088
-0.4905243 3.9433746 9.729218
-0.653244 4.0007935 9.580856
-0.7130585 4.1395874 9.174088
-0.899704 4.1156616 9.444473
-0.7130585 4.1395874 9.174088
-0.4737854 4.3262177 8.685944
-0.4737854 4.3262177 8.685944
-0.8829498 4.3046875 9.317657
-0.8829498 4.3046875 9.317657
-0.8063812 4.0486603 9.827316
-0.8063812 4.0486603 9.827316
-0.9714813 4.584656 8.365311
-0.8063812 4.0486603 9.827316
