-0.7124697780048745 1.2108474757293555
-0.6626294152625417 1.2380402636687813
-0.6626294152625417 1.2380402636687813
-0.5431167444675723 0.9485222745161305
-1.801130033278799 3.034735880540129
-0.28779480231969923 0.8836265932922948
-0.21254216523318048 0.6706056937108754
-0.44083993903813856 1.3168580913837256
-0.8510825450749888 1.614208611075594
-1.827953370243765 3.1153663799851783
-1.3082084421632454 2.691995159553855
-1.5426145517843015 3.491880016674164
-1.0264147990251922 3.6546927206388493
-1.6193349687134544 3.3404500813494566
-1.06975831052665 2.6206830358050732
-1.3750065809310505 2.1502956170263707
-1.5683386510606645 2.62877824709765
-1.6835569140523432 2.507547634649396
-3.1184309003282946 3.2330971434892337
-4.006518427825614 3.6983504321824445
-4.676932826349033 4.028465700067569
-4.622700437009926 4.001761411236422
-4.848347481686543 4.096019212541422
