0.11212158 0.014801025 -0.07209778
0.11212158 0.014801025 -0.07209778
0.084625244 0.19561768 0.37260437
0.041870117 0.22128296 0.23149109
-0.028366089 0.13697815 0.056793213
-0.025314331 0.06550598 0.02746582
-0.041809082 0.13024902 0.061050415
-0.063186646 0.3067932 0.069610596
-0.0491333 0.47296143 0.073272705
-0.16947937 0.50717163 0.1728363
-0.37535095 0.3666687 0.280365
-0.22323608 0.039245605 0.1502533
0.16893005 -0.34620667 -0.039123535
0.24284363 -0.43234253 0.0048675537
0.06324768 -0.22831726 0.1844635
-0.09983826 0.11743164 0.3310547
-0.014923096 0.19561768 0.37138367
-0.13893127 -0.048721313 0.2375946
-0.21835327 -0.15257263 0.1820221
-0.26293945 -0.040771484 0.2522583
-0.33319092 0.24632263 0.1887207
-0.39794922 0.6134491 0.037246704
-0.38938904 0.7405243 -0.1441803
-0.40039062 0.6562195 -0.22114563
-0.48347473 0.49983215 -0.046447754
-0.51156616 0.42652893 0.21499634
-0.48713684 0.3965912 0.44224548
-0.4743042 0.5383148 0.5552521
-0.35824585 0.7246399 0.47338867
-0.04119873 0.68981934 0.3206787
0.3680725 0.31718445 0.3322754
0.61058044 -0.1409607 0.5350952
0.5531616 -0.11895752 0.48561096
0.42182922 0.42652893 0.10748291
0.3473053 0.7411194 -0.10203552
0.20191956 0.3825531 0.04273987
-0.016143799 -0.13728333 0.41841125
-0.26049805 -0.2600708 0.56503296
-0.40344238 -0.16783142 0.38604736
-0.363739 0.021530151 0.25898743
-0.1786499 0.022140503 0.16491699
0.14816284 -0.20877075 -0.009185791
0.4749756 -0.2576294 -0.15396118
0.46765137 -0.14401245 -0.1625061
0.24467468 -0.08415222 0.0549469
0.04248047 -0.05482483 0.3842163
0.027816772 0.050231934 0.57724
0.09562683 0.20417786 0.434906
-0.0039367676 0.19256592 0.18383789
-0.17008972 0.12414551 0.17773438
-0.30937195 -0.04626465 0.2681427
-0.45965576 -0.19288635 0.27424622
-0.57754517 -0.15989685 0.23822021
-0.60014343 0.0032043457 0.26387024
-0.53845215 0.12477112 0.3280182
-0.4767456 0.18096924 0.3322754
-0.43399048 0.1669159 0.2852478
-0.3136444 0.1693573 0.19972229
-0.039367676 0.16630554 0.1368103
0.30270386 0.13024902 0.12641907
0.43649292 0.030685425 0.12275696
0.3302002 -0.048110962 0.114212036
0.21658325 -0.032226562 0.08000183
0.15611267 0.047790527 0.029312134
0.09074402 0.09056091 0.018310547
0.018051147 0.091781616 0.057388306
-0.06991577 0.05267334 0.08732605
-0.14199829 -0.021224976 0.072052
-0.15666199 -0.06336975 0.021362305
-0.1798706 -0.1104126 0.0054779053
-0.22567749 -0.12385559 0.028686523
-0.30815125 -0.1763916 0.07937622
-0.46269226 -0.18310547 0.12214661
-0.57510376 -0.12261963 0.16795349
-0.48591614 -0.0945282 0.2027893
-0.2794342 -0.105529785 0.18139648
-0.13282776 -0.101257324 0.1343689
-0.09312439 -0.07498169 0.08854675
-0.107162476 -0.012054443 0.05557251
-0.11206055 0.05206299 0.061676025
-0.050979614 0.06367493 0.08732605
0.041259766 0.050231934 0.09648132
0.08035278 0.015411377 0.07571411
0.033325195 -0.0035247803 0.06777954
-0.07601929 0.012969971 0.06716919
-0.16886902 0.063064575 0.05067444
-0.18658447 0.10093689 0.029907227
-0.14932251 0.07345581 0.010971069
-0.08946228 0.0074768066 0.01586914
-0.054031372 -0.024276733 0.049453735
-0.05647278 0.012359619 0.0708313
-0.041809082 0.045959473 0.069610596
-0.015548706 0.046569824 0.061676025
-0.0039367676 0.026412964 0.040908813
-0.0131073 0.0037994385 0.0079193115
-0.027145386 0.00869751 0.003036499
-0.027145386 0.0025787354 0.018310547
-0.011886597 -0.021835327 0.02319336
-0.010040283 -0.02734375 0.013427734
-0.024093628 -0.02671814 0.006088257
-0.038757324 -0.041992188 0.009140015
-0.050354004 -0.01512146 0.0054779053
-0.041809082 0.03251648 -0.011627197
0.0009613037 0.025802612 -0.03605652
0.033325195 -0.026123047 -0.03666687
0.018051147 -0.045043945 -0.015289307
0.009490967 -0.034057617 -0.0012359619
0.01133728 -0.007797241 0.0024261475
0.060195923 0.047180176 -0.0055236816
0.109069824 0.04473877 -0.00062561035
0.15489197 0.019088745 0.0146484375
0.15060425 0.0050354004 0.018310547
0.10173035 0.019088745 0.017089844
0.05958557 0.044128418 0.006088257
0.053482056 0.015411377 -0.0073547363
0.032699585 -0.02305603 -0.0055236816
-0.0057678223 -0.010238647 -0.0018463135
-0.011260986 0.0062561035 0.0048675537
-0.002105713 -0.006576538 0.010360718
-0.026535034 -0.021835327 0.015258789
-0.061965942 -0.01083374 0.025634766
-0.06929016 -0.0035247803 0.032348633
-0.04058838 -0.011459351 0.036026
-0.018600464 -0.016952515 0.02746582
-0.010650635 -0.009613037 0.015258789
0.013153076 -0.00045776367 0.0146484375
0.044311523 -0.0047302246 0.009140015
0.037597656 -0.013900757 0.013427734
-0.011886597 0.0013580322 0.03112793
-0.03387451 0.02519226 0.032974243
-0.0014953613 0.011749268 0.02319336
0.01133728 -0.014511108 0.018310547
-0.018600464 -0.009017944 0.021362305
-0.054641724 0.0001373291 0.025634766
-0.07662964 -0.004119873 0.01953125
-0.09861755 -0.01512146 0.020141602
-0.1322174 0.0032043457 0.03968811
-0.14993286 -0.007171631 0.045791626
-0.129776 -0.023666382 0.03907776
-0.09005737 -0.021224976 0.040298462
-0.07296753 -0.04626465 0.015258789
-0.063186646 -0.029159546 -0.025680542
-0.0662384 -0.043823242 -0.024459839
-0.094955444 -0.0627594 -0.017120361
-0.1322174 -0.03955078 -0.008575439
-0.1456604 -0.01939392 0.011581421
-0.11206055 -0.01512146 0.024414062
-0.061965942 -0.007797241 0.026855469
-0.035705566 -0.006576538 0.024414062
-0.016143799 -0.0047302246 0.022583008
0.005844116 0.004425049 0.011581421
0.01927185 0.00869751 0.0079193115
0.041259766 0.009918213 0.009140015
0.05958557 0.0037994385 0.010971069
0.05470276 -0.001083374 0.015258789
0.019882202 0.0025787354 0.00730896
-0.021652222 0.009307861 -0.019561768
-0.038146973 0.011749268 -0.0287323
-0.015548706 0.014801025 -0.0055236816
0.041259766 0.02458191 0.021362305
0.10050964 0.04168701 0.03541565
0.1658783 0.055114746 0.025024414
0.19947815 0.044128418 0.0066986084
0.16160583 0.021530151 -0.0073547363
-0.03753662 -0.0047302246 -0.0073547363
-0.06869507 0.023361206 -0.012237549
0.0345459 0.045959473 -0.018951416
0.24284363 0.08505249 -0.054382324
0.5605011 0.11804199 -0.059265137
0.5012512 0.021530151 -0.039123535
0.09135437 -0.021224976 0.06716919
-0.17436218 0.04168701 0.1875
-0.023483276 0.07467651 0.16368103
0.167099 0.05267334 0.009750366
0.15548706 0.08016968 -0.14723206
0.121276855 0.12231445 -0.19915771
0.15855408 0.099105835 -0.15029907
0.2514038 0.079559326 -0.056228638
0.39312744 0.07833862 -0.035446167
0.47558594 0.056350708 -0.08859253
0.44688416 0.033737183 -0.14601135
0.3802948 0.0032043457 -0.18511963
0.40838623 -0.026123047 -0.18634033
0.59165955 -0.04626465 -0.1918335
0.82562256 -0.049942017 -0.22358704
0.90625 -0.05177307 -0.25169373
0.82928467 -0.004119873 -0.30056763
0.8066864 0.14309692 -0.3634796
0.9526825 0.26342773 -0.38243103
1.190918 0.2359314 -0.3915863
1.2996521 0.05757141 -0.38853455
1.2190094 -0.05970764 -0.3610382
1.1206665 0.012359619 -0.340271
1.1121216 0.13087463 -0.36654663
1.0840149 0.036193848 -0.469162
0.9404602 -0.19532776 -0.57974243
0.78712463 -0.241745 -0.6170044
0.72177124 -0.09941101 -0.53941345
0.6820679 0.0050354004 -0.5534668
0.14572144 -0.45066833 -0.65670776
-0.2611084 -0.24664307 -0.58096313
-0.338089 -0.0059509277 -0.5137634
-0.08580017 -0.030395508 -0.55285645
0.17932129 -0.28756714 -0.78437805
0.31004333 -0.49832153 -0.95114136
0.5336151 -0.5441284 -0.8417969
0.8604431 -0.4610443 -0.78437805
1.0534668 -0.13180542 -0.9969635
1.0302582 0.22006226 -1.2150421
1.038208 0.1351471 -1.1594543
1.3448639 -0.0786438 -1.0543823
1.7474213 -0.21914673 -0.76727295
1.7840729 0.083221436 -0.25535583
1.3631897 0.32452393 0.04763794
0.801178 0.2689209 0.17224121
0.30882263 0.16142273 0.12275696
-0.079071045 -0.09819031 -0.14723206
-0.24339294 -0.4372406 -0.43984985
-0.25927734 -0.7536621 -0.6145477
-0.2892151 -1.070694 -0.6524353
-0.21835327 -1.3046722 -0.664032
-0.021652222 -1.2075348 -0.8008728
-0.07723999 -0.7536621 -1.0867615
0.81095886 -0.09513855 -0.75138855
1.4065552 -0.0798645 -0.93525696
-0.9092407 -0.5697937 -0.49360657
-0.3136444 -0.4451599 0.10870361
0.3644104 -0.08720398 0.17712402
0.5873718 -0.6589813 -0.7458954
0.10173035 -1.4017944 -1.5094757
0.046142578 -0.82818604 -1.5766754
-0.046081543 -0.21670532 -1.5290222
-0.15298462 -0.12690735 -1.4453278
-0.24095154 -0.2796173 -1.440445
-0.20491028 -0.50442505 -1.4105225
0.03881836 -0.7512207 -1.3683624
0.27644348 -0.9784546 -1.3689728
0.48414612 -1.177597 -1.3665314
0.62220764 -1.0926971 -1.3616486
0.52690125 -0.9094391 -1.3915863
0.27644348 -0.67118835 -1.4526672
-0.08639526 -0.60827637 -1.5656738
-0.3441925 -0.8312378 -1.6676941
-0.25012207 -1.0877991 -1.7397766
0.13900757 -1.1073608 -1.784378
0.57211304 -0.7133484 -1.8051453
0.6680145 -0.71517944 -1.7666473
0.5214081 -0.7328949 -1.7507629
0.36868286 -0.604599 -1.6994629
0.3106537 -0.4732666 -1.5839996
0.34059143 -0.39996338 -1.482605
0.3802948 -0.44700623 -1.4624329
0.3827362 -0.5404663 -1.4202881
0.3839569 -0.5630646 -1.350647
0.29415894 -0.4427185 -1.4123535
0.08647156 -0.34620667 -1.3714294
-0.049743652 -0.5539093 -1.2425232
0.117004395 -0.7768707 -1.0751495
0.48475647 -0.7023468 -0.91326904
0.7089386 -0.64920044 -0.782547
0.45910645 -1.2142487 -0.76116943
-0.027755737 -1.3504791 -0.9035034
-0.23851013 -0.4042511 -1.160675
-0.042419434 0.45463562 -1.1667786
0.22940063 0.4503479 -0.91448975
0.17810059 -0.38407898 -0.6732025
-0.13589478 -1.1458435 -0.521698
-0.29959106 -1.0371094 -0.6493683
-0.245224 -0.44883728 -0.8931122
-0.13893127 -0.12261963 -0.9541931
-0.1285553 -0.26435852 -0.9016571
-0.20368958 -0.568573 -0.8020935
-0.24645996 -0.7787018 -0.7813263
-0.195755 -0.7420502 -0.8436279
-0.09373474 -0.516037 -0.8900604
-0.04547119 -0.3101654 -0.8473053
-0.017990112 -0.3101654 -0.7593231
0.05958557 -0.4726715 -0.7220764
0.24284363 -0.5013733 -0.782547
0.3937378 -0.43417358 -0.8833313
0.35646057 -0.40057373 -0.92793274
0.19703674 -0.4201355 -0.8900604
0.05102539 -0.38102722 -0.7092438
0.061416626 -0.34498596 -0.63838196
0.07913208 -0.3419342 -0.5840149
0.121902466 -0.41523743 -0.49360657
0.11273193 -0.46594238 -0.39768982
0.032699585 -0.41523743 -0.3475952
-0.014923096 -0.39385986 -0.3231659
0.04248047 -0.5123596 -0.25291443
0.13471985 -0.7096863 -0.19366455
0.21231079 -0.7524414 -0.19732666
0.29660034 -0.5642853 -0.24803162
0.2526245 -0.59239197 -0.31217957
-0.046691895 -0.66752625 -0.37265015
-0.5812073 -0.6999054 -0.42762756
-1.0301971 -0.46289062 -0.46794128
-0.93551636 0.04473877 -0.6603699
-0.4755249 0.5346527 -0.74772644
0.025375366 0.70936584 -0.560791
0.32470703 0.12965393 -0.45083618
0.31126404 -0.80192566 -0.36410522
0.121902466 -1.0193787 -0.340271
-0.030197144 -0.5777283 -0.5388031
-0.07418823 -0.037109375 -0.7727661
0.025375366 0.2011261 -0.848526
0.2147522 0.12414551 -0.80148315
0.3521881 0.006866455 -0.72940063
0.30332947 -0.05848694 -0.6628113
0.17076111 -0.016952515 -0.574234
0.14144897 0.035568237 -0.5094757
0.24223328 0.027023315 -0.4850464
0.37295532 0.06428528 -0.4746704
0.39006042 0.066726685 -0.41479492
0.3277588 0.06550598 -0.30117798
0.25628662 0.08016968 -0.21565247
0.18054199 0.030685425 -0.15335083
0.16343689 -0.096969604 -0.123413086
0.24528503 -0.11651611 -0.15029907
0.37968445 0.13331604 -0.12953186
0.3937378 0.095443726 -0.091033936
0.037597656 0.04840088 -0.07455444
-0.48408508 -0.14891052 -0.10386658
-0.80784607 -0.4543457 -0.13380432
-0.47491455 -0.1763916 -0.09347534
0.30270386 0.51083374 0.07449341
0.76208496 0.7050934 0.22355652
0.5323944 0.20722961 0.3439026
0.038208008 -0.2106018 0.3151703
-0.27149963 -0.31748962 0.1716156
-0.3222046 -0.19898987 0.101989746
-0.26782227 -0.1104126 0.11114502
-0.16642761 -0.049331665 0.13192749
-0.054031372 0.0025787354 0.081222534
-0.0082092285 -0.001083374 0.034805298
0.01133728 -0.048110962 0.003036499
0.025375366 -0.14950562 -0.035446167
0.0027770996 -0.241745 -0.078811646
-0.021652222 -0.23442078 -0.09654236
-0.035095215 -0.14891052 -0.091033936
-0.030197144 -0.081710815 -0.061706543
0.036987305 -0.052993774 -0.024459839
0.121276855 -0.05543518 -0.011627197
0.12615967 -0.15316772 -0.042785645
0.041259766 -0.29856873 -0.095321655
-0.06806946 -0.3749237 -0.09776306
-0.110839844 -0.30833435 -0.044006348
0.033325195 -0.021835327 0.037246704
0.35401917 0.29580688 0.1209259
0.14326477 -0.3382721 0.034194946
-0.42910767 -0.53863525 -0.27186584
0.1499939 0.23777771 -0.53208923
0.7407074 0.09849548 -0.22480774
0.9221344 -0.31689453 -0.042160034
0.57270813 -0.618042 -0.091033936
-0.11450195 -0.59788513 -0.26818848
-0.62579346 -0.28573608 -0.48321533
-0.516449 0.035568237 -0.64082336
0.049209595 0.27442932 -0.60050964
0.55622864 0.2677002 -0.38609314
0.6392975 -0.1421814 -0.20710754
0.35830688 -0.33215332 -0.14356995
0.05470276 -0.18922424 -0.17411804
-0.07235718 -0.040161133 -0.21260071
-0.052200317 -0.023666382 -0.2077179
0.056533813 -0.009613037 -0.1600647
0.19030762 0.066726685 -0.10813904
0.28193665 0.12721252 -0.045837402
0.28256226 0.11621094 0.03175354
0.20741272 0.12231445 0.1209259
0.20863342 0.18890381 0.17102051
0.5201874 0.33306885 0.20889282
0.2947693 -0.10369873 0.15452576
-0.24768066 -0.14950562 0.045181274
-0.6764984 -0.22770691 -0.061706543
-0.59036255 -0.16416931 -0.050720215
0.09135437 0.4637909 0.16795349
0.72543335 0.88041687 0.44407654
0.67533875 0.4644165 0.4996643
0.12005615 -0.10185242 0.40742493
-0.4046631 -0.22158813 0.24737549
-0.6783447 -0.05543518 0.20889282
-0.6813965 0.07467651 0.3334961
-0.48042297 0.11987305 0.46240234
-0.21162415 0.067337036 0.3799286
-0.010650635 0.05328369 0.15757751
0.049209595 0.10888672 0.037857056
0.007659912 0.11010742 0.07511902
-0.066848755 0.035568237 0.12763977
-0.120010376 -0.028564453 0.1197052
-0.11878967 -0.105529785 0.041519165
-0.083343506 -0.17333984 -0.034835815
-0.02104187 -0.10247803 -0.095321655
0.03942871 -0.010238647 -0.14845276
0.04675293 -0.05482483 -0.16189575
-0.015548706 -0.16111755 -0.122802734
-0.08395386 -0.18127441 -0.094696045
-0.06562805 -0.18981934 -0.094696045
0.027816772 -0.19654846 -0.111206055
0.16282654 -0.06643677 -0.18083191
0.28804016 -0.069488525 -0.28102112
0.1353302 -0.3865204 -0.32011414
-0.2745514 -0.5038147 -0.36776733
-0.74308777 -0.5148163 -0.5571289
-0.8267822 -0.22036743 -0.7110748
-0.30815125 0.24937439 -0.703125
0.39128113 0.5236664 -0.49971008
0.8378296 0.2896881 -0.28041077
0.77186584 -0.36636353 -0.16923523
0.29232788 -0.8006897 -0.21687317
-0.31791687 -0.77381897 -0.39097595
-0.76509094 -0.39141846 -0.5888977
-0.7785187 0.019088745 -0.7416229
-0.41381836 0.17668152 -0.6903076
0.030258179 0.11682129 -0.44900513
0.30088806 -0.16905212 -0.28041077
0.26911926 -0.4091339 -0.24497986
0.060806274 -0.3712616 -0.29629517
-0.10656738 -0.17149353 -0.3390503
-0.09617615 0.0037994385 -0.3720398
0.033325195 0.019088745 -0.39831543
0.12371826 -0.07925415 -0.39219666
0.12615967 -0.15072632 -0.34210205
0.097457886 -0.10797119 -0.29385376
0.053482056 -0.007797241 -0.27001953
-0.027145386 0.062454224 -0.28407288
-0.12670898 0.03312683 -0.33599854
-0.16093445 -0.065216064 -0.38365173
-0.079071045 -0.040161133 -0.392807
0.09806824 0.1717987 -0.29812622
0.12800598 -0.0023040771 -0.21626282
-0.07357788 -0.16845703 -0.20832825
-0.41015625 -0.28878784 -0.34577942
-0.53660583 -0.4066925 -0.48199463
-0.123046875 -0.07925415 -0.48016357
0.51651 0.43875122 -0.24620056
0.7920227 0.24388123 -0.037887573
0.43893433 -0.5484009 -0.08798218
-0.19268799 -1.0535889 -0.23887634
-0.58732605 -1.0083923 -0.41967773
-0.50180054 -0.4085083 -0.53208923
-0.21347046 0.10644531 -0.46549988
-0.129776 0.1217041 -0.33172607
-0.28370667 -0.089035034 -0.19122314
-0.30325317 -0.2594757 -0.07821655
-0.11450195 -0.31626892 -0.23031616
-0.007598877 -0.48854065 -0.5155945
-0.29104614 -0.51786804 -0.77337646
-0.69177246 -0.53375244 -0.8289795
-0.8041687 -0.48487854 -0.78559875
-0.62397766 -0.33459473 -0.7153473
-0.37290955 -0.10614014 -0.6854248
-0.31181335 -0.081710815 -0.7666626
-0.42422485 -0.35232544 -0.8674469
-0.36923218 -0.6901245 -0.8906708
-0.0320282 -0.7322693 -0.85523987
0.29110718 -0.48182678 -0.8576813
0.26545715 -0.34620667 -0.9432068
0.040649414 -0.4744873 -1.003067
0.033920288 -0.54351807 -1.0256653
0.19825745 -0.46228027 -1.0592651
0.26116943 -0.2625122 -1.1533356
0.13900757 -0.089035034 -1.2547455
-0.18902588 0.04168701 -1.416626
-0.04425049 -0.13728333 -1.3127747
0.16893005 -0.4451599 -1.2577972
-0.007598877 -0.88682556 -1.3298798
-0.49934387 -1.0328217 -1.3879089
-0.71559143 -0.8013153 -1.4526672
-0.45536804 -0.57162476 -1.430069
-0.0796814 -0.3749237 -1.3005524
0.06813049 -0.35354614 -1.2388611
0.030883789 -0.5050354 -1.2260284
-0.09739685 -0.6009369 -1.2290955
-0.26904297 -0.684021 -1.2162628
-0.44558716 -0.7628174 -1.2577972
-0.51768494 -0.70051575 -1.3029938
-0.44926453 -0.6162262 -1.2174835
-0.38694763 -0.49465942 -1.077591
-0.45048523 -0.3920288 -1.0433807
-0.5011902 -0.3455963 -1.0439911
-0.46820068 -0.34498596 -0.93769836
-0.38450623 -0.3614807 -0.7617798
-0.24890137 -0.43356323 -0.63594055
-0.28433228 -0.5184784 -0.6750183
-0.5659332 -0.52030945 -0.8405762
-0.6911621 -0.39508057 -0.90104675
-0.558609 -0.20509338 -0.81858826
-0.36618042 -0.020004272 -0.7086334
-0.28067017 -0.004119873 -0.7067871
-0.29899597 -0.21548462 -0.7495575
-0.3136444 -0.30955505 -0.71717834
-0.30937195 -0.30101013 -0.62249756
-0.24768066 -0.1910553 -0.5412445
-0.16764832 0.008087158 -0.4923706
-0.13282776 0.15835571 -0.42274475
-0.12548828 0.11192322 -0.36958313
-0.1126709 -0.033447266 -0.3243866
-0.17192078 -0.08476257 -0.23397827
-0.32769775 -0.07376099 -0.17655945
-0.35517883 -0.060928345 -0.1759491
-0.19880676 -0.02671814 -0.10081482
0.038208008 0.07589722 -0.03605652
0.20863342 0.08566284 -0.09776306
0.14204407 -0.062149048 -0.16067505
-0.07052612 -0.041381836 -0.18389893
-0.20796204 0.10032654 -0.20037842
-0.19880676 0.11804199 -0.16616821
-0.11694336 0.0899353 -0.06843567
-0.051589966 0.038009644 0.03907776
-0.0821228 0.042907715 0.07633972
-0.18658447 0.25793457 0.012207031
-0.063186646 0.32818604 -0.037887573
0.0009613037 0.028244019 0.08427429
0.010116577 -0.045669556 0.19789124
0.033920288 -0.041381836 0.14352417
0.06385803 0.07467651 -0.027511597
0.117004395 0.061843872 -0.1466217
0.21963501 -0.16600037 0.092819214
0.3815155 -0.43234253 0.5204315
0.45359802 -0.50320435 0.6664429
0.40901184 -0.31626892 0.5155487
0.3827362 0.09605408 0.30052185
0.35279846 0.3972168 0.2644806
0.36624146 0.31352234 0.44895935
0.5036926 0.11621094 0.6285553
0.62464905 0.15408325 0.68048096
0.58921814 0.3691101 0.6810913
0.48902893 0.48028564 0.72935486
0.45726013 0.3544464 0.8612976
0.39923096 0.06916809 0.97857666
0.24772644 -0.2081604 1.0439453
0.17199707 -0.10003662 1.0824432
0.18359375 0.37460327 1.150238
0.24835205 0.7063141 1.3157806
0.31433105 0.5810852 1.4355164
0.3766327 0.2909088 1.4715576
0.3631897 0.28175354 1.5253143
0.15611267 0.5578766 1.643219
-0.0821228 0.71791077 1.8197632
-0.11206055 0.62628174 1.9889679
0.1182251 0.52549744 2.0610504
0.4920807 0.6116333 2.0989227
0.6356354 0.7570038 2.14534
0.41145325 0.7050934 2.1636658
0.13105774 0.47601318 2.2345276
0.0021820068 0.3507843 2.312729
0.097457886 0.6537781 2.3506012
0.32165527 1.0868835 2.434906
0.48902893 0.9824219 2.4911041
0.50979614 0.4821167 2.4593353
0.5012512 0.39353943 2.3194427
0.3289795 0.6372833 2.138626
-0.030197144 0.85536194 2.1343536
-0.26538086 0.7582245 2.1875
-0.30143738 0.483963 2.0525055
-0.2440033 0.6562195 1.9119873
-0.13589478 0.89079285 1.7733307
-0.027755737 0.88041687 1.7458496
0.13227844 0.6696625 1.8301392
0.3302002 0.54626465 1.9333801
0.39678955 0.6061249 1.8967285
0.2947693 0.67637634 1.7592773
0.15670776 0.6666107 1.7543945
0.09013367 0.6470642 1.8588562
0.167099 0.5798645 2.0237885
0.26971436 0.43936157 2.1905518
0.26727295 0.39292908 2.2436981
0.25811768 0.46318054 2.2394257
0.24713135 0.5578766 2.238205
0.16893005 0.65682983 2.2125397
0.08706665 0.71791077 2.1447449
0.09013367 0.7576294 2.1099243
0.2318573 0.7906189 2.1239624
0.3961792 0.82481384 2.174057
0.47743225 0.80770874 2.1985016
0.50064087 0.8755188 2.1477814
0.44869995 0.9714203 2.0402832
0.3986206 0.8083191 2.09404
0.3289795 0.7056885 2.0427246
0.18603516 0.87368774 1.782486
0.23612976 1.01297 1.6548157
0.28134155 1.1461334 1.6939087
0.060195923 1.3856049 1.9107666
-0.12916565 0.9805908 2.1337433
-0.21530151 0.38194275 2.084259
0.020492554 0.3141327 1.8087616
0.37234497 0.7014313 1.5466919
0.39190674 0.9402771 1.3903198
0.09135437 0.84498596 1.2827911
-0.22935486 0.60246277 1.1991119
-0.3148651 0.4143219 1.1435242
-0.061965942 0.3965912 1.1801758
0.30088806 0.5309906 1.2834167
0.39801025 0.6354523 1.3383942
0.28193665 0.5951233 1.3371735
0.17747498 0.4143219 1.3353271
0.15367126 0.2896881 1.2669067
0.14204407 0.34162903 1.1655121
0.073028564 0.44363403 1.163681
0.009490967 0.49372864 1.1728363
0.052261353 0.5163269 1.1569672
0.15670776 0.5053406 1.1453552
0.17443848 0.41003418 1.0854797
0.12800598 0.29519653 0.98957825
0.10845947 0.2713623 0.901001
0.03942871 0.31962585 0.81121826
-0.079071045 0.40270996 0.7207947
-0.13526917 0.4302063 0.62184143
-0.107162476 0.4155426 0.55036926
-0.022262573 0.4308014 0.5204315
0.11578369 0.4772339 0.50393677
0.23979187 0.5047302 0.527771
0.26483154 0.47235107 0.5564728
0.16282654 0.47113037 0.5216522
0.07119751 0.5590973 0.49661255
0.17321777 0.8547516 0.56196594
0.25201416 0.7570038 0.6212311
-0.0057678223 0.2548828 0.56869507
-0.46575928 -0.1250763 0.35855103
-0.62091064 -0.21609497 0.1820221
-0.08580017 0.28053284 0.20401001
0.69000244 0.7295227 0.3805542
0.9367981 0.43875122 0.50393677
0.517746 -0.25457764 0.46728516
-0.07418823 -0.6156006 0.3304596
-0.35273743 -0.40974426 0.21621704
-0.31303406 -0.09881592 0.18078613
-0.23179626 -0.05177307 0.15635681
-0.33135986 -0.13790894 0.07633972
-0.34236145 -0.10369873 0.05923462
-0.08395386 -0.00045776367 0.1685791
0.2538452 0.043518066 0.26081848
0.36257935 -0.073150635 0.22416687
0.124938965 -0.2637329 0.041519165
-0.1615448 -0.2710724 -0.15090942
-0.20063782 -0.076812744 -0.20281982
-0.09739685 0.118652344 -0.15151978
-0.05342102 0.1876831 -0.1759491
-0.07662964 0.043518066 -0.26574707
-0.0131073 -0.13668823 -0.31950378
0.09074402 -0.29612732 -0.2944641
0.12678528 -0.3443756 -0.24375916
0.124938965 -0.24847412 -0.19732666
0.18908691 -0.12385559 -0.123413086
0.40045166 0.022140503 -0.044006348
0.53790283 -0.13362122 -0.07209778
0.27278137 -0.426239 -0.22480774
-0.53479004 -0.0059509277 -0.39709473
-0.30937195 0.3361206 -0.3451538
0.167099 0.38560486 -0.3243866
0.47558594 0.005645752 -0.29078674
0.45481873 -0.4268341 -0.24986267
0.15548706 -0.4738922 -0.2785797
-0.19085693 -0.25701904 -0.3390503
-0.39916992 -0.057266235 -0.34822083
-0.38755798 0.06550598 -0.3115692
-0.083343506 0.12843323 -0.27796936
0.29904175 0.04168701 -0.27430725
0.42060852 -0.16845703 -0.25964355
0.29293823 -0.23686218 -0.27612305
0.13349915 -0.18800354 -0.29385376
0.06629944 -0.11592102 -0.2956848
0.11212158 -0.021835327 -0.2889557
0.25079346 0.082611084 -0.24191284
0.42671204 0.06794739 -0.17533875
0.48963928 -0.109191895 -0.13807678
0.42427063 -0.23930359 -0.11975098
0.29415894 -0.15257263 -0.14051819
0.15182495 0.082611084 -0.18022156
0.09257507 0.29153442 -0.11791992
0.18603516 0.3776703 0.034194946
0.28927612 0.25976562 0.14352417
0.05836487 -0.19898987 0.10076904
-0.33992004 -0.22770691 -0.0140686035
-0.5610504 -0.15623474 -0.13502502
-0.34480286 0.17974854 0.01953125
0.21168518 0.7099762 0.37016296
0.58921814 0.738678 0.5118866
0.47192383 0.22799683 0.40864563
0.06629944 -0.241745 0.2693634
-0.2892151 -0.3761444 0.37443542
-0.53538513 -0.37187195 0.53082275
-0.62335205 -0.25030518 0.44773865
-0.43826294 -0.056655884 0.2681427
-0.058303833 0.09727478 0.22416687
0.31799316 0.122924805 0.3145752
0.5421753 0.06062317 0.35733032
0.54766846 -0.024276733 0.30174255
0.3130951 -0.1605072 0.151474
0.029663086 -0.25152588 -0.0055236816
-0.07662964 -0.18981934 -0.018951416
-0.039367676 -0.14706421 0.032974243
-0.016143799 -0.18432617 0.0146484375
-0.04486084 -0.20755005 -0.03239441
-0.0491333 -0.17944336 -0.08248901
-0.0131073 -0.15438843 -0.1270752
-0.0320282 -0.22831726 -0.11730957
-0.0980072 -0.27046204 -0.06048584
0.057754517 0.004425049 0.032348633
0.29049683 0.04168701 0.037857056
0.09623718 -0.21975708 -0.095321655
-0.4938507 -0.3455963 -0.43128967
-0.97766113 -0.16539001 -0.7220764
-0.9507904 0.26220703 -0.73428345
-0.49201965 0.47784424 -0.5045929
-0.002105713 0.21089172 -0.20466614
0.3326416 -0.12080383 -0.023239136
0.36746216 -0.24847412 -0.05255127
-0.009429932 -0.28327942 -0.18756104
-0.48042297 -0.1568451 -0.33294678
-0.6624603 0.06062317 -0.4209137
-0.4779663 0.14675903 -0.40135193
-0.031433105 0.09605408 -0.326828
0.3118744 -0.081085205 -0.28956604
0.34425354 -0.20999146 -0.26513672
0.14204407 -0.15989685 -0.28224182
-0.10900879 -0.05055237 -0.29263306
-0.17376709 0.034347534 -0.27796936
-0.02897644 0.08566284 -0.26879883
0.23062134 0.06916809 -0.27980042
0.47865295 0.011138916 -0.25413513
0.58799744 -0.05482483 -0.18511963
0.49513245 -0.10675049 -0.13624573
0.30638123 -0.09819031 -0.14173889
0.17871094 -0.013900757 -0.17778015
0.28622437 0.16874695 -0.21687317
0.45359802 0.17607117 -0.20159912
0.1817627 -0.31201172 -0.1771698
-0.37779236 -0.4268341 -0.2431488
-0.4901886 -0.049942017 -0.30361938
0.10845947 0.4992218 -0.23153687
0.6380768 0.44485474 -0.15640259
0.48475647 -0.05909729 -0.1918335
-0.09190369 -0.2735138 -0.26635742
-0.4706421 -0.15316772 -0.24742126
-0.38450623 -0.09513855 -0.10020447
-0.04119873 -0.14891052 0.046417236
0.14448547 -0.28146362 0.042129517
0.018661499 -0.39263916 -0.07333374
-0.08580017 -0.30589294 -0.17411804
0.044311523 -0.32299805 -0.12036133
0.16343689 -0.33888245 -0.08554077
0.22512817 -0.32788086 -0.145401
0.19581604 -0.34864807 -0.20648193
0.15733337 -0.3052826 -0.21810913
0.14511108 -0.24359131 -0.23336792
0.05836487 -0.3248291 -0.27246094
-0.08395386 -0.4250183 -0.33599854
-0.17070007 -0.4207306 -0.3952484
-0.08517456 -0.34681702 -0.458786
0.18908691 -0.21670532 -0.45939636
0.5189667 -0.03161621 -0.33599854
0.67167664 -0.097595215 -0.3085022
0.41755676 -0.36575317 -0.46549988
-0.16947937 -0.47021484 -0.6982422
-0.829834 -0.321167 -0.8857727
-1.2623291 -0.11592102 -0.91326904
-1.1517639 0.042297363 -0.78681946
-0.43826294 0.19378662 -0.5137634
0.37602234 0.03741455 -0.23887634
0.80973816 -0.37797546 -0.16923523
0.68756104 -0.64126587 -0.27062988
0.17321777 -0.5612335 -0.4441223
-0.31669617 -0.26863098 -0.58218384
-0.51156616 -0.052383423 -0.6047821
-0.4376526 -0.024276733 -0.5546875
-0.18109131 -0.12261963 -0.48809814
0.02720642 -0.34925842 -0.4862671
0.05102539 -0.48976135 -0.5302429
-0.00088500977 -0.39813232 -0.5131531
-0.012481689 -0.23258972 -0.44839478
0.12983704 -0.15867615 -0.46977234
0.3314209 -0.2637329 -0.55285645
0.43159485 -0.36209106 -0.6047821
0.43159485 -0.36087036 -0.6255493
0.3961792 -0.3260498 -0.6414337
0.35401917 -0.28205872 -0.6560974
0.28988647 -0.2594757 -0.6939697
0.26239014 -0.22892761 -0.7446747
0.33509827 -0.121398926 -0.76116943
0.47865295 0.038635254 -0.6854248
0.46276855 -0.12385559 -0.60783386
0.014373779 -0.57284546 -0.6970215
-0.5323334 -0.6272125 -0.8601227
-0.7229309 -0.5355835 -0.84484863
-0.44377136 -0.52519226 -0.6499939
0.048583984 -0.4195099 -0.45022583
0.40838623 -0.23442078 -0.42152405
0.4157257 -0.28024292 -0.53086853
0.1512146 -0.49893188 -0.58950806
-0.23179626 -0.6473694 -0.5284271
-0.4962921 -0.57284546 -0.41419983
-0.45965576 -0.3932495 -0.3060608
-0.26966858 -0.3236084 -0.28102112
-0.120010376 -0.36514282 -0.31584167
-0.054641724 -0.4402771 -0.3256073
-0.06135559 -0.41523743 -0.340271
-0.103500366 -0.3028412 -0.36776733
-0.15115356 -0.25091553 -0.36714172
-0.17253113 -0.21731567 -0.40686035
-0.1639862 -0.14891052 -0.46244812
-0.14199829 -0.07620239 -0.49299622
-0.1615448 -0.13362122 -0.50520325
-0.24583435 -0.3382721 -0.53819275
-0.22750854 -0.54107666 -0.58340454
0.041259766 -0.49954224 -0.56874084
0.24589539 -0.2930603 -0.5033722
0.20741272 -0.19960022 -0.5290222
0.06385803 -0.23014832 -0.62005615
-0.075408936 -0.3382721 -0.56996155
-0.025314331 -0.4237976 -0.4416809
0.167099 -0.3394928 -0.379364
0.24650574 -0.16905212 -0.43374634
0.050430298 -0.16477966 -0.5339203
-0.26171875 -0.33644104 -0.63594055
-0.46391296 -0.4256134 -0.6750183
-0.39672852 -0.31567383 -0.60661316
-0.16703796 -0.14523315 -0.46305847
0.060806274 -0.065216064 -0.3561554
0.1683197 -0.10675049 -0.35920715
0.08647156 -0.29916382 -0.39219666
-0.10412598 -0.4384613 -0.41296387
-0.22262573 -0.3272705 -0.40930176
-0.16886902 -0.18981934 -0.34455872
-0.08639526 -0.21304321 -0.29934692
-0.15176392 -0.26618958 -0.3427124
-0.39549255 -0.2765808 -0.45083618
-0.6276398 -0.14401245 -0.5058136
-0.65023804 0.0874939 -0.44229126
-0.42970276 0.17852783 -0.25842285
-0.16520691 0.019683838 -0.07148743
-0.038146973 -0.23808289 -0.070877075
-0.15422058 -0.16477966 -0.08003235
-0.24827576 -0.09881592 -0.10203552
-0.23423767 -0.089035034 -0.12585449
-0.20002747 -0.089645386 -0.11975098
-0.2281189 -0.015731812 -0.10935974
-0.31791687 -0.024276733 -0.09410095
-0.39367676 -0.13056946 -0.06782532
-0.38450623 -0.1409607 -0.034835815
-0.30387878 -0.032226562 0.03907776
-0.13589478 0.11804199 0.14474487
0.037597656 0.107040405 0.19239807
0.011932373 -0.04689026 0.1197052
-0.18475342 -0.036499023 -0.008575439
-0.37535095 0.063064575 -0.08248901
-0.43948364 0.075286865 -0.07699585
-0.38572693 0.018463135 -0.02017212
-0.15422058 0.012969971 0.03907776
0.08647156 -0.021835327 0.07815552
0.09135437 -0.0945282 0.08488464
-0.05342102 -0.08293152 0.061050415
-0.12060547 0.0013580322 0.020751953
-0.06806946 0.03678894 0.017089844
0.023544312 -0.015731812 0.040908813
0.046142578 -0.038330078 0.045181274
-0.038146973 -0.011459351 0.009140015
-0.10838318 -0.005355835 -0.02078247
-0.1138916 -0.1275177 -0.030563354
-0.12060547 -0.3089447 -0.07270813
-0.06440735 -0.08781433 0.028076172
-0.006378174 0.16752625 0.1697998
0.024154663 0.14431763 0.1856842
-0.049743652 0.0074768066 0.09466553
-0.20735168 -0.018173218 -0.025680542
-0.35702515 0.04901123 -0.053771973
-0.3625183 0.0728302 -0.015289307
-0.18414307 0.028244019 0.016479492
0.018051147 -0.043823242 0.025024414
0.06629944 -0.07498169 0.03112793
0.00033569336 -0.020614624 0.03541565
-0.0821228 -0.0023040771 0.00730896
-0.12794495 -0.013290405 -0.05255127
-0.13711548 -0.018173218 -0.051330566
-0.115722656 -0.035888672 -0.007965088
-0.0662384 -0.029785156 -0.0042877197
0.02293396 -0.009017944 -0.0140686035
0.06324768 -0.02671814 -0.0128479
0.014373779 -0.04689026 -0.018341064
-0.063186646 -0.04750061 -0.039718628
-0.10412598 -0.03527832 -0.06477356
-0.12794495 -0.03527832 -0.08003235
-0.18658447 -0.037109375 -0.07333374
-0.25927734 -0.032836914 -0.07455444
-0.28126526 -0.021224976 -0.04034424
-0.23057556 -0.049331665 0.006088257
-0.1774292 -0.093307495 -0.008575439
-0.1798706 -0.085372925 -0.042160034
-0.25683594 -0.032836914 -0.06538391
-0.31732178 0.05757141 -0.075149536
-0.19758606 0.11254883 -0.050109863
0.044311523 0.035568237 -0.028121948
0.20069885 -0.068878174 -0.009796143
0.15367126 -0.0957489 -0.023834229
-0.07357788 -0.060928345 -0.070877075
-0.30081177 -0.022445679 -0.10081482
-0.39549255 -0.0016784668 -0.07270813
-0.3564148 0.039855957 -0.007965088
-0.26049805 0.033737183 0.026245117
-0.23117065 -0.041381836 -0.006134033
-0.28614807 -0.100631714 -0.050109863
-0.33868408 -0.07925415 -0.067214966
-0.33992004 -0.04260254 -0.05316162
-0.35334778 -0.016952515 -0.04156494
-0.41444397 0.0001373291 -0.03605652
-0.45658875 0.027633667 -0.030563354
-0.40956116 0.02519226 0.016479492
-0.27088928 -0.10185242 0.05860901
-0.10044861 -0.19837952 0.01586914
-0.13282776 -0.1934967 -0.06904602
-0.11450195 -0.10369873 -0.038497925
-0.0796814 -0.07376099 -0.0012359619
-0.0821228 -0.11958313 -0.022613525
-0.12794495 -0.1104126 -0.10386658
-0.23667908 -0.006576538 -0.075149536
-0.21469116 -0.04321289 -0.056228638
-0.13589478 -0.08598328 -0.070877075
-0.035095215 -0.08049011 -0.08003235
0.025985718 -0.041381836 -0.06048584
-0.030197144 -0.0047302246 -0.04522705
-0.28492737 -0.01512146 -0.070877075
-0.2757721 -0.03466797 -0.086761475
-0.15298462 0.018463135 -0.05255127
-0.06135559 0.014190674 -0.038497925
-0.046081543 -0.07070923 -0.08003235
-0.030197144 -0.04750061 -0.10386658
-0.035705566 0.0062561035 -0.07455444
-0.029586792 0.042297363 -0.037887573
0.008285522 0.08444214 -0.009796143
0.032104492 0.0899353 -1.5258789e-05
0.029663086 0.059402466 0.0054779053
0.018051147 0.04046631 0.009750366
0.01071167 0.033737183 0.0048675537
-0.002105713 0.036193848 -0.009796143
-0.02470398 0.030075073 -0.0067443848
-0.025924683 -0.005355835 0.026855469
0.0039978027 -0.032226562 0.042129517
0.028427124 -0.0059509277 0.018920898
-0.012481689 0.03741455 -0.011016846
-0.11328125 0.055740356 -0.033615112
-0.18719482 0.04473877 -0.04522705
-0.15422058 0.017868042 -0.039718628
-0.022262573 0.012359619 -0.018341064
0.09867859 0.0019836426 -0.009185791
0.15060425 -0.0035247803 0.020751953
0.1182251 0.00869751 0.040908813
0.028427124 0.021530151 0.045791626
-0.038146973 0.045959473 0.046417236
-0.03265381 0.060012817 0.046417236
0.030883789 0.1852417 0.017700195
0.09806824 0.34344482 -0.023239136
0.13166809 0.3862152 0.053741455
0.10050964 0.3055725 0.2840271
0.43527222 0.059402466 0.32434082
0.543396 -0.12261963 0.138031
0.33447266 0.32574463 -0.02078247
0.30514526 0.37277222 -0.034835815
0.57577515 -0.20631409 0.14291382
0.9838257 -0.5636749 0.024414062
0.93374634 -0.57162476 0.089157104
0.40838623 -0.6388092 0.21011353
0.044921875 -0.4353943 0.1038208
0.09806824 0.11192322 0.003036499
0.2025299 0.4197998 0.08244324
0.33325195 0.35810852 0.19544983
0.55378723 0.13087463 0.24615479
0.7468109 0.055740356 0.26509094
0.7999573 0.2206726 0.3170166
0.7516937 0.431427 0.46972656
0.70832825 0.55114746 0.6798706
0.69244385 0.4955597 0.78067017
0.635025 0.25732422 0.74523926
0.6203613 0.16874695 0.719574
0.7187042 0.467453 0.82403564
0.7315521 0.79367065 1.0812225
0.6008148 0.7851105 1.3310547
0.6185303 0.5933075 1.4514008
0.82255554 0.6275177 1.4568939
0.843338 0.9170685 1.4642334
0.5366821 1.0410767 1.5864105
0.19335938 0.87919617 1.7110138
0.124938965 0.7099762 1.7989807
0.07180786 1.1204834 2.0897522
0.05531311 1.1614075 2.1508484
-0.14015198 1.221878 2.178955
-0.2892151 1.1736298 2.2705688
-0.28311157 1.0154114 2.399475
-0.21284485 0.86390686 2.436737
-0.0809021 0.9060669 2.4000854
-0.014328003 1.0312958 2.3279877
-0.16520691 1.0068665 2.2510223
-0.3234253 0.89811707 2.2308655
-0.28555298 0.88223267 2.2827911
-0.17376709 0.93966675 2.3090668
-0.16093445 0.933548 2.2846222
-0.25805664 0.87246704 2.214981
-0.39733887 0.794281 2.0873108
-0.41259766 0.7728882 2.0091248
-0.2574463 0.82237244 2.056778
-0.0821228 0.8309326 2.1007538
-0.010650635 0.7759552 2.0683746
-0.13648987 0.6244507 1.9724731
-0.3222046 0.43753052 1.8692322
-0.28248596 0.37460327 1.8038788
-0.061965942 0.42530823 1.7892151
0.12615967 0.42836 1.7543945
0.18115234 0.2896881 1.6700897
0.19947815 0.114364624 1.5094299
0.26545715 0.14065552 1.3597717
0.25872803 0.33673096 1.3683167
-0.12670898 0.0074768066 1.2339325
-0.5268402 -0.096969604 0.9284973
-0.6703949 0.26342773 0.74339294
-0.50057983 0.7686157 0.79348755
-0.095565796 1.0312958 0.96698
0.2342987 0.95921326 1.1221313
0.27156067 0.67149353 1.2137756
0.03881836 0.39048767 1.2424774
-0.33013916 0.3214569 1.2595825
-0.5506592 0.5047302 1.2968597
-0.5072937 0.73257446 1.3622131
-0.22079468 0.74845886 1.5106506
0.18603516 0.6104126 1.6413879
0.43588257 0.4473114 1.6267242
0.38883972 0.34407043 1.4965973
0.17381287 0.37277222 1.358551
0.025375366 0.46318054 1.290741
0.07546997 0.5370941 1.2608032
0.28681946 0.6140747 1.2156067
0.4749756 0.6244507 1.1777344
0.55622864 0.5560303 1.1557465
0.53912354 0.4192047 1.0903778
0.45970154 0.30863953 1.0005798
0.3986206 0.33551025 0.88879395
0.35157776 0.39109802 0.77882385
0.30514526 0.3801117 0.6554413
0.32531738 0.3495636 0.54670715
0.41023254 0.3715515 0.48989868
0.47802734 0.3849945 0.46240234
0.49024963 0.30619812 0.4275818
0.44810486 0.2023468 0.39642334
0.4169464 0.21028137 0.3664856
0.51589966 0.56459045 0.3634491
0.54522705 0.5578766 0.3994751
0.3802948 0.21150208 0.40376282
0.076690674 -0.13362122 0.29074097
-0.10168457 -0.3101654 0.1887207
0.15060425 0.20722961 0.19483948
0.48353577 0.8187103 0.30540466
0.48475647 0.7716675 0.39215088
0.23124695 0.39231873 0.34205627
-0.08883667 0.062454224 0.253479
-0.23667908 0.0013580322 0.2730255
-0.1468811 0.2566986 0.35794067
-0.04425049 0.599411 0.40864563
-0.11206055 0.5767975 0.40925598
-0.115112305 0.236557 0.43551636
0.12556458 -0.028564453 0.5632019
0.42427063 -0.05055237 0.6676636
0.51651 0.02458191 0.63345337
0.29293823 0.054504395 0.44407654
-0.08946228 0.004425049 0.18383789
-0.33746338 -0.04750061 0.024414062
-0.3258667 -0.001083374 0.050079346
-0.17558289 0.1546936 0.1038208
-0.08946228 0.2738037 0.13497925
-0.195755 0.2713623 0.13192749
-0.3759613 0.017242432 0.03175354
-0.2953186 -0.25213623 -0.10203552
0.030883789 -0.30711365 -0.1771698
0.3827362 0.17729187 -0.10081482
0.43771362 0.6678314 0.018310547
-1.2666016 0.06123352 -0.31523132
-1.7559052 -0.33644104 -0.6292114
-1.3881683 -0.5746765 -0.55163574
0.31980896 0.8101654 0.2058258
0.6032562 0.8022156 0.19483948
0.28071594 0.2554779 0.2015686
0.005218506 -0.2081604 0.21255493
-0.012481689 -0.46044922 0.21560669
0.017440796 -0.475708 0.19056702
-0.05342102 -0.36392212 0.033569336
0.04309082 0.027023315 0.089157104
-0.33563232 -0.04689026 0.013427734
-0.63313293 -0.31201172 -0.07392883
-0.64411926 -0.39569092 -0.06782532
-0.18841553 -0.08781433 0.22904968
-0.15176392 -0.16905212 0.1887207
-0.050979614 -0.06765747 0.17834473
0.055923462 0.31962585 0.2003479
-0.17436218 0.39109802 0.21255493
-0.39733887 0.13087463 0.22293091
-0.5781555 -0.10430908 0.25959778
-0.65878296 -0.097595215 0.217453
-0.6764984 0.075286865 0.058013916
-0.6276398 0.14553833 -0.02017212
-0.44680786 0.34162903 0.017089844
-0.30387878 0.49983215 0.0708313
-0.31425476 0.36361694 0.0879364
-0.4046631 0.14309692 0.06655884
-0.49934387 0.013580322 0.08854675
-0.50424194 0.053894043 0.17468262
-0.39611816 0.19866943 0.30174255
-0.2928772 0.27931213 0.42819214
-0.29714966 0.12414551 0.48867798
-0.42115784 -0.24664307 0.4129181
-0.5231781 -0.4237976 0.2559204
-0.48101807 -0.21670532 0.09159851
-0.3466339 0.11314392 0.015258789
-0.24156189 0.2695465 0.05923462
-0.25683594 0.07711792 0.10992432
-0.28126526 -0.085372925 0.13375854
-0.20429993 0.0740509 0.10443115
-0.1309967 0.2194519 0.10809326
-0.12182617 0.13331604 0.1697998
-0.15666199 -0.07070923 0.19544983
-0.15481567 -0.14706421 0.1832428
-0.12916565 -0.0945282 0.2046051
-0.09251404 -0.021835327 0.2186737
-0.11022949 -0.03161621 0.20950317
-0.21408081 -0.12446594 0.23576355
-0.3283081 -0.20204163 0.28707886
-0.38511658 -0.08476257 0.23576355
-0.38206482 0.09056091 0.16246033
-0.3148651 0.049621582 0.19972229
-0.195755 -0.15257263 0.29074097
-0.10290527 -0.2771759 0.3109131
-0.08824158 -0.1739502 0.22233582
-0.21530151 -0.03100586 0.11482239
-0.34480286 -0.041992188 0.056167603
-0.3258667 -0.065216064 0.022583008
-0.23545837 -0.057266235 0.0048675537
-0.19024658 -0.056655884 0.0012054443
-0.19268799 -0.038330078 -0.03666687
-0.25256348 -0.036499023 -0.050109863
-0.3136444 -0.049942017 -0.023834229
-0.2892151 -0.08476257 0.012207031
-0.21774292 -0.096969604 -0.0018463135
-0.15359497 -0.049942017 -0.010406494
-0.13160706 -0.008392334 0.03175354
-0.1627655 -0.021224976 0.06472778
-0.1749878 -0.021835327 0.061676025
-0.110839844 0.011749268 0.048233032
0.0009613037 0.03741455 0.03175354
0.076690674 0.028244019 0.023803711
0.060195923 0.012359619 0.0146484375
-0.002105713 -0.012680054 0.02319336
-0.04425049 -0.07192993 0.018920898
-0.06440735 -0.09269714 -0.009796143
-0.03753662 -0.024276733 -0.034835815
0.04248047 0.02885437 -0.013458252
0.11395264 0.017242432 0.015258789
0.109069824 -0.006576538 0.014022827
0.032699585 -0.022445679 -0.02507019
-0.06440735 -0.011459351 -0.04888916
-0.10227966 0.0019836426 -0.026290894
-0.063797 -0.017562866 0.01953125
0.02293396 -0.029785156 0.04335022
0.060806274 -0.054214478 0.036026
0.0009613037 -0.08598328 0.041519165
-0.0796814 -0.069488525 0.040908813
-0.10534668 -0.03894043 0.017700195
-0.0809021 0.0013580322 -0.0018463135
-0.022872925 0.047790527 -0.011627197
0.011932373 0.051452637 0.02319336
-0.043640137 -0.00045776367 0.13375854
-0.023483276 -0.15745544 0.21560669
0.1499939 -0.24786377 0.11053467
0.14511108 0.06123352 0.01953125
0.025985718 0.3043518 -0.04460144
0.07424927 0.21089172 0.0036468506
0.37846375 -0.11651611 0.06350708
0.53056335 -0.3590393 0.105651855
0.26361084 -0.3382721 0.16184998
-0.14199829 -0.1275177 0.17834473
-0.19390869 0.14125061 0.114212036
0.06568909 0.37338257 0.114212036
0.38212585 0.4857788 0.23149109
0.57943726 0.3019104 0.39276123
0.5525665 -0.03527832 0.43980408
0.44992065 -0.07254028 0.3267975
0.3595276 0.19256592 0.2027893
0.4933014 0.5749817 0.42208862
0.66130066 0.4118805 0.553421
0.6893921 0.17852783 0.5253296
0.46704102 0.12599182 0.3982544
0.1524353 0.15530396 0.25776672
0.064468384 0.1534729 0.14291382
0.26727295 0.06367493 0.14657593
0.555603 -0.007171631 0.18934631
0.6368561 0.00076293945 0.200943
0.5226288 0.023361206 0.17895508
0.37846375 0.07711792 0.13070679
0.28134155 0.1351471 0.08488464
0.3607483 0.023361206 0.08427429
0.5055237 -0.14891052 0.09159851
0.53422546 -0.11224365 0.09098816
0.46398926 -0.060317993 0.07571411
0.40716553 -0.05543518 0.037857056
0.37356567 0.022140503 0.012207031
0.34303284 0.14553833 0.032974243
0.3448639 0.170578 0.09159851
0.40838623 0.03678894 0.1850586
0.45420837 -0.04321289 0.19178772
0.40045166 -0.026123047 0.13742065
0.29599 0.049621582 0.10321045
0.22207642 0.059402466 0.09588623
0.30577087 -0.1250763 0.12580872
0.44444275 -0.2649536 0.15879822
0.38761902 -0.16967773 0.14169312
0.2000885 -0.014511108 0.08305359
0.093185425 0.03251648 0.048858643
0.13105774 0.030685425 0.03112793
0.13166809 -0.011459351 0.053741455
0.09379578 -0.12690735 0.08610535
0.12068176 -0.15989685 0.1026001
0.09928894 -0.06336975 0.07633972
-0.0051574707 0.03312683 0.057388306
-0.039978027 0.029464722 0.072052
0.17993164 0.009918213 0.076934814
0.37724304 -0.11958313 0.053741455
0.29415894 -0.100631714 0.044570923
0.11212158 0.06367493 0.07388306
-0.029586792 0.122924805 0.11604309
-0.05647278 -0.009017944 0.10443115
0.008895874 -0.12324524 0.056793213
0.05836487 -0.0945282 0.045791626
0.02659607 0.025802612 0.053741455
-0.002105713 0.07833862 0.09220886
0.043701172 0.016021729 0.112976074
0.07974243 -0.08598328 0.08305359
0.06385803 -0.006576538 -0.0287323
