16.9693 27.962494 -42.619324
18.004354 31.139627 -41.03139
18.643188 32.95479 -40.200043
20.83397 37.404633 -38.563538
21.158981 36.782455 -39.605713
21.871185 36.432648 -39.905167
22.073364 35.622025 -40.055847
22.341919 35.780334 -39.12735
22.671509 35.42061 -38.60817
22.42546 34.856415 -38.756943
22.35794 35.07614 -39.12773
21.746063 34.945297 -39.27536
21.865463 35.09674 -39.684677
22.09549 35.178375 -39.425278
22.30568 34.628296 -39.463806
22.640991 34.4162 -39.501953
22.492981 34.560394 -39.12964
22.125244 34.957123 -39.128113
22.623062 35.121918 -38.720703
22.410965 35.59723 -38.97896
22.51854 35.377502 -39.31389
22.664642 35.1593 -39.574432
22.363281 35.186386 -39.981842
22.612381 34.675217 -39.797592
22.61734 34.861755 -39.42566
22.62764 35.23369 -38.942337
22.638702 35.567474 -39.128113
22.9599 36.13434 -38.86795
22.540665 36.083603 -39.01558
22.540665 36.083603 -39.01558
22.724533 35.82802 -39.759827
22.348785 36.003113 -39.200974
22.225952 35.70175 -39.535522
22.667313 35.19516 -39.98375
22.636032 35.37979 -40.02037
22.636032 35.37979 -40.02037
23.202133 35.2108 -40.690994
23.121262 35.0605 -40.542603
22.63565 35.34317 -40.24315
22.623825 35.009766 -39.87198
21.960068 34.469223 -39.759827
21.659851 34.60846 -39.535904
22.246552 35.14633 -39.536285
22.510147 35.080338 -39.463043
22.86644 35.53734 -39.276886
23.012543 35.318375 -39.686584
22.477722 35.264587 -39.351273
22.447586 35.48546 -39.870834
22.569275 35.749817 -39.499283
22.3526 36.114883 -39.27498
23.016739 35.46753 -39.31465
22.565079 35.60219 -39.201736
22.750092 35.421753 -39.57405
22.894287 35.16617 -39.68582
22.830963 35.534668 -40.168762
23.290253 35.66017 -39.983368
23.47107 35.36873 -40.021896
23.405838 35.73761 -39.83574
23.217392 35.806656 -39.64882
23.217392 35.806656 -39.64882
22.984314 35.651398 -39.42604
22.901917 35.50148 -38.868713
23.046875 35.284424 -38.609314
22.83783 34.68361 -38.684082
22.83783 34.68361 -38.684082
23.17543 34.545517 -38.871002
23.207855 34.32274 -39.391327
23.3181 34.177017 -39.837646
23.44513 34.589386 -39.65187
22.985458 34.463882 -39.725113
22.50824 35.006332 -39.574432
22.739029 35.087204 -39.797974
22.592926 35.306168 -39.46266
22.413254 35.63423 -39.387512
23.049545 35.3199 -39.315414
22.85881 35.31456 -38.94348
23.276901 35.289764 -39.279175
23.983002 34.830093 -38.910294
23.622131 35.412216 -39.279938
23.39592 35.44159 -39.613724
23.313522 35.178375 -40.356827
23.015213 35.354996 -40.3183
23.230362 34.95369 -40.096283
23.194885 35.064316 -39.761353
23.003769 35.058975 -39.315033
23.277664 35.251617 -39.94713
23.465729 35.183334 -40.13405
24.096298 34.68361 -40.210724
24.096298 34.68361 -40.210724
24.096298 34.68361 -40.210724
24.47815 34.732056 -40.323257
24.656677 34.404755 -39.95323
24.207687 34.65042 -39.839935
23.989487 34.939957 -40.099335
23.498154 35.073853 -39.61487
23.24028 35.32524 -39.613724
23.200989 35.287094 -39.390564
22.979736 35.502625 -39.426422
23.167038 35.39734 -39.61258
22.903442 35.463333 -39.722443
23.17009 35.471344 -40.094757
23.209 35.510635 -39.87198
23.253632 35.73456 -39.797592
23.10257 35.7666 -39.834595
23.007584 35.169983 -39.649963
22.966766 35.056305 -39.94713
22.924805 34.94377 -39.83612
23.376465 34.809494 -39.837646
23.366165 35.700226 -39.687347
23.140717 35.80551 -39.38942
22.957611 35.94742 -40.019608
22.539902 35.972214 -39.683914
22.563934 35.490036 -40.019226
22.563934 35.490036 -40.019226
22.86911 35.536575 -39.871597
22.971725 35.206223 -39.61258
23.091507 35.357666 -39.98413
22.916794 35.871887 -39.68544
22.788239 35.422516 -39.723206
22.788239 35.422516 -39.723206
22.837448 35.79521 -39.46266
22.686005 35.82802 -39.31389
22.445679 35.4496 -39.277267
22.417831 35.74524 -39.499283
22.375107 35.557556 -40.019608
22.722626 35.71663 -40.28015
23.10791 35.877228 -40.280533
23.187637 36.02867 -39.834595
23.645401 36.118317 -39.38942
23.669815 35.749054 -38.573074
23.293686 35.847855 -38.869095
23.287964 35.624313 -39.426804
22.940826 35.503006 -38.980865
22.99118 35.87532 -39.239883
23.134613 35.582733 -39.352417
23.1781 35.770416 -39.129257
23.304367 36.106873 -39.686203
23.303986 36.03096 -40.429688
23.617554 36.33728 -40.504074
23.812103 36.453247 -40.876007
23.849487 36.416626 -41.13617
23.431015 36.441803 -40.689087
23.374939 35.884094 -40.54146
23.289108 35.622787 -40.0589
23.281479 35.438156 -39.501953
23.721313 34.931946 -39.61563
23.713303 34.671783 -39.6904
23.363876 34.438324 -39.72702
23.669815 34.48448 -40.02495
23.669815 34.48448 -40.02495
23.369598 34.586334 -40.060806
23.265076 34.91745 -39.874268
23.654175 35.189438 -39.800262
22.937393 35.35309 -39.612198
22.941208 35.464478 -39.72397
22.875214 35.796738 -39.351273
22.483826 35.450363 -39.425278
22.483826 35.450363 -39.425278
23.018265 35.541534 -39.241028
23.130417 35.508728 -38.90686
23.270798 35.142136 -39.056778
23.77472 35.45456 -38.94615
23.727036 35.15625 -38.83438
23.651123 35.15358 -38.834
23.999023 35.31227 -39.020157
23.738098 35.452652 -39.279175
23.66333 35.4496 -39.836884
23.81668 35.49118 -40.060043
23.252869 35.69641 -39.835358
23.173904 35.619736 -39.649582
23.028946 35.837936 -39.68582
23.104858 35.840607 -39.50081
23.147202 35.990524 -39.351654
23.602295 35.92987 -39.72473
23.857117 35.604095 -39.429092
23.898315 35.71663 -39.465714
24.112701 35.240173 -40.17372
23.394775 35.36682 -40.097046
23.214722 35.6575 -40.355682
22.805023 35.86693 -40.800095
22.805023 35.86693 -40.800095
22.841263 35.83107 -40.651703
22.841263 35.83107 -40.651703
23.215485 35.65712 -40.69023
23.40355 35.588837 -40.72838
23.352814 35.216522 -40.394592
22.981262 35.464478 -40.504456
23.043823 35.058212 -40.356445
22.888565 34.97963 -39.984512
23.114777 34.91249 -40.13405
23.409653 34.66263 -39.837646
23.334885 34.697342 -39.87465
23.223877 34.767914 -40.24582
23.187637 34.841156 -39.91089
23.478699 35.630417 -39.538574
23.682785 36.082077 -39.463806
23.90976 36.05194 -39.315414
24.175644 36.060333 -39.390564
23.682785 36.081314 -39.61258
23.493576 36.07521 -39.87236
22.799301 35.756683 -40.01999
22.676468 35.531616 -39.42566
22.814178 35.090256 -39.61258
23.04306 35.134888 -39.315414
23.468018 35.371017 -39.167404
23.28415 35.51216 -39.649582
23.207855 35.509872 -39.463425
23.542786 35.297775 -39.390945
23.541641 35.29854 -38.945007
23.89679 35.680008 -39.20479
23.809814 35.343933 -39.019775
23.015213 35.46753 -38.906097
23.126602 35.396957 -38.79547
23.003769 35.09636 -39.019394
23.003769 35.09636 -39.019394
23.492432 34.888077 -39.541245
23.9151 35.012054 -39.95056
23.613739 35.076523 -40.060425
23.449707 34.73816 -39.76288
22.971725 35.28061 -39.240265
22.862244 35.42595 -39.016342
23.099518 35.65483 -39.68582
23.037338 36.0981 -39.57367
23.397064 36.62796 -40.05661
23.27156 36.252975 -40.24353
23.27156 36.252975 -40.24353
23.39859 36.665344 -40.168762
23.283005 36.587143 -40.465927
23.410034 35.850525 -39.761734
23.679733 35.969925 -39.650345
23.90213 35.791397 -39.68849
24.058151 35.982895 -38.871002
24.214935 36.0981 -39.242935
24.071121 36.353302 -39.35356
23.633194 35.78415 -38.64746
23.660278 35.414124 -38.98239
22.857285 35.27832 -38.794327
22.888184 35.057068 -38.646317
23.197937 35.176468 -39.464188
23.855972 35.53047 -39.65149
23.855972 35.53047 -39.65149
24.129105 35.723495 -40.20958
24.275208 35.542297 -40.210342
24.303436 35.246277 -40.1371
23.69194 35.11505 -40.54413
23.84262 35.08339 -40.20996
24.064636 34.867096 -40.545273
24.07608 35.200882 -40.841675
24.03183 35.051727 -40.359116
23.923111 35.196304 -40.6559
23.923111 35.196304 -40.6559
23.815155 35.416794 -40.209198
23.47107 35.407257 -39.46495
23.702621 35.48813 -39.873886
23.708344 35.673904 -39.873505
23.410416 35.887146 -39.835358
23.141861 35.80513 -39.909363
23.33641 35.960007 -39.53781
23.55194 35.595703 -39.1304
23.715973 35.934067 -39.501953
23.950195 36.164093 -39.019012
23.911285 36.125565 -39.24179
23.832703 36.011124 -39.68773
24.040604 35.386658 -39.838028
24.60022 34.99489 -40.8062
24.217224 34.908676 -40.805817
24.268341 35.318375 -40.842056
24.322128 35.80246 -40.618134
23.755646 35.933685 -40.207672
24.24965 35.91156 -40.431976
24.015808 35.757065 -40.023422
23.630142 35.596848 -39.874268
23.900604 35.754013 -39.689255
23.59314 35.670853 -39.279938
23.48175 35.703278 -39.68811
23.48175 35.703278 -39.68811
23.070145 35.91385 -39.6492
23.037338 36.061096 -39.76021
22.61734 36.011505 -39.61029
22.69783 36.200333 -39.16397
23.14682 35.95352 -39.53743
23.633575 35.746384 -39.427567
24.099731 36.018753 -40.17105
24.54834 35.772705 -40.358353
24.625778 35.850525 -39.689255
24.205399 35.800552 -39.539337
24.205399 35.800552 -39.539337
23.970032 35.57129 -39.42833
23.545074 35.33516 -39.762497
23.27156 35.06584 -40.431595
23.040771 34.909058 -41.137695
23.202896 35.2108 -41.174698
23.36502 35.512543 -41.2117
23.40622 35.663605 -40.579605
23.363876 35.55107 -40.319443
23.093796 35.469055 -39.83574
23.141861 35.80513 -39.612198
23.26088 35.957336 -39.426804
23.302841 36.07025 -39.50119
23.37532 35.923386 -39.984512
23.37532 35.923386 -39.984512
23.585129 35.373688 -39.65149
23.620224 35.2623 -40.171432
23.81363 35.37941 -40.060043
23.977661 35.75592 -40.096664
23.532867 36.07483 -40.540695
23.54393 36.409378 -40.652084
23.648071 36.116028 -40.43007
23.712158 35.78453 -39.874268
23.891068 35.45685 -39.690018
24.109268 35.16693 -39.43062
24.109268 35.16693 -39.43062
23.931503 35.53238 -39.76364
24.159622 35.502243 -40.09819
24.019241 35.869217 -40.171432
23.631287 35.59723 -40.468216
23.670578 35.635376 -40.319824
23.240662 35.287857 -40.17067
23.490906 34.775543 -40.2462
23.490143 34.775925 -39.949036
23.031235 34.687805 -40.022278
23.04535 35.133743 -40.021515
22.902298 35.464096 -39.574814
23.108673 35.98976 -39.574432
23.372269 35.923767 -39.38942
23.411179 35.962296 -39.241028
23.289871 35.69832 -39.61296
23.273468 35.178375 -39.539337
23.550415 35.520554 -39.725113
24.112701 35.2787 -39.541245
24.155045 35.42862 -39.39209
24.155045 35.42862 -39.39209
24.554825 36.034393 -39.652634
24.246597 35.876465 -39.72664
23.645401 36.07979 -40.0589
23.350525 36.367416 -40.094757
23.350525 36.367416 -40.094757
22.919083 35.983658 -39.610672
23.108292 35.990143 -39.31389
23.150253 36.102676 -39.276886
23.711014 35.82344 -39.1304
23.663712 35.52513 -39.16855
23.950577 34.97734 -39.13269
23.950577 34.97734 -39.13269
23.94867 34.902573 -39.318848
23.776245 35.41565 -39.68849
23.36998 35.811234 -39.650345
23.473358 35.48088 -39.465332
23.44284 35.66513 -39.798737
23.361206 35.477066 -39.984894
23.55156 35.482788 -39.985275
23.675537 35.783386 -40.133286
23.674011 35.78415 -39.57634
24.263 35.208893 -39.393234
24.222565 35.058212 -40.06157
24.146652 35.055542 -40.247726
24.258041 34.98497 -40.248108
23.97499 35.606766 -40.58075
23.94867 36.014175 -40.35721
23.531723 36.037827 -40.578842
23.531723 36.037827 -40.578842
23.531723 36.037827 -40.578842
23.04535 36.244583 -40.911484
23.083496 36.28311 -40.576935
22.88704 36.091995 -40.390778
23.25859 35.882187 -39.6492
23.40126 35.627747 -39.27841
23.548126 35.44655 -39.502335
23.433685 35.443497 -39.31656
23.093796 35.469055 -39.83574
23.210907 35.546112 -40.096283
23.093033 35.43167 -39.835358
23.283768 35.43701 -40.207672
23.587418 35.44693 -40.022278
23.1987 35.175323 -39.94713
22.977066 35.390854 -39.98375
23.592377 35.633087 -39.57596
23.64273 36.0054 -39.687347
24.075699 36.501694 -39.46495
24.201584 36.839294 -39.836502
23.706055 36.78627 -40.057755
23.49968 36.260223 -40.169144
23.461151 36.221695 -40.280533
23.791885 35.89821 -40.0959
23.641205 35.930634 -40.058517
24.06845 36.24153 -39.725113
24.214172 36.060333 -39.65149
24.101257 36.094666 -39.31694
24.438095 35.91919 -39.57863
24.2733 35.54268 -39.541626
24.237823 35.578537 -39.875793
24.35112 35.543823 -40.28473
24.364471 35.952377 -40.46974
24.0139 35.681152 -40.655136
23.82927 35.861206 -40.39421
23.589706 35.48317 -40.468597
23.675156 35.783386 -40.319443
23.750305 35.786438 -40.022278
24.195099 35.46753 -39.652634
23.751831 35.89859 -39.279175
23.621368 35.374832 -39.20517
23.858643 35.679245 -39.056778
23.858643 35.679245 -39.056778
23.223495 35.954285 -39.945984
23.63739 35.818863 -39.98413
23.915482 36.198425 -39.98413
23.918915 36.309814 -39.98375
24.070358 36.315155 -39.50081
24.329376 36.063004 -39.94789
23.90976 36.050034 -39.761353
23.712158 35.78415 -40.058517
23.812866 35.342407 -40.35721
23.766327 35.118866 -39.87465
23.61641 35.15091 -40.171432
23.838806 34.934616 -40.394974
23.69194 35.1532 -39.948273
23.970795 35.533142 -40.13405
23.895645 35.53047 -40.431213
24.056625 35.832214 -40.28282
23.717499 35.895157 -40.467834
22.968674 36.242676 -40.576935
22.884369 36.01837 -40.168
22.353363 36.076736 -39.795303
22.771454 36.089706 -39.72206
23.106003 35.839844 -40.02037
23.523712 35.81505 -40.31906
23.858643 35.60257 -40.50598
23.675537 35.820007 -40.54184
24.01352 35.720062 -40.02304
24.180984 36.208725 -39.725113
24.15657 36.65428 -39.315414
24.307632 36.58371 -39.613342
24.160767 36.764908 -39.463806
24.274826 36.805725 -39.204407
24.274826 36.805725 -39.204407
24.259186 36.284637 -39.57672
24.172974 36.02333 -39.020157
24.39537 35.844803 -38.983917
24.339676 35.28633 -38.947678
24.608612 35.406876 -38.57689
24.874878 35.41565 -38.46588
24.538422 35.552597 -39.022064
24.464798 35.624313 -39.13307
24.311829 35.58197 -39.35585
23.836517 36.122894 -39.873505
23.836517 36.122894 -39.873505
24.13826 36.02066 -40.096664
23.752975 35.822678 -40.467834
23.905945 35.86464 -40.356827
24.24202 35.689545 -40.358353
24.235153 35.50453 -39.987564
24.54338 35.66284 -39.727783
24.241257 35.690308 -40.023804
24.15123 35.279846 -39.652634
24.272537 35.506058 -39.72702
24.015045 35.757446 -39.91165
23.900223 35.754395 -39.651108
24.050903 35.684967 -39.79988
23.832321 35.974503 -39.910507
23.832321 35.974503 -39.910507
24.475098 35.884094 -39.540863
24.673462 36.149597 -39.61525
24.546051 35.736847 -39.690018
23.672485 35.746002 -40.0959
23.625565 35.447693 -40.17067
23.832321 35.97374 -40.17067
24.05281 35.757828 -39.948654
23.978424 35.868835 -39.131165
24.164963 35.76355 -39.02054
24.164963 35.76355 -39.02054
23.679352 36.045837 -38.684082
23.984528 36.01761 -39.279175
23.986816 36.091995 -39.279175
23.573303 36.227036 -39.42604
23.879623 36.273193 -39.76097
23.073578 36.063004 -39.387894
23.059845 35.57892 -40.057373
23.359299 35.440063 -39.910126
23.352432 35.25505 -39.46457
24.071121 35.128784 -39.764404
23.973846 35.68306 -39.242554
24.027634 36.166763 -39.57634
23.855972 36.717224 -39.945984
24.369812 36.10115 -40.617752
24.248505 35.87494 -40.46898
24.428177 35.58426 -40.06195
24.266434 35.282135 -40.136337
23.960495 35.235977 -39.801025
24.07341 35.202026 -39.95018
23.81668 35.453415 -40.320206
23.556137 35.6308 -40.319443
23.460007 36.222076 -40.132523
23.041534 36.209106 -40.01999
22.966385 36.206055 -40.27977
23.262405 35.993576 -39.76059
23.106003 35.839844 -39.76021
23.493576 36.07483 -39.723206
23.840714 36.233902 -39.72435
23.924637 36.45897 -39.87236
24.228287 36.43074 -40.207672
24.228287 36.43074 -40.207672
24.559402 36.06949 -40.43274
24.201202 35.57625 -40.35797
24.092102 35.720825 -40.618134
24.048233 35.572052 -40.172577
23.97461 35.681915 -39.76326
24.47815 35.995102 -39.541245
24.573517 35.40497 -39.468002
24.576569 35.478973 -39.57939
24.576569 35.478973 -39.57939
