-157.39288 -108.662415 84.17969
-156.08673 -110.55298 83.87604
-155.18188 -110.67047 85.209656
-156.3919 -110.71167 82.9834
-156.3919 -110.71167 82.9834
-156.07758 -110.25391 84.321594
-156.38733 -110.41107 84.91516
-156.65894 -109.38263 84.91821
-156.5445 -110.56824 83.87604
-154.70886 -110.21271 83.87146
-154.70886 -110.21271 83.87146
-154.70886 -110.21271 83.87146
-154.70886 -110.21271 83.87146
-157.00684 -110.72693 85.21423
-155.6305 -110.38666 85.658264
-157.03888 -111.769104 84.46808
-156.39648 -110.70862 84.91516
-156.7398 -111.7569 86.39984
-156.75354 -112.20245 86.39984
-157.91931 -110.60486 86.8515
-156.60095 -112.34894 84.31854
-157.61871 -110.894775 84.32312
-156.97632 -109.68628 86.40442
-157.51495 -112.223816 87.145996
-157.6706 -112.37793 86.10535
-158.79059 -114.045715 86.5509
-159.09119 -114.05487 86.10535
-158.80432 -114.4928 86.54938
-157.43408 -114.45007 86.546326
-158.79211 -114.04419 87.29401
-159.71985 -114.671326 85.65979
-158.80737 -114.49127 87.59003
-160.02655 -114.67743 87.14752
-160.05096 -115.41901 87.145996
-159.12323 -115.097046 85.806274
-160.97565 -115.89508 86.10687
-161.42273 -115.61279 86.1084
-162.68768 -117.137146 86.70349
-161.91864 -116.81671 86.40442
-163.25378 -115.66925 87.59918
-163.13324 -116.85333 85.961914
-164.04724 -116.73126 88.04474
-162.57477 -118.3197 86.55243
-164.97498 -117.20734 87.4527
-166.03088 -116.94336 87.45575
-164.25171 -118.52112 86.40747
-165.16724 -118.395996 88.78784
-164.09912 -118.36548 87.59613
-164.09912 -118.36548 87.59613
-165.0177 -118.54401 87.449646
-163.80005 -118.50586 87.446594
-163.48419 -118.19916 87.14905
-162.76703 -119.51141 87.88757
-164.05792 -117.02881 88.34076
-163.17749 -118.19 86.40442
-162.34894 -120.83588 86.10077
-163.18817 -118.48602 87.14905
-163.67798 -119.39087 88.04016
-164.15405 -120.14923 86.84845
-162.45575 -119.203186 88.6322
-162.44507 -118.907166 88.186646
-162.91809 -119.366455 88.33313
-163.49792 -118.49365 88.931274
-164.12354 -119.10858 88.33618
-162.57019 -118.02063 88.33618
-161.98883 -118.89343 88.18512
-164.27765 -119.262695 87.446594
-163.67798 -119.39087 88.33618
-163.88397 -121.02814 88.92822
-164.14795 -119.85016 88.33618
-163.6795 -119.38934 88.783264
-164.28833 -119.56024 87.446594
-166.5863 -119.9234 89.53247
-165.34729 -119.29321 88.638306
-164.5935 -119.56787 87.89215
-165.09857 -121.069336 87.44507
-164.61945 -120.30792 88.635254
-165.55023 -120.93353 87.59613
-165.99274 -120.503235 88.33923
-165.99274 -120.503235 88.33923
-166.04614 -121.98639 89.82239
-166.67175 -122.59827 89.52789
-166.63513 -121.562195 88.33923
-165.44952 -122.41211 89.375305
-166.32233 -121.25244 88.786316
-168.07098 -123.53363 89.38141
-166.63513 -121.562195 88.33923
-166.68396 -123.04535 88.783264
-167.1402 -123.05908 89.08234
-168.22052 -123.68927 87.30011
-167.29736 -123.21167 88.9328
-169.0979 -122.528076 87.898254
-167.6178 -123.81897 87.89215
-166.53595 -123.18878 88.931274
-168.08167 -123.82965 90.122986
-168.36243 -123.24524 89.38141
-167.57965 -122.47772 89.678955
-168.68439 -123.85101 88.19275
-169.00482 -124.15466 90.571594
-168.98956 -123.70911 89.826965
-168.05878 -123.236084 88.93585
-169.13452 -123.5672 88.64136
-167.64374 -124.56055 88.931274
-167.6117 -123.5199 88.934326
-168.64166 -122.51282 88.1958
-167.04712 -124.83673 88.63373
-168.71338 -124.58954 90.86609
-169.47021 -124.617004 89.38141
-167.46674 -123.661804 89.52789
-167.43011 -122.62573 88.34076
-168.1015 -124.57428 88.9328
-169.59381 -123.73047 88.342285
-167.49115 -124.40491 89.82391
-168.12897 -125.31433 90.12146
-168.54858 -124.139404 90.57007
-167.78717 -124.116516 90.56854
-170.224 -124.34235 89.68201
-169.15741 -124.3103 88.63983
-168.26172 -124.72534 89.82391
-170.05157 -123.7442 89.08844
-169.19098 -125.34943 88.934326
-169.4748 -124.61395 91.16516
-168.71185 -124.591064 90.122986
-168.58978 -125.4776 89.82239
-169.63501 -124.765015 91.31317
-169.92188 -124.33014 90.426636
-169.61212 -124.1745 89.82849
-169.37714 -126.24359 91.015625
-169.0033 -124.15619 90.27405
-167.21344 -125.1358 91.01105
-170.07141 -124.18671 91.31622
-170.44373 -126.275635 92.0578
-169.01245 -124.45221 89.826965
-168.11676 -124.86725 90.86456
-169.20776 -125.642395 91.607666
-169.20776 -125.642395 91.607666
-169.29626 -123.71521 91.3147
-169.01245 -124.45221 89.826965
-167.62085 -123.513794 92.64984
-168.72559 -124.88556 91.163635
-168.39905 -124.28284 90.42206
-167.80853 -124.70856 91.30859
-167.807 -124.71008 90.56702
-167.75513 -123.07434 91.311646
-168.27545 -125.1709 90.270996
-168.27545 -125.1709 90.270996
-168.27545 -125.1709 90.270996
-168.1427 -125.608826 91.60614
-168.55774 -124.435425 90.57007
-169.02618 -124.74823 91.015625
-168.70422 -124.29199 90.867615
-168.11829 -124.86725 91.16211
-166.42456 -124.37134 89.82086
-166.75568 -125.12207 90.563965
-168.72406 -124.88556 90.86609
-167.6712 -125.3006 90.119934
-166.57257 -124.227905 90.11841
-168.72559 -124.88556 91.163635
-168.13202 -125.312805 91.16211
-167.2226 -125.43335 91.00952
-167.17682 -124.098206 90.26947
-168.98804 -123.40698 92.8009
-170.39642 -124.78943 92.059326
-168.4021 -124.58496 88.1897
-169.18488 -124.89929 91.60919
-169.07043 -126.23596 90.270996
-169.07043 -126.23596 90.270996
-169.49768 -125.35553 90.867615
-167.2226 -125.43182 91.30554
-167.2226 -125.43182 91.30554
-168.71643 -124.58801 91.908264
-167.35535 -124.842834 90.86151
-167.52472 -125.44556 89.82086
-169.47937 -124.913025 88.93585
-167.69104 -125.894165 90.11841
-168.73932 -125.331116 91.163635
-168.29529 -125.76294 90.56702
-168.41736 -124.87793 90.12146
-168.75763 -125.92468 90.42053
-169.37714 -126.24359 91.015625
-168.41888 -124.8764 90.42053
-169.03687 -125.19531 90.27252
-169.5282 -126.397705 89.6759
-169.19708 -125.346375 91.163635
-168.35938 -127.84424 89.523315
-167.72156 -126.93787 89.37378
-168.4494 -125.91705 89.67438
-169.97223 -125.96588 89.38141
-169.49768 -125.35553 90.423584
-169.35272 -125.49896 91.311646
-169.68231 -126.25275 91.015625
-170.00427 -127.00653 89.67743
-169.2154 -125.93994 90.42053
-170.26672 -125.68054 89.38141
-169.25049 -126.98059 91.60614
-169.9295 -124.62921 90.12604
-169.54803 -126.9928 90.12146
-169.37256 -126.24512 89.52942
-170.2774 -125.97656 89.38141
-169.94171 -124.923706 90.86914
-169.22607 -126.390076 89.37683
-169.3924 -126.838684 89.82391
-167.85889 -126.49689 89.07776
-169.37714 -126.54724 87.59613
-169.70367 -127.14691 89.08234
-169.23676 -126.6861 90.119934
-168.76984 -126.37329 90.119934
-169.06738 -126.23749 88.78479
-169.56635 -127.43683 91.16058
-168.18085 -126.95007 90.11841
-170.13702 -126.268005 90.571594
-170.60394 -126.72882 89.678955
-170.90302 -126.589966 89.530945
-170.26367 -125.37842 91.61224
-169.95544 -125.36926 90.86914
-169.68384 -126.55487 88.04169
-169.05365 -125.78888 89.52789
-169.06738 -126.23749 89.08234
-170.59784 -126.42975 90.867615
-168.75458 -125.92621 89.6759
-170.40558 -125.23804 89.82849
-171.05865 -126.74408 88.93585
-168.50433 -127.70233 88.92822
-167.8894 -127.53906 87.59003
-170.00427 -127.00806 89.37988
-170.00427 -127.00806 89.37988
-170.60242 -126.73035 88.93585
-170.59479 -126.431274 89.678955
-170.89539 -126.29242 90.27557
-170.26825 -125.679016 90.12451
-167.84973 -126.19934 89.079285
-170.11719 -125.823975 89.08539
-169.23523 -126.6861 89.67438
-169.53735 -126.69525 89.6759
-170.27588 -125.97656 88.93585
-169.38934 -126.84021 89.08234
-168.62946 -126.815796 88.78174
-167.24396 -126.17798 89.819336
-169.22455 -126.390076 88.931274
-169.04144 -125.49591 88.04169
-169.3573 -125.798035 89.52942
-169.06586 -126.23901 88.33771
-167.81616 -125.15869 88.783264
-169.06891 -126.23596 89.52789
-168.43872 -125.62256 89.37683
-167.83295 -125.753784 88.038635
-169.05212 -125.790405 89.08234
-167.83752 -125.75073 89.82086
-169.31 -124.46594 87.60071
-168.55164 -124.44 88.04321
-169.30237 -124.168396 88.046265
-168.65997 -123.25897 86.70807
-168.65997 -123.25897 86.41052
-169.07043 -121.78955 86.71112
-169.97833 -121.67053 86.56616
-170.24384 -120.64209 84.635925
-170.24384 -120.64209 84.635925
-171.76208 -120.38727 87.31537
-170.99915 -120.365906 85.82764
-172.98584 -120.877075 83.750916
-171.2555 -119.04144 83.898926
-173.11554 -120.13855 83.90198
-172.88666 -117.75665 83.75549
-175.07019 -119.60907 82.27234
-173.53973 -119.41528 81.37665
-173.6847 -119.27185 80.03998
-174.52545 -117.07306 80.19562
-175.80261 -118.89343 80.04608
-175.35858 -119.477844 78.40881
-176.33362 -121.43555 78.25928
-176.70135 -118.77899 76.927185
-178.10669 -120.01343 76.0376
-177.84729 -121.33789 76.92566
-179.09546 -122.41974 74.99542
-178.60718 -121.36078 76.18408
-177.24762 -121.6156 76.47858
-178.3432 -122.691345 75.43945
-177.4353 -122.81036 75.28839
-177.00348 -123.539734 75.58136
-177.02026 -124.13635 74.83826
-177.74048 -122.81952 75.58594
-177.61688 -123.706055 75.730896
-177.58636 -122.665405 76.92261
-176.55334 -123.67096 76.17645
-176.68762 -123.08197 77.067566
-176.68 -122.784424 77.81372
-176.68 -122.784424 77.81372
-177.75421 -123.11401 77.81525
-177.75421 -123.11401 77.81525
-176.81427 -122.3465 76.475525
-176.81427 -122.3465 76.475525
-178.74298 -120.77026 77.5238
-175.85144 -120.68176 76.7746
-178.24554 -119.57092 76.48468
-177.50854 -120.288086 76.18408
-178.34778 -117.93823 77.0813
-179.42352 -118.42041 76.04523
-178.34167 -117.94281 74.853516
-179.2862 -118.86139 75.44708
-180.91736 -117.72919 74.116516
-181.95953 -117.0166 74.56665
-180.7785 -118.32123 72.03522
-180.70068 -115.79437 73.228455
-182.67517 -115.70587 73.8266
-181.02112 -116.24756 73.524475
-182.86743 -116.89758 73.97461
-183.62427 -116.92352 73.23456
-183.73718 -115.74249 72.343445
-183.18481 -117.35535 73.97461
-184.03473 -115.452576 73.38562
-183.62427 -116.92352 73.23456
-184.63745 -115.3244 72.79205
-184.21936 -116.34674 74.27673
-184.52148 -116.50696 72.64252
-182.6889 -116.15143 73.083496
-184.23767 -116.94031 74.27673
-183.00018 -116.459656 72.639465
-183.00018 -116.459656 72.639465
-183.34045 -117.50946 73.083496
-184.26971 -117.98096 73.53058
-183.92029 -116.63513 73.23456
-183.17108 -116.908264 73.976135
-184.05762 -116.19415 73.08655
-183.01086 -116.7572 73.08502
-183.06732 -118.53943 73.08197
-183.97217 -118.421936 71.29974
-183.37097 -118.55011 72.33734
-181.84357 -118.3548 71.74072
-181.85425 -118.65234 72.03827
-184.28802 -118.72864 71.30127
-183.10852 -119.877625 72.63336
-183.22144 -118.696594 71.29822
-183.98438 -118.71796 72.04285
-184.29718 -119.02466 71.29974
-183.81653 -118.115234 73.82507
-183.81653 -118.115234 73.82507
-185.13947 -116.82434 72.34497
-183.64563 -117.66968 72.04437
-184.7107 -117.70325 72.0459
-184.13086 -118.573 72.33887
-184.88159 -118.15033 73.384094
-185.59723 -116.83807 73.091125
-185.14099 -116.822815 73.0896
-183.32214 -117.06543 71.59729
-185.1532 -117.11731 74.1272
-186.38458 -117.604065 73.091125
-185.73761 -116.397095 73.239136
-185.60791 -117.134094 73.387146
-185.60791 -117.134094 73.387146
-185.60791 -117.134094 73.387146
-185.62012 -117.5827 72.34497
-184.92432 -119.63806 71.89636
-182.82166 -120.16144 74.861145
-184.16443 -119.61365 72.33734
-182.5058 -120.007324 72.4823
-184.73663 -118.4433 73.23303
-183.87299 -119.90051 73.37799
-185.51636 -119.06128 72.491455
-186.57379 -118.7973 73.23761
-185.23865 -119.94324 72.63794
-185.30884 -122.021484 73.82202
-184.81293 -120.82062 72.7829
-182.3761 -120.59631 73.37189
-183.17413 -121.95892 71.88721
-184.70612 -122.30377 72.33429
-182.86285 -121.650696 72.32971
-181.06995 -122.63489 72.32361
-181.99005 -122.81036 72.77374
-180.91278 -122.4823 71.73004
-183.16956 -121.65985 73.37341
-182.15027 -122.9599 74.557495
-181.073 -122.63336 73.36578
-182.96509 -120.01953 72.77985
-181.50024 -121.75293 73.516846
-181.044 -121.89331 71.58356
-183.22144 -118.696594 71.29822
-181.76117 -120.581055 71.58661
-184.30176 -119.02161 73.23151
-183.8623 -119.60297 73.08197
-182.7301 -117.489624 72.63641
-183.81348 -118.118286 72.33887
-182.4173 -117.333984 71.743774
-182.8949 -117.941284 72.039795
-181.09741 -118.927 70.24994
-181.21033 -117.744446 70.10651
-182.09534 -116.8808 70.25757
-181.77643 -116.27655 71.0022
-182.45087 -118.37311 72.039795
-183.04749 -118.09845 70.40558
-182.31659 -118.81409 72.33276
-182.16553 -118.959045 71.29364
-181.6452 -117.01355 71.147156
-181.98242 -118.06488 70.40253
-181.94122 -116.726685 71.15021
-183.29315 -116.17432 71.15326
-182.99103 -116.163635 72.34039
-183.61511 -116.62598 72.789
-182.43103 -117.630005 72.784424
-181.97632 -117.767334 71.59424
-181.05011 -117.29126 72.4823
-180.79224 -118.61725 72.77832
-180.2063 -119.49005 71.884155
-180.35431 -119.34662 71.28906
-180.00183 -117.85278 70.99457
-179.10767 -118.41736 71.88263
-177.59705 -118.96973 68.16254
-179.40979 -118.42804 70.84198
-181.3324 -116.85791 69.514465
-180.14069 -117.411804 71.58966
-179.83246 -117.404175 70.10193
-179.83246 -117.404175 70.10193
-180.1239 -116.96472 71.144104
-180.15594 -118.00537 70.843506
-178.52325 -119.29321 69.79828
-178.98102 -119.306946 69.799805
-179.24042 -117.83142 70.54443
-180.11627 -116.667175 71.88873
-178.63312 -117.959595 70.09735
-181.22101 -118.03894 70.84656
-180.20782 -119.488525 72.62726
-177.73132 -118.22815 70.988464
-177.73285 -118.22662 71.73004
-179.08783 -117.97638 69.65332
-177.40784 -117.77496 69.05365
-175.92316 -118.76526 70.23773
-176.2207 -118.62793 69.644165
-174.71161 -118.87665 70.38269
-175.48676 -119.34662 70.38422
-176.50146 -117.89551 69.34967
-174.39575 -118.57147 69.34204
-177.60315 -118.966675 70.39032
-176.8219 -118.348694 70.09277
-177.4414 -118.81409 69.052124
-178.06396 -118.977356 72.621155
-176.62659 -117.15851 69.05365
-178.90472 -116.77704 71.736145
-177.42157 -118.22052 69.05365
-177.42157 -118.22052 69.05365
-177.42157 -118.22052 69.05365
-179.92859 -115.47394 72.483826
-179.1626 -115.45563 69.80591
-179.1626 -115.45563 69.80591
-180.98907 -115.51056 70.55359
-180.19867 -114.442444 72.039795
-181.59332 -115.38086 71.15021
-180.19867 -114.442444 71.74225
-181.71387 -114.193726 72.789
-180.83344 -115.356445 71.14868
-180.17578 -113.70087 71.743774
-180.98297 -115.21149 71.74225
-181.11725 -114.61792 73.083496
-181.59637 -115.37781 72.63641
-180.99213 -115.50751 71.74225
-180.34668 -114.29901 72.63489
-179.74243 -114.57825 70.84808
-180.87769 -116.693115 71.59271
-179.34875 -116.34674 72.33124
-181.79626 -116.86859 72.04132
-178.62854 -117.66205 71.58508
-181.0379 -116.84265 73.22693
-179.22974 -117.23175 73.96393
-181.32935 -116.555786 72.039795
-180.08728 -115.626526 73.376465
-182.82776 -115.86151 72.04437
-181.02722 -116.54663 72.483826
-181.06537 -117.585754 73.968506
-181.19354 -116.99524 73.07892
-181.3675 -117.59491 73.524475
-180.91278 -117.73224 72.33276
-180.12695 -116.96167 72.63031
-180.31158 -117.85889 72.776794
-179.53186 -117.240906 73.965454
-180.89142 -116.986084 73.37494
-180.25818 -116.2262 72.4823
-181.05469 -117.28821 73.968506
-180.30548 -117.56134 73.96698
-180.7846 -118.31818 74.26453
-180.12085 -116.66412 73.81897
-179.0329 -116.04004 71.88568
-178.60565 -116.91589 72.32666
-179.34418 -116.34827 70.84503
-176.49078 -117.29736 72.32208
-178.46527 -117.20734 73.516846
-178.42865 -116.16974 71.73462
-179.50287 -116.49933 72.03522
-179.2099 -116.78772 72.03369
-179.22516 -117.2348 72.47772
-179.33807 -116.049194 71.88721
-179.09546 -117.9718 72.32666
-178.96423 -118.56079 72.4762
-179.26788 -118.57147 72.03064
-177.76642 -119.26575 72.02606
-179.45099 -119.46564 73.368835
-179.59595 -119.32068 73.2193
-180.47943 -118.45856 72.628784
-179.36401 -116.94183 71.14258
-179.23431 -117.53235 72.032166
-179.53949 -117.53998 73.22235
-179.9942 -117.55524 72.03522
-179.34875 -116.34674 72.33124
-178.21045 -118.83392 71.73004
-179.24347 -117.82837 71.73309
-179.24347 -117.82837 71.73309
-180.14069 -117.411804 71.58966
-181.06842 -117.88483 71.73767
-179.2221 -117.23633 71.28906
-180.4779 -118.46008 71.88568
-181.2561 -118.77594 74.85962
-180.19104 -118.74237 74.85657
-179.99878 -117.552185 73.52142
-181.68488 -118.05115 73.37494
-180.92346 -118.02673 73.07587
-183.21991 -118.392944 74.71619
-181.22864 -118.03589 73.37494
-181.71082 -118.792725 74.11499
-181.41174 -118.93005 74.26453
-181.24542 -118.47839 74.5636
-180.99518 -120.10498 74.55902
-182.19452 -119.6991 73.52142
-180.55725 -120.83588 73.06976
-181.94733 -121.47217 73.220825
-180.85785 -120.69702 73.2193
-181.19507 -121.7453 73.21777
-179.66309 -121.40045 73.21472
-181.52466 -122.49756 73.51532
-181.41327 -123.67706 75.29755
-181.99615 -122.805786 75.44861
-183.1726 -121.6568 74.56207
-180.95093 -123.51837 74.25537
-180.36346 -124.243164 73.361206
-178.67737 -123.742676 73.95172
-179.61731 -124.66583 73.35968
-178.74298 -125.823975 73.94714
-178.74298 -125.823975 73.94714
-179.68597 -126.74408 74.09668
-182.13654 -127.264404 74.697876
-180.12085 -126.01166 75.28839
-182.28607 -127.119446 75.58899
-179.42505 -128.07007 74.54071
-180.43518 -126.31683 75.28992
-180.22614 -129.43268 73.794556
-180.83954 -129.44946 75.28381
-180.83801 -129.45099 74.54071
-180.9082 -131.52924 76.023865
-179.95148 -130.31464 74.24011
-179.52728 -131.18744 75.57373
-179.99878 -131.64825 75.72327
-181.28204 -133.76617 75.427246
-178.52936 -133.23517 76.01471
-179.13055 -132.9544 76.31378
-180.58167 -135.52246 76.46332
-179.91028 -133.57239 76.31683
-178.26996 -134.71222 75.416565
-179.78821 -134.46045 76.164246
-178.56903 -134.57336 74.52698
-179.47083 -134.1568 74.975586
-179.02985 -134.73663 74.67499
-178.72467 -134.729 74.22943
-180.5542 -134.78394 74.97711
-180.75256 -136.12213 76.75934
-179.06189 -135.77728 73.93036
-178.88489 -135.03113 73.33832
-179.1748 -134.5932 73.783875
-180.56488 -135.23102 74.23401
-180.38635 -134.3338 74.531555
-181.02722 -135.39429 74.08447
-180.69916 -134.63898 74.83063
-180.36041 -133.5907 74.086
-180.69763 -134.6405 74.086
-182.63702 -133.5144 73.498535
-181.71844 -133.3374 73.79303
-180.8075 -133.45947 71.710205
-181.5628 -133.18329 73.49548
-180.336 -133.00018 71.858215
-183.56934 -134.14001 73.35205
-182.69348 -135.29816 73.49548
-181.62994 -135.26459 73.93799
-181.3263 -135.25543 74.235535
-183.28857 -134.71832 75.28229
-183.60748 -135.17456 76.02539
-182.74078 -136.63177 75.424194
-181.88477 -138.5376 73.783875
-181.87714 -138.24005 74.08295
-181.57654 -138.22784 75.27161
-179.32281 -139.04877 76.00708
-179.32281 -139.04877 76.00708
-179.32281 -139.04877 76.00708
-180.81512 -138.20343 75.27008
-180.73578 -140.42664 75.70953
-179.20074 -139.93225 76.45111
-179.3869 -141.13007 74.81384
-179.70581 -141.43219 76.15204
-179.69055 -140.98969 75.704956
-178.47443 -140.95154 76.89209
-178.47443 -140.95154 76.89209
-179.982 -140.39917 77.93732
-180.72357 -139.97955 76.15814
-180.10254 -139.51569 77.04773
-180.29938 -141.008 76.153564
-177.83203 -139.88953 76.44806
-179.23279 -140.97595 75.70343
-177.88391 -141.37268 77.93121
-179.06494 -140.52582 74.51782
-179.96368 -139.95667 76.15509
-179.0451 -139.77966 76.3031
-178.43018 -139.61334 76.15204
-178.8971 -139.9231 76.153564
-179.79431 -139.50958 76.00708
-179.6402 -139.35242 76.45264
-179.0039 -138.443 76.75018
-178.23334 -138.12103 76.75018
-178.15704 -140.64331 75.40588
-179.15497 -138.60016 74.96643
-180.513 -138.19427 76.01166
-178.9917 -138.14697 75.56152
-178.35236 -137.23755 75.70953
-179.00848 -138.74207 75.26398
-177.78778 -138.55591 75.704956
-177.92969 -138.11035 77.04468
-178.97644 -137.70142 76.008606
-179.5929 -137.86621 76.15814
-178.71857 -139.0274 77.49176
-178.0365 -136.77979 76.15509
-180.03387 -137.43591 76.309204
-178.27301 -139.46075 75.556946
-178.27301 -139.46075 75.556946
-178.23029 -138.12256 75.56
-178.23029 -138.12256 75.56
-179.71802 -137.13226 75.564575
-178.66821 -137.69379 74.81842
-179.01611 -139.04114 74.520874
-178.79639 -136.80573 75.71106
-178.6377 -136.65314 75.2655
-178.20892 -137.37793 76.75018
-179.55627 -136.82861 75.416565
-179.1153 -137.25891 76.15814
-179.87976 -137.28333 76.90277
-180.80444 -137.75635 76.75629
-179.6814 -136.09314 74.824524
-180.90973 -136.27625 76.164246
-179.27094 -137.41302 76.008606
-179.24805 -136.67145 76.01013
-179.57458 -137.27264 76.90277
-180.16357 -136.84845 75.41809
-180.92804 -136.87134 75.71564
-179.84467 -136.2442 76.45874
-180.78613 -137.16125 77.05383
-179.23737 -136.3739 75.564575
-179.58984 -137.86774 75.41504
-179.24957 -136.66992 76.30768
-177.78015 -138.25531 76.15204
-178.84674 -138.28888 76.89819
-180.18341 -137.5946 73.93036
-179.86298 -136.8393 75.712585
-179.82788 -135.79865 75.41809
-179.73633 -137.72583 76.01013
-180.76935 -136.71875 76.01471
-179.1336 -137.854 75.70953
-179.85382 -136.54022 76.15967
-180.60455 -136.26709 76.46179
-180.90973 -136.27625 76.164246
-180.513 -138.19427 76.01166
-178.14636 -135.59875 74.82147
-180.0232 -137.14142 76.01318
-179.8294 -135.79865 75.71411
-180.61371 -136.56311 76.16272
-179.85535 -136.5387 77.19879
-180.64728 -137.60376 76.45874
-179.56085 -136.82556 77.19879
-178.92303 -136.0672 75.268555
-179.26788 -137.41455 74.81995
-179.0863 -136.51886 74.671936
-180.02625 -137.1399 76.75629
-180.9433 -137.31537 76.16272
-180.0415 -137.73499 75.564575
-180.60455 -136.26709 76.164246
-178.67126 -137.69226 75.56
-179.70123 -136.68823 74.823
-180.75562 -136.42273 74.827576
-179.99573 -136.39984 74.82605
-180.0354 -137.43439 77.05078
-179.8523 -136.54175 75.712585
-180.6427 -137.60681 74.67499
-178.3844 -138.2782 74.964905
-178.36456 -137.53357 76.89819
-181.55365 -137.48474 75.56763
-181.55365 -137.48474 75.56763
-180.62439 -136.86066 76.16272
-179.84161 -136.24725 74.972534
-181.09283 -137.17194 77.79846
-180.64423 -137.60529 75.41809
-180.48859 -137.45117 75.564575
-181.38428 -136.8866 75.71716
-179.05884 -135.47516 76.45874
-180.0232 -137.14142 76.01318
-180.13763 -135.80322 77.94647
-179.11224 -137.26196 74.96948
-178.34015 -136.79047 76.15662
-180.60913 -136.56616 74.67651
-180.61066 -136.56616 74.97406
-181.05316 -136.13434 75.27313
-181.09131 -137.17346 76.75781
-179.84161 -136.24573 75.41809
-181.36292 -136.29303 75.42267
-180.9433 -137.31537 76.460266
-180.73578 -135.6781 76.016235
-180.159 -136.54785 77.6474
-180.6076 -136.26556 77.65045
-181.2973 -134.21478 74.98016
-180.78613 -137.16125 77.05383
-180.62439 -136.86066 76.16272
-182.29065 -136.76758 76.01776
-183.461 -135.318 75.72479
-181.8451 -137.1994 74.8291
-180.74036 -135.67505 77.50244
-181.8039 -135.71014 76.76239
-182.85522 -135.44922 74.83368
-182.85522 -135.44922 74.83368
-182.2052 -134.09271 76.02234
-182.70111 -135.29358 76.17035
-184.65271 -134.4635 76.771545
-183.57544 -134.13544 76.02692
-181.73676 -133.62885 76.76697
-182.9361 -133.22449 74.98627
-183.21991 -132.64008 74.83978
-182.44019 -132.02362 74.83978
-182.56989 -131.1325 76.92108
-182.57141 -131.43463 73.94714
-182.21436 -129.6402 75.4364
-183.2901 -130.12085 73.95172
-183.55865 -129.0924 72.76611
-183.50983 -127.60773 73.21472
-185.00671 -126.76239 73.9624
-184.48181 -124.668884 73.22235
-184.04236 -125.09766 74.557495
-183.13293 -125.2182 73.513794
-183.05511 -122.84241 72.77527
-185.00061 -122.01691 71.59424
-185.00061 -122.01691 71.59424
-185.00061 -122.01691 71.59424
-182.78809 -119.5755 69.66095
-183.04749 -118.09845 70.40558
-183.67767 -118.71033 71.29974
-183.19702 -117.95349 71.29822
-183.72192 -115.448 70.11566
-183.08563 -114.53705 70.56122
-183.05054 -113.497925 70.2652
-181.23474 -113.73749 70.26062
-182.68433 -111.405945 71.01288
-182.25708 -112.43286 70.26672
-181.48041 -111.96442 70.11566
-181.56128 -109.59015 71.014404
-179.98505 -107.91016 70.26825
-179.50897 -107.30133 70.11871
-180.83801 -106.00586 71.16699
-181.68335 -103.804016 72.50824
-180.2887 -103.019714 71.76361
-179.94232 -101.823425 70.425415
-180.19867 -100.3479 69.836426
-178.54309 -100.74005 71.6156
-178.6911 -100.59662 71.318054
-178.06244 -99.98016 71.91162
-178.48053 -98.95935 70.13245
-176.04065 -98.73505 69.8288
-178.3081 -98.210144 70.578
-175.68512 -97.09015 69.83185
-175.50201 -96.19446 69.68384
-174.1623 -97.04285 69.53125
-174.18365 -97.63489 70.56885
-173.2315 -96.42029 70.12329
-173.05145 -95.5246 69.825745
-172.612 -96.10443 69.677734
-171.80481 -94.59381 70.121765
-172.08862 -94.01245 68.93463
-168.14423 -94.18182 70.114136
-169.34814 -93.77289 71.00983
-169.05975 -94.36188 69.522095
-168.92548 -94.94934 69.37256
-167.48505 -92.67883 68.77594
-167.48505 -92.67883 68.77594
-167.19818 -93.2663 68.77594
-166.745 -93.25104 69.81506
-165.42664 -94.99054 68.322754
-165.67688 -93.21747 69.06891
-164.44244 -92.73529 67.8772
-164.61182 -93.1839 69.06738
-164.328 -93.91937 67.578125
-162.02698 -93.10303 69.506836
-162.94403 -93.43109 67.42554
-162.64038 -93.42041 68.16864
-160.21881 -93.7912 67.2699
-160.23102 -94.08722 68.30902
-159.1095 -92.42096 66.52832
-157.91779 -93.27545 66.37421
-160.24475 -94.532776 68.30902
-158.98743 -93.307495 67.86194
-158.42438 -94.77234 67.56134
-157.01141 -93.39447 66.52069
-158.72498 -94.63501 67.86041
-156.10199 -93.51807 65.626526
-156.41632 -93.82172 66.667175
-155.84412 -94.841 67.85126
-155.99823 -94.99817 65.76996
-155.23682 -94.97223 66.51306
-155.05981 -94.07501 67.85126
-155.10406 -95.562744 66.66107
-155.3833 -94.83032 65.91644
-153.10974 -94.90509 66.80298
-154.01917 -94.784546 67.84668
-154.15497 -94.34509 66.807556
-154.15497 -94.34509 66.807556
-152.61841 -93.85071 67.25006
-153.45917 -96.40198 66.80298
-152.8305 -95.788574 66.355896
-151.29547 -95.29419 67.24396
-152.5299 -95.77789 67.840576
-150.01526 -98.07587 66.64276
-151.60522 -95.60394 65.312195
-150.85907 -95.87555 66.796875
-150.7431 -97.058105 66.64581
-150.70953 -96.02051 65.60669
-151.02844 -96.473694 66.34979
-150.03052 -98.5199 66.641235
-150.30975 -97.63794 67.98248
-150.57678 -96.606445 66.4978
-151.01471 -96.02814 66.648865
-151.03912 -96.77124 67.092896
-151.01929 -96.025085 68.13507
-151.98822 -97.987366 66.49933
-151.79749 -96.795654 65.608215
-150.42725 -96.75293 65.901184
-150.30365 -97.64099 66.049194
-149.36829 -97.01843 64.41193
-149.97711 -97.03674 64.860535
-149.87335 -98.36578 67.2348
-151.94397 -96.650696 66.05377
-150.60425 -97.34955 67.5354
-151.857 -98.576355 66.34827
-150.6012 -97.351074 66.49628
-150.42877 -96.7514 66.64581
-151.49078 -96.788025 65.16266
-151.71356 -99.020386 64.56604
-150.6424 -98.68927 65.75012
-151.37634 -97.97211 65.30762
-150.6424 -98.68927 66.04767
-152.32239 -98.88916 66.64734
-152.55432 -96.82312 64.123535
-151.50604 -97.07947 67.837524
-153.20435 -98.028564 65.016174
-152.74963 -98.01178 66.50238
-152.74353 -98.01636 64.271545
-151.9989 -98.435974 65.30762
-152.89459 -97.8714 65.164185
-154.40826 -97.61963 65.90881
-153.63007 -97.15271 64.42261
-152.47955 -99.04175 66.79535
-151.9989 -98.435974 65.30762
-152.58942 -97.86224 64.86511
-151.73798 -99.765015 64.564514
-151.36871 -97.67456 66.05072
-153.27301 -95.50934 64.42566
-152.50397 -95.036316 66.355896
-152.8656 -97.128296 63.679504
-151.82037 -97.54028 65.16113
-151.98517 -97.99042 65.01312
-151.98517 -97.99042 65.01312
-151.52283 -97.828674 64.86359
-151.53503 -98.124695 65.90271
-153.16925 -96.987915 64.57214
-152.29645 -98.14911 65.608215
-152.58026 -97.5647 64.86511
-152.58026 -97.5647 64.86511
-153.20587 -98.02704 65.75775
-152.07062 -100.512695 66.79077
-150.79651 -98.846436 64.41193
-150.64697 -98.98834 64.263916
-151.12457 -99.59717 65.156555
-151.6159 -100.650024 65.89813
-151.88293 -99.62158 64.11743
-151.74866 -100.061035 65.304565
-149.01581 -100.1236 65.59448
-150.66376 -99.43237 65.30304
-150.06866 -99.861145 64.85596
-150.0351 -98.82202 64.4104
-150.02899 -98.52142 65.600586
-150.7721 -98.10333 64.860535
-148.05298 -98.609924 65.29846
-149.58038 -98.9563 64.260864
-148.65723 -98.48175 64.40735
-149.6933 -97.47162 66.64276
-149.6933 -97.47162 66.64276
-149.6933 -97.47162 66.64276
-149.05243 -96.562195 65.008545
-149.6582 -96.432495 65.89966
-146.57593 -95.14923 66.04462
-146.90094 -95.75195 66.49017
-146.90094 -95.75195 66.49017
-146.75903 -95.892334 68.12439
-147.4472 -93.84003 65.60211
-148.69232 -94.76929 66.049194
-147.63184 -94.732666 67.53235
-148.07129 -94.303894 66.64429
-148.07129 -94.303894 66.64429
-146.76666 -96.34247 65.59601
-146.6095 -96.188354 66.04309
-146.84296 -94.12079 64.56146
-145.98236 -95.57495 66.33911
-144.92645 -95.83893 65.59296
-146.31805 -96.624756 65.8905
-146.25244 -94.54498 65.597534
-145.98846 -95.87402 64.852905
-145.85114 -96.162415 67.2287
-145.19196 -94.50836 67.37671
-145.35828 -95.111084 66.041565
-145.9732 -95.277405 66.63818
-146.91467 -96.19751 66.49017
-145.98236 -95.57495 66.33911
-147.07336 -96.3501 66.63666
-145.39337 -96.14868 66.48712
-145.28961 -97.63031 67.07611
-146.55304 -94.403076 66.493225
-146.66748 -93.22357 65.89813
-146.52252 -93.36243 67.23633
-145.61615 -93.48297 67.38129
-145.61157 -93.48602 65.59906
-145.65582 -94.82269 66.63666
-145.86029 -96.458435 67.22717
-147.63947 -95.184326 65.30304
-145.85266 -96.162415 67.526245
-146.7102 -94.56024 65.89508
-147.47162 -94.58313 65.600586
-146.58356 -95.44678 65.29999
-145.36743 -95.407104 66.04004
-145.34454 -94.664 65.74402
-145.99304 -95.87097 66.33911
-146.73004 -95.3064 64.408875
-145.68176 -95.56427 67.37671
-144.7525 -95.08972 67.2287
-145.19653 -94.80896 65.59448
-144.49615 -96.56525 67.37213
-144.01093 -95.6604 66.482544
-145.08057 -95.692444 67.9718
-144.89288 -94.799805 65.8905
-144.79065 -96.42944 65.293884
-143.41888 -96.23566 66.6275
-143.26324 -96.08307 66.48102
-144.06891 -97.44415 66.77551
-143.11676 -96.2265 66.329956
-145.40405 -96.4447 66.78162
-144.78302 -96.1319 65.74097
-146.13037 -95.42999 66.48865
-143.41888 -96.23566 66.329956
-141.17584 -97.354126 66.47339
-142.89246 -98.59161 68.10913
-142.9779 -96.665955 67.22107
-142.86499 -97.85309 67.07001
-143.44025 -96.8277 67.81616
-144.22455 -97.59827 67.074585
-145.44678 -97.78137 67.22565
-144.10706 -98.480225 68.70575
-142.42249 -98.28186 67.06848
-143.68744 -99.80621 66.474915
-143.68744 -99.80621 66.474915
-143.89954 -96.839905 68.115234
-143.92242 -97.58606 67.81616
-144.88983 -99.246216 68.707275
-143.62488 -97.724915 67.9657
-144.53888 -97.90344 67.370605
-144.11316 -98.77777 67.51709
-144.29016 -99.67804 66.32843
-144.41528 -98.78845 67.22107
-144.23676 -97.89276 68.115234
-145.02869 -98.957825 67.07306
-144.0918 -98.18573 66.77399
-145.48187 -98.820496 67.52167
-143.33344 -98.15979 68.25867
-144.53735 -97.90497 67.074585
-146.3562 -97.66235 67.37518
-145.12787 -97.17865 67.96875
-145.72601 -96.89789 68.11981
-145.69244 -95.86029 67.82379
-145.72601 -96.89789 68.11981
-145.43915 -97.48535 67.52319
-145.44067 -97.483826 68.2663
-147.13135 -97.98279 68.566895
-147.26868 -97.54181 68.71643
-148.6496 -98.03162 67.38129
-147.90344 -98.45123 67.378235
-148.76251 -96.84601 67.53235
-147.09473 -96.94214 67.82532
-146.9513 -97.23663 67.526245
-145.25452 -96.58966 66.63208
-147.7478 -98.29559 69.01245
-147.7478 -98.29559 69.01245
-148.48328 -97.579956 68.273926
-147.79816 -99.93286 67.52319
-147.04742 -100.357056 66.482544
-147.66235 -100.5249 66.63208
-148.7091 -99.81232 68.12286
-148.2605 -100.09766 67.37518
-148.2605 -100.09766 67.37518
-147.7066 -101.86157 67.074585
-147.37396 -100.95978 67.22412
-148.0896 -99.64752 66.48712
-148.59009 -100.997925 67.22717
-147.6944 -101.56555 65.885925
-148.15979 -101.72424 67.96875
-149.63531 -100.43793 66.78467
-149.94965 -100.7431 67.23175
-149.05396 -101.15967 67.37518
-149.18365 -100.42114 67.97485
-149.92523 -100.001526 66.49017
-150.71106 -100.76752 66.78772
-146.27533 -99.887085 66.77704
-148.77014 -101.89514 66.63208
-147.99042 -101.12457 68.118286
-150.7248 -101.06201 68.2724
-148.25745 -100.09918 66.633606
-150.40283 -100.75989 65.74707
-150.42725 -101.50299 66.04309
-149.97711 -101.486206 67.97485
-148.78235 -102.19116 67.82074
-150.0824 -100.15564 66.63818
-148.8739 -100.41351 66.48712
-149.64447 -100.73547 66.78467
-149.46289 -99.83978 65.893555
-151.8982 -99.91608 65.89966
-149.00055 -99.52545 67.82532
-150.50201 -99.131775 65.15503
-148.29254 -101.138306 67.07764
-149.76807 -99.850464 65.89508
-148.97766 -98.78235 67.37976
-147.78748 -99.63837 66.78162
-149.42474 -98.498535 67.38129
-148.60687 -96.69342 67.38281
-148.1842 -97.72034 67.37976
-148.4787 -97.58301 66.4917
-148.09418 -94.89746 67.38434
-148.98529 -94.1803 68.72711
-150.32349 -93.333435 67.840576
-153.01208 -91.78314 67.99927
-151.81427 -92.4881 67.25006
-151.81427 -92.4881 67.25006
-151.81427 -92.4881 67.25006
-151.18408 -91.72516 68.29071
-150.57068 -91.56036 67.84363
-152.27203 -92.50336 67.54913
-151.50146 -92.1814 67.25006
-151.3855 -93.36853 66.35742
-153.37067 -93.577576 67.55066
-154.30756 -94.49921 65.91492
-153.9856 -93.7439 67.84973
-154.47693 -94.947815 66.807556
-154.46472 -94.65027 66.51306
-154.46472 -94.65027 66.51306
-152.37732 -95.92438 66.05682
-154.34265 -95.53833 66.65802
-156.04858 -96.48132 67.25464
-157.13196 -97.10693 67.256165
-157.30133 -97.709656 66.66107
-155.26886 -96.014404 65.76691
-155.02167 -97.789 66.059875
-155.49469 -98.246765 67.10205
-155.33447 -98.09418 66.0614
-155.3009 -101.805115 65.164185
-154.33807 -100.14038 66.05377
-152.96478 -99.94812 66.34979
-153.3844 -98.924255 65.164185
-152.64893 -99.642944 65.901184
-154.21295 -101.02692 65.90271
-152.06757 -100.51422 66.04767
-152.52228 -100.531006 65.30609
-153.38898 -98.9212 67.09595
-153.86963 -99.83215 65.01465
-151.77765 -100.79956 67.533875
-151.84021 -98.13385 65.90271
-151.7868 -101.09711 67.2348
-152.04773 -99.76959 67.237854
-150.53711 -100.1709 65.89508
-151.76544 -100.50354 66.49475
-151.09406 -98.55499 65.60364
-152.67639 -100.23346 68.57605
-152.29187 -98.15216 64.12201
-153.23944 -99.06616 66.05377
-153.68347 -98.63434 66.352844
-153.68347 -98.63434 66.352844
-154.12903 -98.20099 68.13965
-152.59552 -97.85919 67.09442
-152.77405 -98.75488 66.500854
-151.5625 -98.864746 67.09137
-154.15955 -99.243164 67.09595
-152.83203 -100.53711 66.79382
-152.99072 -100.6897 67.38739
-155.21393 -98.97919 66.35742
-154.62341 -99.55292 66.79993
-155.39093 -99.879456 65.31525
-156.0318 -100.78583 67.099
-155.38635 -99.575806 67.544556
-155.52673 -99.28589 66.65344
-156.33392 -100.798035 65.91034
-157.4234 -101.42212 67.396545
-156.95038 -100.9613 67.25006
-158.12683 -99.81232 66.66107
-158.94012 -101.47247 65.91492
-159.53674 -101.19476 65.174866
-161.21979 -101.39465 65.77301
-161.05194 -100.94299 66.66565
-161.97205 -101.11847 67.26227
-160.44922 -101.07269 66.51611
-161.85608 -102.30408 66.3681
-160.91614 -101.38397 66.51611
-162.97455 -104.122925 64.88037
-164.7873 -103.733826 65.18402
-164.21204 -104.60205 67.26074
-165.69824 -103.611755 66.52527
-164.04419 -104.15192 66.36963
-163.86108 -103.25928 65.034485
-164.4226 -101.641846 67.118835
-164.77509 -103.13568 67.411804
-167.0517 -103.06091 66.82587
-165.69672 -103.61328 65.78064
-165.37476 -103.01056 65.78064
-165.6662 -102.57263 66.822815
-165.64636 -101.97754 66.52832
-163.86261 -103.25775 66.07361
-165.09247 -103.741455 65.927124
-163.9862 -102.36969 66.67023
-165.48767 -101.675415 67.12189
-164.0091 -103.11432 65.92407
-164.00757 -103.115845 65.182495
-164.1571 -102.97241 66.075134
-165.66772 -102.571106 67.56592
-165.69672 -103.61328 66.078186
-165.41138 -104.04663 67.263794
-165.38544 -103.30505 66.52374
-165.38544 -103.30505 66.52374
-163.99536 -102.66724 66.67023
-164.63013 -103.58124 65.03601
-163.70544 -103.10364 66.6687
-164.43634 -102.0874 67.118835
-163.51776 -101.9104 66.81824
-164.1098 -101.486206 66.07666
-165.47852 -101.37634 67.86499
-164.72778 -101.649475 67.86194
-165.01923 -101.36261 67.12036
-165.78217 -101.3855 67.41791
-165.0238 -101.35956 68.90259
-164.81018 -99.42474 68.01758
-164.54773 -100.90332 66.526794
-165.02838 -101.66016 66.674805
-164.11133 -101.48468 66.52374
-164.56909 -101.49841 66.82129
-164.85443 -100.912476 66.82434
-164.534 -100.45776 66.526794
-165.47546 -101.37787 66.67633
-164.72778 -101.649475 67.414856
-164.83612 -100.16785 68.75763
-165.7898 -101.68457 66.378784
-164.4043 -101.04675 67.863464
-165.79742 -101.67999 69.3512
-166.22925 -101.10474 67.12494
-165.46631 -101.08185 66.67786
-165.92102 -100.94452 67.56897
-166.39557 -101.553345 67.27142
-166.39557 -101.553345 67.27142
-165.80353 -102.13013 66.378784
-165.65552 -102.27356 66.526794
-166.68549 -100.96588 69.05823
-167.91534 -101.449585 68.91022
-166.20789 -100.36011 67.86957
-166.81213 -100.38147 66.682434
-165.93018 -101.242065 67.56897
-166.36658 -100.51117 68.759155
-166.65955 -100.227356 67.57355
-165.62653 -101.23291 68.01605
-165.93018 -101.242065 67.56897
-166.39862 -101.55182 68.31207
-166.66107 -100.22583 68.31665
-165.43884 -100.03815 68.611145
-168.19153 -100.56915 68.31818
-166.25214 -101.69525 68.16406
-165.28015 -99.88403 68.31207
-164.69269 -100.61188 67.12036
-165.74554 -100.34943 65.93475
-165.45868 -100.63324 68.60962
-165.45868 -100.63324 68.60962
-165.45868 -100.63324 68.60962
-165.60364 -100.48828 68.31207
-165.2893 -100.18463 67.56897
-166.51306 -100.36774 68.167114
-166.83807 -101.12305 67.86957
-165.65399 -102.275085 66.07971
-166.20941 -100.35858 68.167114
-164.87427 -101.50757 66.822815
-165.75928 -100.64392 67.41943
-163.95416 -101.32904 67.11731
-163.64136 -101.02234 67.86194
-163.84277 -102.51312 67.56134
-163.95874 -101.32599 68.899536
-164.40125 -101.04828 66.674805
-163.47046 -100.424194 66.81976
-163.78632 -100.88043 65.78064
-163.11798 -98.92883 66.37726
-163.16223 -100.26703 67.118835
-162.22076 -99.3454 66.81976
-162.82043 -99.21875 65.92865
-162.71362 -100.398254 68.30444
-162.83112 -99.51477 66.67175
-160.83069 -98.70758 67.26227
-160.03876 -97.64557 67.559814
-159.5108 -100.15106 67.4057
-158.35419 -97.29309 67.40723
-160.06927 -98.68469 67.26074
-158.53271 -98.19031 67.25769
-157.44934 -97.5647 67.256165
-157.33795 -98.74725 67.848206
-155.35431 -98.53516 68.289185
-155.01556 -97.4884 67.248535
-155.17426 -97.64099 67.84515
-152.58942 -97.55859 68.13507
-154.09698 -97.15881 68.88275
-150.3418 -98.67706 67.533875
-149.75891 -99.55139 66.63971
-149.43085 -98.49396 70.05768
-148.55957 -99.95575 68.26935
-148.55957 -99.95575 68.26935
-149.89319 -98.96088 66.789246
-147.60284 -98.44055 68.862915
-147.00012 -98.57025 69.75403
-145.32623 -98.66638 68.115234
-145.09125 -100.73547 69.29932
-146.12274 -99.731445 68.85834
-143.2785 -100.97504 70.03784
-142.66052 -100.81024 68.69812
-143.26477 -100.68054 68.84766
-141.64886 -102.2583 71.2204
-140.8722 -101.79138 70.47577
-142.99469 -101.71051 69.58923
-140.47394 -103.70941 69.58008
-139.07623 -102.77557 69.43054
-138.24768 -105.41992 69.57092
-139.12201 -104.11224 70.46661
-136.84845 -104.33502 70.75653
-138.69324 -104.98505 70.75958
-136.86066 -104.63257 71.0556
-136.9049 -105.96924 71.49811
-137.67548 -106.43921 70.30945
-137.23755 -107.02057 70.0119
-137.83417 -106.5918 70.90759
-137.87079 -107.629395 72.38922
-137.91962 -109.26514 70.903015
-136.38 -108.62427 71.19446
-136.41357 -109.66339 70.89691
-137.15973 -109.24225 71.195984
-136.16333 -111.28693 71.63544
-135.54688 -111.12213 70.74127
-135.54688 -111.12213 70.74127
-135.57434 -111.86371 72.22748
-134.97772 -112.13837 73.2666
-133.75854 -112.101746 72.221375
-134.11713 -113.74512 72.665405
-136.07025 -113.212585 71.780396
-134.42535 -114.05487 71.180725
-133.25043 -115.20233 72.9599
-132.62482 -114.738464 72.36328
-135.04028 -114.219666 72.52045
-133.57697 -115.95459 72.51282
-134.77478 -115.39917 72.36786
-132.60956 -114.29291 72.36481
-133.86841 -115.51666 72.9599
-133.56781 -115.504456 74.74213
-135.41565 -116.30707 73.70453
-133.47626 -117.43317 73.40088
-134.21783 -116.86249 73.40393
-134.1919 -116.12396 72.36481
-134.77478 -115.39917 72.36786
-134.4986 -116.13159 73.40698
-134.68018 -117.02423 74.446106
-135.17151 -118.38226 71.47217
-133.83331 -119.229126 72.35718
-134.84344 -117.47742 72.66083
-134.74274 -119.10858 72.95532
-133.71582 -120.111084 74.43695
-133.57391 -120.55664 73.098755
-133.37555 -119.06586 73.24982
-134.2926 -119.24133 72.65625
-133.38776 -119.358826 74.43848
-134.01184 -120.12634 71.02051
-133.39081 -119.66095 72.20764
-133.68835 -119.36951 73.69385
-133.92944 -117.29889 73.99597
-134.44061 -119.09943 73.25134
-134.2514 -117.90161 73.402405
-135.49347 -118.68439 73.9975
-134.90906 -119.558716 72.657776
-134.729 -118.663025 72.95685
-133.94623 -118.045044 71.76819
-135.45227 -117.344666 74.74365
-134.33685 -120.578 73.39783
-135.3363 -118.53027 73.40393
-135.52704 -119.721985 74.7406
-136.60431 -120.20416 73.25592
-134.78088 -120.14465 74.44
-135.39276 -120.3125 73.40088
-135.55298 -120.46356 75.18463
-134.79004 -120.4422 74.44
-134.31854 -119.981384 73.39783
-133.42743 -120.70007 73.24829
-133.71277 -120.114136 73.24829
-133.39081 -119.659424 72.506714
-134.75952 -119.400024 75.48065
-134.30481 -119.53735 74.142456
-134.3689 -121.61865 72.6532
-134.74426 -119.107056 73.6969
-135.33783 -118.53027 73.84949
-133.4198 -120.401 73.98987
-132.24335 -121.699524 73.68622
-132.24335 -121.699524 73.68622
-134.03015 -120.417786 74.43848
-135.55145 -120.46509 74.739075
-134.3689 -121.61865 73.098755
-133.91113 -121.60492 72.65167
-134.99146 -122.08252 73.3963
-135.57281 -121.21124 73.25134
-134.81293 -121.18683 73.991394
-134.0622 -121.458435 73.98987
-135.63843 -123.28949 73.69232
-135.32257 -122.83325 74.43695
-135.61859 -122.54486 74.73602
-137.0102 -123.332214 73.99292
-137.37488 -120.52612 73.25745
-136.95831 -121.847534 72.509766
-136.96289 -121.84601 73.994446
-134.42535 -123.40088 72.65015
-135.78796 -123.14758 73.84186
-136.72333 -123.916626 73.69385
-136.61804 -120.80078 71.769714
-135.92987 -122.85614 73.24982
-136.07635 -122.709656 73.39783
-136.04126 -121.67206 73.10333
-136.04126 -121.67206 73.10333
-136.04126 -121.67206 73.10333
-136.08551 -123.15979 71.91162
-136.00464 -120.63446 71.9162
-135.7254 -121.36688 71.6156
-136.6333 -121.24786 71.47064
-136.58142 -119.45953 73.99902
-134.49097 -120.73364 72.95227
-134.49097 -120.73364 72.95227
-134.99298 -122.08252 74.139404
-133.78754 -122.491455 72.94769
-135.78796 -123.14758 74.139404
-136.38 -122.8714 71.76361
-135.95276 -123.59924 73.24829
-134.37958 -122.065735 71.90857
-134.84955 -122.528076 71.46454
-134.84955 -122.52655 71.762085
-135.00061 -122.380066 72.6532
-135.28748 -121.79413 73.991394
-134.09882 -122.79968 71.75903
-133.81958 -123.532104 72.94464
-134.85718 -122.52197 74.43695
-132.90405 -123.35205 73.835754
-132.57446 -122.602844 72.34802
-131.8039 -122.28088 73.091125
-132.14874 -123.62976 71.60187
-133.62122 -122.04132 73.0957
-132.88422 -122.60742 74.8764
-133.18329 -122.621155 73.09265
-132.20367 -120.36133 74.4339
-132.724 -122.457886 73.24219
-133.0307 -122.465515 73.98529
-134.99908 -122.38159 72.35565
-133.0246 -122.47009 71.45996
-131.93665 -121.691895 72.49756
-133.87756 -120.565796 73.098755
-133.78754 -122.491455 72.94769
-133.78906 -122.491455 73.24524
-132.28912 -123.187256 72.943115
-132.13501 -123.03314 73.8327
-131.83594 -123.32153 73.0896
-134.43604 -123.698425 73.09418
-133.75244 -121.450806 72.50366
-134.51538 -121.47522 72.950745
-135.60333 -122.25037 72.95227
-134.09119 -122.50214 72.20459
-134.5398 -122.2168 73.690796
-135.61249 -122.54791 72.506714
-133.51288 -123.524475 71.75598
-135.5774 -121.50879 71.76514
-132.86743 -122.31445 72.351074
-134.66797 -121.632385 71.16852
-135.44464 -122.099304 71.614075
-133.45642 -121.74072 71.75903
-135.60944 -122.550964 71.02051
-134.05762 -121.46149 72.206116
-134.78241 -120.44678 71.76514
-136.34796 -121.83075 72.20917
-135.2356 -120.462036 70.72449
-135.2951 -122.24426 71.466064
-134.50012 -121.18378 70.27435
-134.05914 -121.76361 69.53125
-135.20966 -119.72046 69.984436
-134.66034 -121.33331 71.91162
-134.80682 -121.19141 71.466064
-137.64038 -119.49768 71.476746
-136.86371 -119.18182 68.50128
-135.96802 -119.59686 70.43152
-135.77728 -118.403625 69.98749
-135.77728 -118.403625 69.98749
-136.57227 -119.46411 70.729065
-135.78796 -118.70117 69.98749
-136.23962 -118.71796 68.7973
-136.59668 -120.207214 70.72754
-136.32507 -121.23871 70.72449
-135.88867 -121.81854 70.72296
-136.34338 -121.8338 70.277405
-137.41608 -122.317505 67.75513
-138.73291 -120.57495 69.24744
-137.20856 -120.37659 70.1355
-138.39569 -119.52515 69.24896
-139.18915 -120.588684 69.24896
-137.55493 -121.725464 69.392395
-138.12714 -120.55206 70.73059
-138.29803 -121.15326 70.137024
-138.45673 -121.30585 70.73059
-137.2055 -120.37811 68.94684
-137.25128 -121.71631 69.688416
-138.09204 -119.51294 69.99054
-139.95056 -120.6131 69.25049
-138.13629 -120.851135 70.285034
-138.60016 -121.16547 68.948364
-138.64441 -122.50061 69.39392
-139.37378 -121.484375 69.69299
-138.31635 -121.74835 69.69147
-137.85095 -121.43707 69.39392
-137.5885 -122.76459 69.38934
-136.08398 -123.161316 70.8725
-137.87079 -122.1817 68.20221
-138.64594 -122.50061 69.68994
-136.96289 -122.30072 68.792725
-136.96289 -122.30072 68.792725
-136.67297 -122.58453 70.72449
-136.0611 -122.41669 70.87402
-137.7121 -121.876526 69.98596
-135.61096 -122.54944 71.76361
-136.35864 -122.27783 71.02203
-134.98535 -122.0871 70.87097
-135.63995 -123.59161 70.71838
-134.58862 -123.854065 71.75751
-136.0733 -122.71271 72.35718
-134.98535 -122.0871 71.16699
-134.5398 -122.52197 69.2337
-134.7168 -123.117065 71.90857
-135.27832 -121.80023 70.27588
-134.57184 -123.25897 72.94769
-134.68018 -122.07947 70.42389
-135.31189 -122.839355 70.71991
-134.82208 -121.78497 70.71991
-134.52911 -122.22443 69.53125
-135.31647 -122.83783 72.206116
-136.54938 -123.472595 70.42694
-135.0174 -123.12927 70.42236
-133.92944 -122.351074 70.42084
-136.10382 -123.75488 70.87097
-134.90295 -124.31183 70.2713
-135.34088 -123.88306 68.4906
-135.02502 -123.42529 70.12482
-135.49042 -123.739624 68.63861
-135.79102 -123.446655 71.61255
-135.8139 -124.191284 71.16547
-135.4538 -122.39685 70.8725
-133.77838 -122.49756 69.23218
-135.48279 -123.439026 70.12634
-135.29205 -122.24579 70.27588
-135.46295 -122.6944 70.87097
-135.92987 -123.309326 68.048096
-135.3424 -123.88153 69.53125
-136.03363 -121.67816 69.68536
-135.01892 -123.12775 70.869446
-136.5509 -123.47107 71.170044
-135.78949 -123.44818 70.87097
-134.86938 -123.272705 70.27283
-133.49762 -123.23151 69.23065
-134.66492 -121.63544 69.68231
-134.66492 -121.63544 69.68231
-134.39789 -122.66083 71.16394
-134.39789 -122.66083 71.16394
-135.62927 -123.29559 69.97833
-135.30273 -122.543335 70.27588
-134.4101 -123.109436 70.42084
-135.7605 -122.70813 68.93768
-135.7605 -122.70813 68.93768
-134.7107 -123.12164 69.38324
-136.01532 -121.08307 70.13092
-133.78906 -122.79358 69.973755
-135.28137 -121.798706 71.466064
-134.68018 -122.07947 70.42389
-134.97162 -121.64154 70.8725
-134.84497 -122.5296 69.97833
-135.00519 -122.680664 70.869446
-133.79211 -122.79205 71.014404
-133.79211 -122.79205 71.014404
-134.66339 -121.63544 69.38629
-135.56976 -121.21277 72.20917
-134.98383 -122.08862 70.42389
-134.97314 -121.640015 71.614075
-134.87244 -123.26965 71.76056
-134.61304 -119.99817 70.129395
-135.64148 -123.59161 71.017456
-134.07593 -122.206116 70.71838
-134.82513 -121.78345 71.762085
-135.45074 -122.39838 70.12787
-136.0611 -122.41669 71.170044
-135.02502 -123.42529 70.12482
-133.73413 -121.162415 68.78662
-134.71527 -123.11859 70.869446
-133.79974 -123.24219 68.78357
-133.81042 -123.53821 69.52667
-133.8028 -123.239136 69.973755
-134.54895 -122.81952 69.23218
-135.01587 -123.1308 69.67926
-134.3872 -122.36481 70.42236
-133.96454 -123.38867 71.60797
-133.92792 -122.351074 70.12329
-133.63342 -122.64099 69.67621
-134.86023 -122.82257 72.50366
-132.7591 -123.79761 70.710754
-134.71985 -123.41766 69.38324
-134.1095 -123.246765 70.71686
-134.83582 -122.23053 70.71991
-133.63037 -122.64099 68.933105
-134.552 -122.81647 70.71686
-134.552 -122.81647 70.71686
-134.8465 -122.5296 70.27435
-134.39941 -122.6593 71.6095
-133.638 -122.63641 71.90552
-135.32867 -123.28491 71.46454
-134.11865 -123.54584 70.269775
-134.74579 -124.16077 69.677734
-133.48541 -122.784424 69.973755
-134.53217 -122.2229 70.27283
-132.73926 -123.20557 70.26672
-135.34851 -123.87848 71.46301
-135.7544 -122.40906 70.12787
-135.93597 -123.306274 70.27588
-134.9823 -122.09015 69.680786
-135.60638 -122.55249 69.97986
-136.10077 -123.757935 69.680786
-134.85718 -122.82562 71.017456
-134.83582 -122.232056 70.27435
-135.77881 -123.15369 70.42389
-136.08093 -123.16284 70.12787
-134.86786 -123.272705 69.97681
-135.4599 -122.69592 70.12634
-136.51581 -122.431946 70.13092
-134.42993 -123.703 70.41931
-134.1095 -123.246765 70.71686
-135.64911 -123.88916 69.97681
-133.81348 -123.53668 70.26825
-134.5871 -123.85559 71.014404
-134.69391 -122.37244 71.910095
-133.80432 -123.239136 70.269775
-133.66547 -123.376465 73.39172
-132.30743 -123.78235 72.19696
-130.93872 -123.739624 72.19238
-131.66656 -122.72186 72.94159
-129.80652 -121.624756 72.93854
-129.49829 -121.46759 72.64099
-128.57666 -120.98999 74.42322
-128.6087 -122.02911 74.42169
-127.99835 -122.01233 73.97308
-129.06494 -122.04285 74.71924
-127.249146 -122.283936 74.417114
-128.48663 -122.917175 74.8642
-128.03955 -123.0484 76.64795
-127.430725 -123.1781 75.30823
-127.604675 -123.62518 77.388
-127.29645 -123.61755 76.197815
-127.593994 -123.32916 77.388
-127.62756 -124.368286 77.68402
-127.31018 -124.06311 76.197815
-128.09296 -124.68109 76.6449
-128.25623 -124.98169 77.83356
-127.17285 -124.50256 77.08588
-126.74408 -125.23193 77.82745
-127.65045 -125.11139 76.93787
-125.68512 -125.49591 77.0813
-127.388 -126.4389 76.934814
-129.61426 -124.575806 79.322815
-126.63727 -126.71356 76.63727
-126.17493 -126.55029 76.78375
-127.07977 -126.1322 78.42102
-128.49121 -127.5116 78.42255
-128.49121 -127.5116 78.42255
-127.66266 -125.40741 78.12805
-127.3819 -126.14136 78.125
-127.52533 -125.84839 78.57361
-127.55432 -126.88904 77.082825
-127.674866 -125.70343 79.1687
-126.36719 -127.74353 77.37732
-128.29895 -126.31836 77.830505
-126.79596 -126.864624 78.26996
-128.48053 -127.21405 78.42255
-127.26593 -127.32544 77.52838
-126.79291 -126.86615 77.07977
-127.952576 -124.972534 78.575134
-126.779175 -126.27106 78.56903
-128.62091 -126.92261 77.53143
-129.07867 -126.934814 77.830505
-126.50299 -127.301025 77.07977
-126.81122 -127.31018 77.8244
-127.211 -125.54169 78.57208
-127.13013 -127.76642 78.12195
