-27.748108 1.5670776 -36.60736
-28.128052 1.5548706 -36.605835
-28.404745 1.6459147 -36.357624
-28.612518 1.8745422 -36.4933
-28.379822 2.0305634 -36.419296
-28.38173 1.9561768 -36.605453
-28.238297 1.6628265 -37.015152
-27.941895 1.4499664 -36.793137
-28.363037 1.3626099 -36.569214
-28.351212 1.7719269 -36.08551
-28.351212 1.7719269 -36.08551
-28.177643 2.4456024 -36.12213
-28.177643 2.4456024 -36.12213
-28.207779 2.6664734 -36.34491
-27.90947 2.4902344 -36.383057
-27.835083 2.4177551 -36.75537
-28.06549 2.3742676 -36.345673
-28.255081 2.368164 -36.45668
-28.552628 2.5440216 -36.715317
-28.40004 2.5863647 -36.566544
-28.288269 2.5154114 -36.418533
-28.107834 2.261734 -36.047745
-27.770233 2.1240234 -36.12404
-27.780533 1.789093 -36.310577
-27.407455 1.5403748 -36.86905
-27.132416 1.808548 -36.943436
-27.213287 1.6197205 -37.314606
-27.08702 1.9950867 -37.202454
-27.499008 2.2052765 -36.86676
-27.421188 2.2449493 -37.015152
-27.652359 2.2014618 -36.494827
-27.700043 1.902771 -36.60698
-27.55661 1.6098022 -36.868286
-27.679062 1.3458252 -37.054443
-27.594376 1.6078949 -37.239838
-27.70729 1.6418457 -37.127686
-27.560806 1.4987946 -36.645126
-27.56157 1.499176 -36.34796
-27.563858 1.4251709 -36.273575
-27.764511 1.0848999 -36.348343
-27.653503 0.97694397 -36.720276
-27.419662 1.1329651 -36.86943
-27.425766 0.9475708 -36.869812
-27.465057 0.90904236 -37.018204
-27.465057 0.90904236 -37.018204
-27.565002 1.3511658 -36.831284
-27.879715 1.0444641 -36.607742
-27.757263 1.3072968 -36.68213
-27.485657 1.5014648 -36.385345
-27.387619 0.98495483 -36.75804
-27.38533 1.05896 -36.832428
-27.274704 0.9513855 -36.60965
-27.386475 1.0227203 -36.53488
-27.805328 0.9716034 -36.756897
-27.585983 0.6820679 -36.831665
-27.585983 0.6820679 -36.831665
-27.889633 0.70991516 -36.68251
-27.69394 0.90179443 -36.57112
-27.619171 0.90522766 -36.125183
-27.778244 0.6767273 -36.348343
-27.519989 0.42495728 -36.53488
-27.65541 -0.24719238 -36.610413
-27.48146 -0.76179504 -36.797714
-27.772522 -0.36239624 -36.647797
-27.64473 0.049591064 -36.759186
-27.397537 0.61302185 -36.981583
-27.253723 1.5453339 -36.794662
-26.98822 1.5541077 -36.535263
-27.37999 1.2084961 -36.349106
-27.355957 0.76408386 -36.498642
-27.2995 0.17242432 -36.388397
-27.344894 -0.051879883 -36.500168
-27.12593 -0.3425598 -36.537933
-27.33841 -1.0543823 -36.613083
-27.721405 -1.140213 -36.537933
-27.766037 -1.3645172 -36.61232
-28.038406 -1.5579224 -36.537933
-27.609634 -1.1730194 -36.01799
-27.310944 -1.3496399 -36.09314
-27.038574 -1.1550903 -36.16829
-27.038574 -1.1550903 -36.16829
-26.497269 -0.8785248 -36.354828
-26.76506 -0.9613037 -36.65123
-26.52893 -0.7320404 -36.98616
-26.4637 -1.102066 -37.283707
-26.519012 -1.6605377 -37.50801
-26.52092 -1.7353058 -37.694168
-26.914597 -2.192688 -37.87918
-26.725006 -2.1865845 -37.694168
-26.938248 -1.7112732 -37.54387
-26.930618 -1.4511108 -37.246323
-26.930618 -1.4511108 -37.246323
-26.738739 -1.3328552 -36.689377
-26.957321 -1.0425568 -36.725616
-26.538086 -0.99220276 -36.689377
-26.727676 -0.9983063 -37.060547
-26.6716 -0.44021606 -37.097168
-26.298904 -0.6889343 -37.28409
-26.253128 -0.4650116 -37.43248
-25.708008 -0.03929138 -37.1727
-25.486755 -0.25558472 -37.247467
-25.838852 -0.5630493 -37.2097
-25.813675 -0.970459 -37.247467
-25.941467 -1.4202118 -37.47139
-26.197052 -1.0936737 -37.470245
-26.197052 -1.0936737 -37.470245
-26.220703 -0.61187744 -37.2097
-26.335907 -0.6526947 -37.247086
-26.452637 -0.76789856 -37.4321
-26.194763 -1.0196686 -37.50801
-25.9758 -1.309967 -37.65793
-26.314163 -1.1722565 -37.50801
-26.573944 -0.9197235 -36.94954
-26.879501 -0.9662628 -36.725616
-27.29721 -0.9414673 -36.50093
-27.413177 -0.98114014 -36.203766
-27.413177 -0.98114014 -36.203766
-27.417374 -1.1299133 -36.315536
-27.657318 -1.5083313 -36.46431
-27.611542 -1.2851715 -36.613083
-27.249146 -0.680542 -36.798096
-27.275467 -0.31051636 -37.020493
-27.182388 0.2117157 -37.094498
-27.326584 0.46806335 -36.907578
-27.342987 -0.052642822 -37.168884
-27.276993 -0.38490295 -37.244034
-27.471924 -0.50201416 -36.8721
-27.444077 -0.79803467 -36.724472
-27.52037 -0.8003235 -36.649704
-27.246475 -0.5313873 -36.38954
-27.246475 -0.5313873 -36.38954
-27.057266 -0.6008148 -36.872864
-26.493073 -0.80604553 -37.023163
-26.05095 -1.2367249 -36.838913
-26.00441 -2.1629333 -36.878586
-25.60196 -2.632141 -36.806488
-25.835037 -2.7877808 -36.84311
-26.211166 -2.613449 -36.359406
-26.305008 -1.9855499 -36.28311
-26.338959 -1.8375397 -35.985565
-26.255417 -1.6124725 -35.94818
-26.255417 -1.6124725 -35.94818
-26.327515 -1.5411377 -36.505127
-25.989914 -1.6792297 -36.61766
-26.168823 -1.3515472 -36.80153
-26.161194 -1.0913849 -36.68976
-25.940704 -1.3069153 -36.467743
-26.282883 -1.2794495 -35.983658
-25.860214 -1.1547089 -36.022186
-25.93422 -1.1203766 -36.356354
-25.795746 -0.3742218 -36.503983
-26.02501 -0.41923523 -36.800766
-26.327133 -0.31700134 -36.502457
-26.590729 -0.21324158 -36.12976
-27.095795 -0.5256653 -35.868835
-26.858139 -0.22087097 -35.64644
-26.971054 -0.18692017 -35.720444
-26.625061 -0.06523132 -35.75859
-26.472473 -0.022506714 -35.461807
-26.921463 0.22315979 -35.20012
-26.921463 0.22315979 -35.20012
-26.804352 0.3376007 -35.05211
-27.034378 0.29411316 -34.71718
-27.220154 0.3993988 -34.90219
-26.799393 0.44898987 -35.386276
-26.834106 0.52223206 -35.534286
-26.834106 0.52223206 -35.534286
-26.59111 1.0128021 -35.23712
-26.58081 1.3469696 -35.12497
-26.800919 1.638031 -34.454727
-26.91269 1.7463684 -33.934402
-27.217102 1.7368317 -33.93364
-27.215576 1.8115997 -33.562088
-27.611542 1.3175964 -33.4507
-27.728271 1.2397766 -33.450317
-27.399063 0.84114075 -33.67462
-27.21672 0.58670044 -34.046936
-26.59874 0.9025574 -34.085083
-26.4122 0.7972717 -34.160233
-26.631546 1.0883331 -33.824158
-26.403809 1.0578156 -34.04808
-26.40915 0.8716583 -34.345627
-26.249695 1.0990143 -34.308624
-25.919724 0.70114136 -34.422302
-26.068497 0.8464813 -33.641434
-25.90561 1.222992 -33.2325
-26.073456 0.7362366 -33.084106
-26.180649 0.9548187 -33.120728
-26.290894 1.0620117 -33.343124
-26.142502 0.91819763 -33.529663
-25.868607 1.1863708 -33.343887
-25.868607 1.1863708 -33.343887
-25.912094 1.0375977 -33.00972
-25.76828 0.7823944 -33.122253
-25.541306 0.75187683 -33.16002
-25.431824 0.6072998 -33.086395
-24.868011 0.4020691 -33.3107
-24.754715 0.4058838 -33.013535
-24.754715 0.4058838 -33.013535
-25.143814 0.17242432 -32.492447
-25.371552 0.20256042 -32.34291
-25.939941 0.2593994 -32.118988
-25.981903 0.14724731 -31.89621
-25.636673 0.2319336 -32.08313
-25.297165 0.16860962 -31.89888
-25.3685 0.35209656 -31.674957
-24.884033 0.033187866 -31.713867
-24.891663 -0.22735596 -32.011414
-25.250626 -0.75798035 -32.011414
-25.107956 -1.0505676 -32.04918
-25.520325 -0.8403778 -31.936264
-25.56076 -0.8781433 -31.602097
-25.730896 -0.29029846 -32.08313
-25.8152 -0.55236816 -31.898117
-26.047897 -0.6702423 -31.452179
-25.983047 -1.0017395 -31.155396
-25.751495 -0.88386536 -31.081772
-25.590897 -0.6187439 -31.193161
-25.5085 -0.4688263 -31.750107
-25.411224 0.16441345 -32.195282
-25.564575 0.12321472 -32.08351
-25.564575 0.12321472 -32.08351
-25.86708 0.15029907 -32.194138
-25.86708 0.15029907 -32.194138
-25.710678 0.30403137 -32.08275
-26.130676 0.25405884 -31.933212
-25.940323 0.25978088 -32.00798
-25.89798 0.41007996 -31.89621
-25.932312 0.51956177 -32.0076
-26.083374 0.5519867 -31.858063
-26.49231 0.8358002 -31.89354
-26.288605 1.2489319 -32.26471
-26.664352 1.348114 -32.56035
-26.659393 1.4591217 -32.93152
-26.465988 1.5773773 -32.746124
-26.893616 1.2672424 -32.782745
-26.512909 1.2786865 -32.970047
-26.253128 1.1016846 -32.897186
-26.353836 0.31852722 -32.89833
-26.155472 0.5847931 -32.787323
-26.072693 0.8491516 -32.229233
-26.43776 1.3198853 -32.15294
-26.02501 2.2968292 -32.857895
-25.64392 2.3086548 -33.044434
-25.459671 2.0523071 -33.863068
-25.122833 1.8772125 -33.9756
-24.89853 1.7730713 -33.753967
-25.27275 1.94664 -33.864594
-25.526047 2.3471832 -33.863068
-25.162888 2.9884338 -34.197617
-25.233078 3.1715393 -34.38263
-25.233078 3.1715393 -34.38263
-24.425125 3.4553528 -34.755707
-23.961258 3.65448 -35.128403
-23.613358 3.7757874 -35.87227
-23.034286 3.9779663 -36.579132
-22.605133 4.2877197 -37.173843
-21.819305 5.0533295 -37.694168
-21.496964 5.619812 -37.73079
-21.09108 6.4113617 -38.10234
-20.864105 7.531357 -38.28621
-20.471573 7.9524994 -38.100815
-19.92569 8.33931 -38.695526
-20.17517 8.851242 -38.58185
-19.563675 8.943939 -38.732147
-19.482803 9.056854 -39.215088
-18.746185 9.525299 -39.030838
-17.64412 9.560394 -38.848114
-17.406082 9.864044 -39.25705
-16.555023 10.298157 -39.518738
-16.285706 10.380554 -39.704895
-15.506363 10.884857 -40.67154
-15.190506 11.266327 -40.33699
-14.831924 11.796951 -40.33737
-14.278793 12.445068 -40.449142
-14.001846 12.78801 -40.449524
-13.227463 13.220215 -40.71083
-12.529373 13.650894 -40.67421
-11.848831 13.523102 -40.97328
-11.113739 13.91716 -41.086197
-10.172653 13.612366 -41.31241
-9.534073 13.371658 -41.50009
-9.534073 13.371658 -41.50009
-9.256363 13.714218 -41.611862
-8.407211 14.148712 -41.31584
-7.8762054 15.278244 -41.35208
-7.395172 16.072845 -41.166306
-6.7756653 16.425323 -41.316223
-6.2530518 16.10756 -41.690063
-5.652237 15.903091 -41.728973
-4.4662476 16.088104 -42.103195
-3.7311554 16.52069 -41.732407
-2.846527 16.845322 -41.69693
-2.1144867 17.12761 -42.069626
-2.3097992 16.972351 -42.2554
-1.8966675 16.761017 -42.851257
-2.1591187 16.863632 -42.961884
-1.927948 16.98265 -42.66548
-1.4343262 16.961288 -42.629623
-1.3557434 17.075348 -42.44423
-0.89149475 17.350006 -42.259216
-0.7041931 17.206192 -43.0027
-0.7434845 17.13028 -43.299866
-0.5504608 17.21077 -43.299866
-0.51651 17.06276 -43.59665
-1.014328 16.974258 -42.964172
-0.7488251 16.98265 -42.89055
-0.67367554 16.985321 -42.77916
-0.44174194 17.142105 -42.297363
0.16365051 17.086792 -42.224503
-0.24757385 17.2966 -42.185974
0.23345947 16.827774 -42.819595
-0.045394897 16.3723 -43.45131
-0.47416687 16.025162 -43.525314
-0.18081665 15.700531 -43.41507
-0.55389404 15.911484 -43.33954
-0.8354187 16.607666 -43.44864
-0.7408142 17.204666 -43.187714
-0.8300781 17.980957 -43.185806
-0.7923126 18.020248 -42.702866
-0.61416626 17.655182 -42.518234
-0.5390167 17.58194 -43.14995
0.12893677 17.045593 -43.561935
-0.091934204 17.261505 -43.598175
0.064468384 17.414856 -43.4494
0.4459381 17.501831 -42.892838
0.18081665 17.568588 -42.445755
0.52223206 17.57965 -42.260742
0.8895874 17.182922 -42.299652
1.1863708 16.89415 -43.006897
1.4080048 16.678238 -43.156433
1.9439697 16.73088 -43.75229
2.293396 16.964722 -43.789673
2.4456024 17.007446 -43.455505
2.6805878 17.237854 -43.38112
2.2972107 17.152023 -43.30597
2.1816254 17.07306 -43.677902
2.6016235 17.123032 -43.753815
2.3666382 16.892624 -43.902588
3.136444 17.214203 -43.64357
3.219223 17.440033 -43.346405
2.8388977 17.428207 -43.419647
3.0723572 17.583847 -43.457413
3.0723572 17.583847 -43.457413
2.7202606 17.237854 -43.829346
3.157425 16.619873 -44.27719
3.3023834 16.40129 -44.24057
3.3023834 16.40129 -44.24057
4.2633057 16.727448 -44.390488
4.682541 16.777802 -44.353867
4.764557 16.966248 -44.16771
5.224991 17.091751 -44.24324
4.827881 16.560364 -44.169617
4.864502 16.524506 -43.94722
4.6756744 16.59317 -43.761063
4.3678284 16.472626 -43.685913
3.987503 16.498184 -43.423843
3.9421082 16.274261 -43.46161
4.091263 16.167831 -43.499374
4.240036 16.06102 -43.64891
4.4914246 15.548706 -44.13414
3.94516 15.123749 -43.98384
4.196167 14.686966 -43.53943
4.1786194 14.167404 -43.16864
4.0748596 14.49852 -43.056107
4.425812 14.731216 -43.502426
3.7132263 14.967346 -44.317627
3.422165 15.328598 -44.91043
3.6289215 15.854263 -44.91005
3.1433105 16.13655 -44.574356
3.3805847 16.440964 -44.350815
3.2714844 16.623688 -43.792725
3.036499 16.431046 -43.681335
3.7036896 15.894699 -44.018555
3.4568787 15.330887 -43.79654
3.1288147 15.765762 -43.98079
2.6817322 16.011047 -44.239426
2.3864746 17.449188 -44.161606
2.1907806 18.444443 -44.381714
2.5302887 18.343353 -44.568634
3.0807495 17.729568 -44.682312
3.3164978 16.77208 -44.79599
3.5572052 16.00113 -44.612885
3.5572052 16.00113 -44.612885
3.9718628 15.90271 -44.76242
3.8318634 16.306686 -44.42711
3.9592743 16.75644 -44.129562
4.198456 17.059326 -44.538116
4.0367126 16.757965 -44.278717
4.299164 16.65535 -44.093323
4.491806 16.735077 -44.27948
4.91066 16.786194 -44.057083
5.567169 17.14096 -43.797684
5.791092 16.961288 -44.504547
6.2339783 16.529846 -44.617844
6.3159943 16.71791 -44.617844
6.3194275 16.791534 -44.989395
6.3194275 16.791534 -44.989395
6.589508 16.949463 -44.618225
7.1163177 16.817474 -44.434357
7.741165 16.13121 -44.734955
8.187103 15.810776 -44.73648
8.748627 15.493393 -45.184708
9.043121 15.206146 -45.14885
9.383774 15.217972 -44.40651
9.265518 15.103531 -44.2585
9.274292 15.438843 -43.514633
8.561325 15.675354 -43.883896
8.561325 15.675354 -43.883896
8.421707 16.041565 -44.068527
8.7574005 15.867233 -43.883514
8.621979 15.195084 -43.996048
9.3624115 14.625931 -43.478775
9.266281 14.030457 -43.219757
9.327698 13.587189 -43.035126
9.362793 13.514328 -42.886734
9.101868 13.692093 -42.588425
9.452438 13.924408 -42.923355
9.90715 13.864136 -43.110275
10.346603 13.397217 -42.36908
10.461044 13.400269 -42.554855
10.7105255 12.889099 -42.29622
10.7105255 12.889099 -42.29622
10.206604 12.576294 -42.25807
9.906387 12.677002 -42.665863
9.480286 12.441254 -42.554092
8.992004 12.649155 -42.47818
9.050369 13.28125 -42.62619
9.302521 12.844086 -42.627716
9.510803 12.21962 -42.666626
9.457397 11.735916 -42.443848
9.427261 10.808182 -42.333603
9.025192 11.277008 -42.665863
9.025192 11.277008 -42.665863
8.77533 11.789322 -42.552567
8.850098 11.791992 -42.367554
8.640289 12.341309 -42.5148
9.017563 12.2795105 -42.2184
9.224319 11.618423 -41.996765
9.022522 11.203003 -42.480087
9.306335 10.619354 -41.81328
8.727646 10.379791 -41.329575
8.664322 10.785294 -41.365814
9.010315 10.907745 -41.29181
8.635712 11.044312 -41.58745
8.6753845 11.0824585 -41.698837
8.6502075 10.303116 -41.51497
8.498764 10.335922 -41.477585
8.641434 10.0429535 -41.516113
8.899307 9.790802 -41.517258
9.1259 9.760666 -41.480637
9.1259 9.760666 -41.480637
8.972931 9.718323 -41.44287
8.482742 9.851837 -41.40396
8.292389 9.846497 -41.32881
7.534027 9.859848 -41.73546
7.6740265 9.493256 -41.773987
7.9200745 8.870316 -41.85028
7.913208 8.609009 -42.482376
8.62999 8.44574 -42.484665
8.594894 8.5559845 -42.150116
9.288025 8.874893 -41.742325
9.482956 9.067154 -41.18576
9.117889 9.538269 -40.961075
8.704376 9.673691 -41.21971
8.704376 9.673691 -41.21971
7.919693 10.056686 -41.55159
7.499695 10.006714 -41.624832
7.413864 9.706879 -41.661835
7.4451447 9.485245 -41.58745
7.42836 8.9653015 -41.47644
7.659149 9.009171 -41.6996
7.746887 9.383774 -41.58821
8.135605 9.65538 -41.588974
8.324432 9.586716 -41.8869
8.36792 9.811783 -41.478348
8.36792 9.811783 -41.478348
8.06694 9.913254 -41.66336
8.175278 9.769058 -41.440964
8.323288 9.700394 -40.921783
8.273315 9.289551 -41.21895
8.750534 8.747482 -41.146088
8.171463 8.432007 -41.479874
8.024597 8.575821 -41.627502
7.9486847 8.573532 -41.739273
7.85408 9.201813 -41.700745
8.409119 9.924316 -41.588974
7.9669952 10.355377 -41.66107
8.427048 10.480881 -41.661835
7.9906464 9.911346 -41.439056
7.301712 9.741211 -41.698074
7.041168 9.88121 -41.994858
6.4533234 10.492706 -42.401123
6.667328 11.203003 -42.95807
6.667328 11.203003 -42.95807
7.2460175 11.480713 -42.773056
7.774353 11.423874 -42.217255
8.077621 11.472321 -41.32614
8.337021 11.2957 -40.955353
8.109665 11.363983 -40.509033
7.9673767 11.618042 -41.13922
7.7869415 11.833954 -41.955948
7.462311 12.342453 -42.325592
7.2322845 12.260437 -42.58499
7.088852 12.553406 -42.287445
6.9202423 12.066269 -41.953278
7.1754456 11.740875 -41.769028
7.0293427 11.883926 -42.250824
7.25441 11.779785 -42.363358
7.3337555 11.893463 -42.251587
7.4123383 11.969757 -42.251205
7.6007843 11.976624 -41.620636
7.6538086 11.273193 -41.361618
7.5767517 11.2716675 -41.101837
7.227707 11.0759735 -40.80429
7.4543 11.0466 -40.581894
7.54776 11.606216 -40.43274
7.7022552 11.647797 -40.6559
7.7739716 11.500931 -40.953827
7.3997498 11.636734 -41.39862
7.3242188 11.671829 -41.17508
7.3947906 11.563492 -40.618134
7.662964 11.646652 -40.32135
7.989502 11.21254 -39.802933
7.869339 10.985565 -40.323257
7.869339 10.985565 -40.323257
8.067322 11.175919 -40.880203
7.871628 10.983658 -41.065216
7.6931 11.310959 -41.547012
7.8876495 11.503601 -40.80429
7.5122833 11.678314 -40.543365
7.4970245 12.421036 -40.245438
7.847595 12.692261 -40.060043
7.6660156 12.94632 -40.31868
6.991577 13.220978 -40.613174
6.548691 13.65242 -40.499496
5.7483673 13.552856 -40.75775
5.407715 13.579178 -40.90576
5.588913 13.326263 -40.647125
5.620575 13.104248 -40.79628
5.624008 13.253403 -40.42473
5.5870056 13.289261 -40.387726
5.734253 13.144684 -40.425873
5.90744 12.630844 -40.315628
5.461502 12.950516 -40.31372
5.337143 12.649918 -40.05356
4.948807 12.378311 -40.164185
4.0016174 12.459946 -40.236282
4.286957 11.837006 -40.684128
4.4029236 11.877441 -40.8329
4.3785095 12.360382 -40.126038
4.8023224 12.521744 -40.34958
4.433441 12.881851 -40.273285
4.433441 12.881851 -40.273285
4.1843414 12.16774 -40.942764
4.1843414 12.16774 -40.942764
4.40979 12.138748 -40.423203
4.9591064 11.525726 -40.016937
4.219818 10.983276 -40.016174
4.260254 11.096573 -39.60762
3.9230347 11.196518 -40.01541
3.0269623 11.688614 -39.937973
3.2951355 12.95929 -39.824677
3.2951355 12.95929 -39.824677
3.5305023 13.189316 -39.787292
3.390503 13.631821 -39.043045
3.987503 13.278961 -39.082718
3.81279 12.606049 -38.563538
4.0172577 13.057327 -38.563156
4.240036 12.83989 -39.38179
4.2949677 13.398361 -39.157867
4.5036316 13.923264 -39.714813
4.506302 13.997269 -39.974976
4.962921 14.086914 -39.121628
4.954529 13.827133 -39.12201
5.2829742 13.430405 -38.82637
5.4195404 12.952805 -38.715744
5.514908 12.324524 -39.050674
5.7014465 12.218857 -39.051437
5.81131 12.110519 -38.977432
5.8063507 11.961746 -39.0522
5.6869507 11.80954 -39.01558
5.5625916 11.471558 -39.090347
5.379486 11.65123 -39.27536
5.5000305 11.878967 -38.755417
5.5000305 11.878967 -38.755417
5.5812836 12.067413 -38.45787
5.893326 12.336731 -38.383865
5.893326 12.336731 -38.383865
6.186676 12.049866 -37.976837
6.7131042 11.842728 -38.313293
7.100296 12.04071 -38.425064
7.1811676 12.230301 -37.755585
7.340622 12.458038 -37.792587
7.3425293 12.532043 -37.71782
7.1453094 12.340164 -37.60643
7.2986603 12.382126 -37.644196
7.3474884 12.755203 -37.12349
7.201004 12.974548 -36.6024
7.3192596 13.127899 -36.08246
7.4718475 13.132477 -36.19423
7.660675 13.063431 -36.751938
7.5077057 13.021469 -36.974716
7.400131 13.202667 -37.494278
6.9465637 13.262558 -37.753296
6.481552 12.988663 -37.49199
6.483078 13.063431 -37.120056
6.365967 12.986374 -36.748123
6.583786 12.696457 -36.45172
6.1706543 12.869263 -36.37657
6.2854767 12.872314 -36.674118
6.2023163 12.608337 -37.15706
6.2023163 12.608337 -37.15706
6.1351776 12.865829 -37.41684
6.3632965 12.83493 -37.86316
6.3632965 12.83493 -37.86316
6.59523 12.9535675 -37.900925
6.300354 13.241577 -37.937164
6.103897 13.050079 -37.75139
6.0653687 13.011932 -37.86316
5.4843903 12.659454 -37.9364
5.4065704 12.620926 -37.602234
5.174637 12.502289 -37.564087
5.471039 12.289047 -37.342453
5.445862 12.696457 -37.2303
5.7811737 12.483597 -37.379837
6.1252594 12.530518 -37.71515
6.1222076 12.456512 -37.529373
5.926132 12.265015 -37.60376
5.923462 12.1910095 -37.417984
5.622101 12.255859 -37.41722
5.0876617 12.164688 -37.601852
5.3840637 11.9133 -37.78839
5.1620483 12.129974 -37.45308
5.372238 11.5802765 -37.491608
5.4058075 11.433029 -37.454224
5.0186157 11.236572 -37.08229
5.096817 11.237717 -37.825394
4.8065186 11.711502 -37.303543
5.044937 12.015152 -37.526703
5.498886 11.95488 -37.45308
5.2230835 11.687088 -37.00714
5.411911 11.618423 -37.490845
5.216217 11.46431 -37.231064
4.8049927 11.674118 -37.266922
5.068207 11.57074 -37.52823
