-170.96405 -120.388794 72.45178
-170.69397 -121.41724 73.19183
-171.06323 -123.50769 71.7041
-170.84198 -121.2738 73.04382
-172.51129 -121.17615 72.750854
-170.70618 -121.71478 73.93494
-170.71838 -122.161865 72.74475
-170.89081 -122.909546 71.85211
-171.29211 -121.14105 72.45026
-170.68939 -121.42029 71.26007
-171.76514 -121.7514 72.006226
-170.21484 -120.6604 73.48938
-171.15631 -121.580505 73.04535
-170.3598 -120.51849 72.30072
-171.03424 -122.465515 73.48938
-171.94061 -122.34802 72.59979
-171.94061 -122.34802 72.59979
-171.94061 -122.34802 72.59979
-171.94061 -122.34802 72.59979
-172.09015 -122.203064 73.490906
-172.10236 -122.80121 71.2616
-172.10236 -122.80121 71.2616
-171.63849 -122.33887 73.342896
-171.18988 -122.61963 73.04382
-169.9707 -122.43347 73.931885
-171.94519 -122.3465 74.08447
-170.85724 -121.87195 71.55762
-171.04034 -122.76611 72.44873
-171.36841 -123.51837 72.447205
-171.7865 -122.19391 73.93646
-171.0022 -121.424866 73.93646
-170.74738 -123.202515 72.00012
-171.19751 -122.917175 72.59674
-171.16241 -121.8811 71.55914
-171.31195 -121.736145 73.19336
-171.02509 -122.169495 73.48938
-171.63849 -122.33887 73.342896
-170.4071 -121.85364 74.08295
-170.73364 -122.75696 72.00165
-170.72449 -122.45941 72.00165
-172.7127 -122.66846 73.34442
-171.83533 -123.828125 73.19031
-171.78497 -122.19391 73.490906
-171.18835 -122.61963 72.59827
-169.77844 -121.23871 73.783875
-171.78497 -122.19391 73.490906
-172.09625 -122.50214 72.45026
-170.4544 -123.33832 74.079895
-171.90552 -121.310425 71.56067
-170.69092 -121.41876 72.003174
-171.61102 -121.595764 72.60132
-171.0556 -123.210144 72.74475
-171.0556 -123.210144 72.74475
-171.78497 -122.19391 73.490906
-171.79108 -122.49298 72.45026
-171.63696 -122.33887 73.04535
-170.84198 -121.2738 73.04382
-172.52045 -121.473694 73.19641
-171.03271 -122.46704 72.74628
-171.16547 -121.87805 73.04535
-170.08972 -121.54846 72.59674
-172.24731 -122.35718 73.34442
-170.69397 -121.41724 72.74628
-172.55402 -122.51434 73.194885
-171.0434 -122.76306 73.48938
-171.5683 -120.259094 72.602844
-171.60187 -121.29822 72.60132
-171.64459 -122.63489 72.59979
-171.78345 -122.195435 73.19336
-171.15479 -121.580505 72.59979
-170.21637 -120.6604 73.93494
-171.95892 -122.943115 72.299194
-171.30737 -121.7392 71.2616
-172.09778 -122.50061 73.19336
-171.64917 -122.63336 74.08447
-171.3028 -121.43707 72.7478
-171.18988 -122.61963 73.04382
-169.77539 -121.24176 72.29767
-171.62323 -121.89331 73.34442
-170.77942 -119.49463 71.11511
-170.72296 -122.46094 71.258545
-170.71686 -122.16339 72.447205
-171.14563 -121.284485 72.30072
-171.3028 -121.43707 73.19336
-171.18988 -122.61963 73.04382
-171.02356 -122.17102 73.19183
-171.36841 -123.51837 72.447205
-170.8725 -122.317505 71.55609
-170.92438 -123.950195 71.850586
-170.29724 -123.18573 73.93036
-171.18225 -122.32361 73.34137
-172.56012 -122.813416 72.006226
-170.90302 -123.35663 71.10901
-171.669 -123.37799 73.04382
-172.24731 -122.35565 73.78845
-170.70007 -121.717834 71.70563
-171.15936 -121.8811 70.814514
-171.3562 -123.22235 72.00165
-170.41779 -122.30072 72.59674
-171.32568 -122.18323 72.44873
-172.24731 -122.35718 73.34442
-171.16241 -121.87958 71.85669
-172.24731 -122.35718 73.34442
-172.86682 -122.82257 72.750854
-172.65167 -120.88623 72.60437
-172.06268 -121.46149 72.45178
-172.82104 -121.4859 71.71173
-172.84088 -122.23358 70.224
-172.08862 -122.20459 73.19336
-174.51477 -121.98334 73.350525
-173.86475 -120.77789 72.457886
-172.03369 -120.72296 70.521545
-172.78595 -120.4483 70.97168
-172.78595 -120.4483 70.97168
-174.05396 -121.97266 71.56677
-173.57178 -121.21277 70.97168
-174.0448 -121.673584 71.86432
-174.5102 -121.98639 71.56677
-174.76501 -120.6604 69.340515
-172.67761 -121.93298 69.332886
-174.84741 -123.03467 71.56525
-174.83368 -122.73865 70.08057
-174.54376 -123.02399 71.86127
-175.01678 -123.63434 70.5246
-174.59106 -124.51172 71.562195
-175.62256 -123.50311 71.86432
-176.54114 -123.67859 71.717834
-175.6424 -124.09973 71.56525
-175.19684 -124.53003 70.81909
-174.70703 -123.324585 72.75391
-173.97766 -124.34387 71.70868
-175.16785 -123.48633 72.605896
-175.02899 -123.92883 72.00928
-175.53253 -125.4303 72.00928
-176.86768 -124.4339 72.013855
-175.23346 -125.56915 71.562195
-176.12762 -125.00305 71.71326
-176.60065 -125.460815 73.20099
-175.50507 -124.69025 70.5246
-175.47607 -123.646545 72.01233
-175.45166 -122.90497 72.013855
-175.42877 -122.31445 70.2301
-175.177 -123.78693 71.56525
-174.8825 -124.07379 72.3053
-174.84741 -123.03314 71.86279
-174.84741 -123.03314 71.86279
-175.7782 -123.65723 71.269226
-175.68665 -120.83588 71.2738
-173.45886 -122.39838 71.118164
-174.68414 -122.58148 73.20099
-174.64142 -121.546936 69.488525
-176.46027 -121.30432 70.23468
-174.49799 -121.69037 70.37659
-176.6037 -121.01288 70.82977
-176.59149 -120.71838 69.64264
-177.4643 -119.56024 68.75305
-177.19727 -120.588684 69.792175
-176.44348 -120.86182 69.49463
-177.49481 -120.29724 70.98389
-173.52142 -119.73114 69.784546
-173.52142 -119.73114 69.784546
-173.52142 -119.73114 69.784546
-174.43848 -119.90967 69.63806
-174.96796 -122.302246 68.296814
-175.73242 -122.325134 69.784546
-176.31989 -121.74835 69.63959
-173.60382 -122.25647 70.52307
-173.9151 -122.5647 69.48395
-175.16022 -123.49243 69.33594
-176.31683 -121.447754 71.57135
-176.93024 -121.76819 69.64111
-175.5951 -122.76306 70.08209
-175.58746 -122.46704 70.37811
-177.88086 -122.984314 70.236206
-177.38953 -121.77887 70.82977
-175.90027 -122.77222 70.08362
-176.3092 -121.45233 68.89496
-175.8789 -122.02911 71.12579
-177.87323 -122.68677 70.53375
-178.35693 -123.44055 72.01996
-176.5152 -122.93854 71.2738
-177.24152 -121.925354 70.53375
-179.70123 -122.7417 70.98541
-178.45764 -121.81244 71.57745
-178.48206 -122.55554 71.57593
-179.10309 -123.01941 70.98389
-179.54407 -122.58911 70.83435
-177.85492 -121.94061 72.76459
-177.71912 -122.53113 71.128845
-180.13611 -122.01233 71.73004
-180.92041 -122.77985 71.284485
-180.66406 -124.25537 71.875
-180.13611 -122.01233 72.02759
-180.19562 -123.79303 72.47009
-182.56989 -122.08862 71.736145
-181.37512 -122.64252 73.06976
-180.32684 -123.202515 72.61963
-182.29065 -122.821045 71.73309
-181.54297 -123.091125 73.51532
-181.35681 -122.19849 71.88263
-181.25 -123.53058 72.47162
-180.46875 -122.761536 73.21472
-180.87921 -121.440125 72.02911
-182.57294 -122.0871 72.776794
-182.96509 -120.01953 72.77985
-181.06842 -122.63489 71.87958
-181.06842 -122.63489 71.87958
-182.38373 -120.892334 73.07434
-182.59583 -122.8302 72.47772
-180.30853 -122.60895 72.621155
-180.44586 -122.01843 73.513794
-180.4596 -122.465515 73.21472
-179.70886 -122.73712 73.9563
-181.80847 -121.91467 73.368835
-180.34058 -123.6496 72.32056
-181.2027 -122.0459 72.47467
-178.47137 -122.10541 73.80524
-180.2185 -124.53766 72.46857
-179.9881 -122.15729 71.580505
-180.03693 -123.638916 72.6181
-180.47333 -123.06213 71.28296
-180.62897 -123.21625 71.13342
-178.81622 -123.60382 71.128845
-181.83746 -122.95532 71.8811
-180.87463 -121.44318 70.24536
-181.0028 -120.55359 72.62573
-180.82886 -119.958496 70.54596
-181.13403 -119.966125 71.28906
-179.64478 -120.95795 71.73004
-180.27039 -121.57135 70.8374
-180.10559 -120.97015 72.77222
-181.28204 -119.82117 72.32971
-181.88477 -119.69452 70.99609
-181.02112 -121.147156 72.62573
-181.15387 -120.407104 73.51837
-180.80444 -118.91174 74.263
-182.78198 -119.12384 72.63336
-182.78198 -119.12384 72.63336
-181.27594 -119.52057 73.817444
-182.04346 -119.844055 72.63031
-182.35931 -120.15228 72.33124
-181.27594 -119.522095 73.37341
-180.97687 -119.81201 71.884155
-181.74438 -119.83185 74.56055
-182.06787 -120.58716 72.628784
-181.3858 -122.93854 73.36731
-181.47125 -121.014404 71.73462
-182.9483 -119.42291 73.97003
-182.04651 -119.84253 73.817444
-180.06897 -119.932556 71.28754
-180.1239 -121.41266 74.2569
-182.22046 -120.440674 73.96698
-181.35223 -121.899414 73.368835
-182.59735 -122.828674 72.77527
-181.22101 -122.4884 73.513794
-181.80084 -121.6156 74.11041
-182.21893 -120.440674 73.52142
-181.91376 -120.433044 72.77832
-181.91376 -120.433044 73.22388
-180.41077 -120.97931 73.21777
-181.43921 -119.973755 72.03369
-179.61273 -119.9173 72.02911
-179.93927 -120.52002 73.06824
-178.13416 -121.0556 74.10278
-179.0741 -121.977234 73.213196
-180.90057 -122.03522 72.77222
-179.35638 -121.39435 70.98541
-178.47137 -122.10693 73.361206
-179.41284 -123.02704 73.21167
-179.36859 -121.69037 72.47009
-179.54865 -122.587585 72.32056
-179.068 -121.676636 74.253845
-178.48663 -122.55249 73.35968
-177.22778 -121.32568 72.465515
-180.00641 -122.59979 73.065186
-178.36151 -123.4375 73.506165
-178.8208 -123.60077 73.06061
-179.12598 -123.45886 74.69635
-180.16815 -122.74933 74.70093
-178.20435 -123.132324 75.28839
-179.37622 -121.684265 75.442505
-179.67834 -121.69495 74.998474
-178.83911 -123.89374 75.58594
-179.0802 -121.97418 74.99695
-179.52423 -121.54083 76.03912
-179.50592 -121.0968 74.85199
-181.95496 -121.46759 75.746155
-181.56128 -123.53516 75.0
-179.65393 -120.95337 75.0
-179.22668 -121.82922 75.294495
-179.22821 -121.82922 75.590515
-179.53033 -121.839905 74.850464
-181.7215 -119.088745 74.56207
-179.32129 -119.90204 75.74158
-181.34766 -121.59729 75.3006
-181.44989 -119.96765 75.74768
-180.87463 -120.98999 75.74463
-180.99976 -120.10193 76.34277
-180.99976 -120.10193 76.34277
-179.15802 -119.75098 74.85199
-180.20172 -119.03839 75.302124
-181.28662 -119.818115 74.113464
-180.80902 -118.90869 75.74768
-181.23474 -118.03131 75.60272
-180.52216 -119.49463 76.04523
-181.41327 -118.92853 74.71008
-179.60052 -119.31763 74.705505
-181.41327 -118.92853 74.71008
-180.81818 -119.3573 74.263
-180.81818 -119.3573 74.263
-180.81818 -119.3573 74.263
-178.9505 -117.81006 76.48926
-179.19159 -120.7901 74.850464
-177.79236 -119.85779 74.253845
-180.5542 -120.53528 75.29907
-179.12292 -118.71338 73.36731
-179.31366 -119.90662 73.21625
-178.7323 -120.77637 73.80676
-178.40576 -120.02716 73.36426
-178.40881 -120.02411 74.850464
-178.9978 -119.599915 72.77069
-177.65503 -120.4483 72.6181
-178.7323 -120.77789 73.36273
-178.25165 -119.869995 74.70093
-177.52228 -120.88623 74.69635
-179.50897 -121.095276 75.59357
-180.81665 -119.3573 73.5199
-179.96216 -121.110535 74.85199
-179.13818 -119.00635 75.59509
-180.99518 -120.10498 74.55902
-180.99518 -120.10498 74.55902
-179.56238 -122.880554 74.10431
-179.04968 -120.93048 76.18713
-178.70483 -119.73419 75.59204
-179.91943 -119.773865 74.853516
-179.94995 -120.814514 73.809814
-179.48761 -120.503235 74.85199
-179.31671 -119.90509 73.95935
-179.16107 -120.0531 71.87958
-178.23181 -119.2749 74.70245
-180.0766 -119.92798 73.9624
-179.03442 -120.63751 74.25537
-178.60718 -121.66443 73.21167
-179.48456 -120.50629 73.36578
-179.2221 -121.832275 73.80676
-179.92249 -119.77234 75.59509
-178.25165 -119.869995 74.70093
-178.39813 -119.72656 74.55292
-179.18091 -120.495605 74.105835
-180.50842 -119.04907 75.598145
-178.69263 -119.43817 74.55444
-179.45099 -119.46564 73.368835
-179.34265 -120.64667 74.998474
-179.4632 -119.76013 74.853516
-181.28204 -119.51752 75.6012
-179.18549 -120.49255 75.59204
-180.04456 -118.8858 74.70703
-179.62341 -119.911194 75.7431
-179.58832 -118.87207 75.00305
-181.42853 -119.374084 75.00763
-180.53131 -119.792175 75.59662
-180.55267 -120.536804 74.853516
-180.14832 -117.4057 74.56207
-180.23376 -120.08057 74.85504
-181.89697 -119.68689 75.74921
-180.50232 -118.75 76.78833
-180.39703 -120.381165 74.705505
-181.12793 -119.66705 73.220825
-180.20172 -119.03839 75.302124
-181.93817 -121.025085 75.0061
-180.53131 -119.792175 75.59662
-181.27899 -119.51904 74.85962
-181.29883 -120.114136 74.56055
-180.53741 -120.09277 74.11041
-181.1676 -120.703125 75.00305
-181.79016 -121.16699 75.598145
-181.90155 -119.98596 73.52142
-181.20728 -122.04285 74.25842
-183.49152 -121.96045 76.345825
-184.04846 -120.495605 74.71466
-183.17566 -121.65527 75.6012
-182.43561 -122.22443 76.34277
-184.03473 -120.05005 74.71466
-184.02557 -119.7525 75.45776
-182.85065 -121.20209 73.817444
-182.87201 -121.94824 72.32971
-182.6065 -123.12622 72.77527
-182.41272 -121.632385 74.55902
-183.05817 -122.84088 74.261475
-184.14917 -123.61603 75.0061
-183.96454 -122.72186 73.817444
-183.96454 -122.72186 73.817444
-184.42993 -122.88208 74.71161
-182.87811 -121.943665 74.56055
-184.69543 -121.702576 75.30823
-184.25598 -122.283936 74.5636
-185.12573 -120.825195 75.75531
-186.67908 -121.91162 75.460815
-185.75897 -121.73767 74.56818
-185.76508 -122.03674 73.82355
-186.19232 -121.16089 73.23303
-185.34088 -123.06213 73.07892
-183.88672 -120.19501 74.56665
-185.91156 -121.59119 75.75531
-185.00519 -122.01233 73.82202
-184.87091 -122.60437 72.77985
-185.78644 -122.78137 72.63489
-186.07788 -122.34497 73.08197
-185.94666 -122.93396 73.228455
-184.65576 -120.66803 73.080444
-182.86743 -121.94977 70.843506
-182.3227 -119.11316 71.14563
-183.0368 -117.80243 70.111084
-182.67822 -116.15906 68.62488
-184.14612 -119.17114 70.40558
-183.84552 -119.158936 71.89331
-184.74274 -118.7439 71.00525
-184.7107 -117.70325 72.0459
-184.8587 -117.559814 71.60187
-186.57837 -119.096375 71.30432
-186.53564 -117.76123 71.30737
-185.90088 -116.84723 72.64557
-185.90088 -116.84723 72.64557
-186.0733 -117.4469 73.239136
-186.49445 -116.42151 71.754456
-184.2575 -117.68799 72.491455
-186.65161 -116.5741 72.34955
-184.83124 -116.81671 70.858765
-184.0683 -116.79382 70.114136
-185.86731 -115.808105 72.647095
-184.92432 -114.88953 71.01288
-184.17816 -115.312195 71.00983
-186.01227 -115.6662 71.310425
-184.98688 -116.970825 70.2652
-184.49554 -115.76843 71.60339
-185.13184 -116.52527 73.0896
-185.70099 -115.3595 71.754456
-185.86426 -115.81116 71.16089
-186.44257 -114.634705 74.28436
-187.26044 -116.44287 73.54126
-187.5824 -117.04559 73.54126
-188.33923 -117.07306 72.05658
-186.03821 -116.407776 71.754456
-185.4126 -115.94391 71.01288
-186.05804 -117.00134 72.49756
-185.4477 -116.98151 72.050476
-185.74219 -116.69617 71.01135
-186.51428 -117.015076 72.49756
-185.43091 -116.38794 72.49603
-184.21478 -116.34979 72.49298
-186.04736 -116.7038 71.754456
-184.06677 -116.4917 73.08655
-185.8963 -116.85028 70.86029
-187.27417 -117.03949 72.05505
-185.40344 -115.64636 71.3089
-187.28943 -117.48657 72.499084
-184.49707 -115.76538 72.64404
-184.83124 -116.81824 70.41321
-184.83124 -116.81824 70.41321
-184.83276 -116.81671 71.15784
-185.9253 -117.59033 72.64404
-183.31451 -116.76788 72.34039
-184.52148 -116.50696 72.64252
-184.52148 -116.50696 72.64252
-185.88257 -116.25366 72.3465
-185.90698 -117.1463 71.15784
-184.552 -117.55066 71.154785
-184.70001 -117.4057 71.74835
-185.93292 -117.889404 71.90094
-184.11255 -118.12897 70.85266
-183.17871 -117.3584 71.7453
-185.43549 -116.68701 70.56427
-185.10284 -115.78674 71.15936
-184.99298 -116.96777 72.49451
-183.26721 -115.434265 70.41016
-184.97314 -116.37421 71.7514
-184.7107 -117.70325 72.0459
-184.07288 -116.79077 71.89789
-183.00629 -116.760254 71.15326
-184.25598 -117.68799 71.74835
-184.70154 -117.4057 72.491455
-183.71735 -115.1474 71.90094
-184.0271 -115.45563 70.85724
-184.0271 -115.45563 70.85724
-183.7677 -116.78314 71.154785
-182.85675 -116.90521 69.81354
-183.58612 -115.88745 71.30432
-182.8247 -115.86456 70.55817
-184.09576 -117.5354 71.15326
-183.90045 -116.345215 69.07349
-184.04999 -116.19873 70.114136
-184.7107 -117.70325 72.0459
-183.59833 -116.33453 70.262146
-182.27386 -117.78107 68.91785
-183.00476 -116.76178 70.40863
-183.30841 -116.770935 70.11261
-182.72247 -117.49573 69.664
-181.84967 -118.65692 69.80896
-181.94427 -117.02728 68.91785
-181.58417 -115.08331 71.15173
-184.96857 -116.378784 69.81964
-185.00061 -117.41791 70.26367
-183.29773 -116.474915 69.36951
-184.52606 -116.807556 70.85724
-183.30688 -116.77246 69.66705
-183.61664 -116.92963 69.81659
-184.09576 -117.5354 71.15326
-182.25555 -117.03186 71.14868
-182.8476 -116.607666 69.81354
-183.01392 -117.056274 70.85266
-183.61969 -116.926575 71.006775
-182.4234 -117.63611 69.81201
-182.42645 -117.63306 71.0022
-184.04999 -116.19873 70.114136
-183.16193 -116.91437 70.55817
-183.16193 -116.91437 70.55817
-184.51385 -116.51306 69.670105
-183.15125 -116.61682 70.26062
-182.45697 -118.67523 69.810486
-183.94012 -117.38129 71.746826
-183.31146 -116.76941 71.15326
-182.14111 -118.36853 69.51294
-184.24835 -117.69409 68.77594
-183.03528 -117.803955 69.66553
-183.00476 -116.76178 70.40863
-182.8598 -116.90216 71.00372
-182.74078 -118.089294 69.662476
-183.01392 -117.0578 70.407104
-183.34045 -117.81311 69.36798
-181.83899 -118.359375 69.80896
-181.05164 -117.59338 69.06433
-181.94733 -117.02423 70.10803
-182.25403 -117.03186 70.84961
-182.29828 -118.52112 69.3634
-183.80737 -118.12134 70.111084
-183.04596 -118.09845 70.10956
-181.8039 -117.32025 69.514465
-182.87354 -117.34924 71.0022
-182.12738 -117.92297 69.51294
-182.10602 -117.32941 69.06738
-183.36029 -118.55621 68.177795
-181.08673 -118.63251 69.50989
-183.04901 -118.096924 71.15021
-182.46613 -118.97125 69.80896
-182.24182 -116.73889 69.366455
-182.73468 -117.79175 70.40558
-184.26056 -117.98706 70.26062
-183.66394 -118.41583 69.81354
-181.21948 -118.04047 70.10498
-181.2088 -117.74597 69.3634
-182.44629 -118.377686 69.810486
-182.00531 -118.80798 70.10498
-183.63037 -117.37671 69.81506
-181.80695 -117.318726 70.55359
-182.29828 -118.52112 69.3634
-182.28455 -118.07556 69.66095
-183.04443 -118.099976 69.664
-183.06122 -118.54401 70.40558
-182.30896 -118.818665 69.36188
-182.1289 -117.92297 69.80896
-182.77283 -119.13147 68.91632
-183.38318 -119.14978 69.662476
-182.76367 -118.83392 68.91632
-183.05817 -118.54553 69.664
-181.86035 -118.951416 70.55054
-182.37457 -120.89844 69.65637
-182.73468 -117.79022 70.851135
-182.91626 -118.68744 70.55359
-184.27734 -118.43109 71.00525
-183.37708 -118.85071 70.40405
-181.99768 -118.50891 71.147156
-181.97174 -117.76886 70.10803
-182.00378 -118.80951 69.36188
-182.94525 -119.729614 69.51141
-182.73926 -118.09082 68.621826
-182.7652 -118.8324 69.3634
-182.7652 -118.8324 69.3634
-182.46613 -118.97125 69.80896
-182.31659 -119.11774 68.914795
-182.43256 -117.93213 69.810486
-181.86798 -119.400024 68.32123
-181.97174 -117.76886 70.10803
-182.16095 -118.9621 69.51141
-182.29828 -118.52112 69.3634
-182.29675 -118.522644 68.91632
-183.70361 -119.755554 68.76984
-182.00378 -118.80951 69.659424
-181.06079 -117.89093 68.76526
-181.66199 -117.76276 68.17474
-182.90405 -118.39142 69.810486
-181.70624 -119.09943 68.91327
-182.1518 -118.66608 69.51294
-181.99005 -118.51349 68.17474
-182.18536 -119.706726 69.80591
-183.70056 -119.451904 71.0022
-183.22449 -118.99719 68.76984
-179.87671 -118.73932 70.840454
-181.3797 -118.34412 69.51141
-183.21533 -118.699646 69.06891
-182.78656 -119.57703 68.91632
-182.16095 -118.9621 69.51141
-182.31049 -118.81714 70.10498
-182.35016 -120.15839 68.61725
-183.07648 -119.14215 68.91785
-182.90405 -118.38989 70.25604
-181.66656 -117.759705 70.10651
-183.05817 -118.54553 69.366455
-183.05817 -118.54553 69.366455
-181.2439 -118.78357 70.103455
-181.22101 -118.04047 70.401
-182.47986 -119.41681 69.80896
-181.99463 -118.51044 70.10651
-181.99463 -118.51044 70.10651
-181.99463 -118.51044 70.10651
-181.82068 -117.915344 68.322754
-182.16553 -118.959045 71.29364
-182.89337 -117.94281 71.29669
-181.71082 -119.096375 70.399475
-182.30133 -118.51959 70.40253
-182.95288 -120.02716 68.32123
-181.8161 -117.6178 69.810486
-181.27899 -119.82269 71.14258
-182.341 -119.859314 69.6579
-181.43463 -119.97833 69.80438
-183.06122 -118.54401 70.40558
-182.30133 -118.51959 70.40253
-182.13959 -118.36853 69.06586
-182.27844 -117.778015 70.40405
-181.42395 -119.68231 69.80438
-183.35266 -118.107605 70.40558
-181.25153 -119.08264 69.36035
-182.16553 -118.959045 70.99762
-182.2998 -118.51959 70.10651
-182.30896 -118.818665 69.659424
-180.78766 -118.6203 71.292114
-182.12738 -117.92297 69.51294
-183.23212 -118.99109 71.74225
-182.27539 -117.77954 69.662476
-182.14264 -118.36853 69.80896
-183.22906 -118.99414 70.55359
-183.08105 -119.13757 70.84961
-181.85577 -118.95294 69.06433
-181.36444 -117.900085 68.766785
-181.99615 -118.51044 70.40253
-182.2998 -118.51959 70.10651
-182.47986 -119.41681 69.80896
-181.84967 -118.655396 70.25452
-182.01599 -119.10553 70.401
-181.43005 -119.97986 68.31818
-181.38428 -118.341064 71.29364
-182.43256 -117.93213 69.810486
-182.12738 -117.92297 69.51294
-182.30896 -118.818665 69.36188
-181.26373 -119.529724 68.91327
-180.32684 -118.60809 69.50836
-180.18494 -119.0506 68.91022
-181.073 -118.33649 68.3197
-181.9931 -118.51196 69.66095
-182.0282 -119.55109 70.10498
-181.07758 -118.333435 70.251465
-182.76062 -118.5318 71.59424
-181.38885 -118.64166 69.06433
-180.77393 -118.32428 70.251465
-180.81665 -119.662476 70.24841
-181.83746 -118.359375 69.51294
-181.69098 -118.499756 70.84656
-182.76672 -118.83087 70.10651
-181.68793 -118.50281 69.659424
-181.68793 -118.50281 69.659424
-179.87213 -118.7439 68.90869
-181.42242 -119.68231 69.50836
-181.87714 -119.39392 71.7392
-182.90405 -118.39142 69.810486
-181.69708 -118.80188 68.91327
-181.45752 -120.721436 69.80286
-181.8695 -119.400024 68.766785
-180.22003 -120.08972 69.65332
-181.97021 -117.770386 69.662476
-181.39801 -118.93768 69.062805
-182.77435 -119.129944 69.66095
-181.08368 -118.63556 68.02368
-180.07812 -120.381165 69.50531
-182.2876 -118.074036 70.40253
-180.80444 -119.36493 69.06128
-181.08826 -118.63098 70.251465
-181.7215 -119.54346 69.36035
-181.83899 -118.359375 69.80896
-181.90613 -120.43915 69.80591
-181.83899 -118.35785 70.25452
-180.78003 -118.62488 68.3197
-181.87256 -119.3985 69.807434
-182.0343 -119.851685 68.91327
-181.08673 -118.63251 69.50989
-182.18231 -119.706726 69.062805
-181.41937 -119.37866 71.73767
-181.85577 -118.95294 69.06433
-182.48749 -119.71588 69.51141
-182.47986 -119.41528 70.25452
-181.72302 -119.54193 70.103455
-182.76367 -118.83392 68.91632
-182.76367 -118.83392 68.91632
-183.2901 -121.07849 68.766785
-182.03583 -119.85016 69.36035
-182.04956 -120.14618 70.399475
-182.0694 -120.88928 69.358826
-180.38788 -120.38727 71.28754
-182.79419 -119.57245 71.59271
-182.93762 -119.43054 69.80896
-181.26373 -119.529724 68.91327
-182.7774 -119.12842 70.40253
-180.51758 -119.799805 70.840454
-183.08105 -119.1391 70.40405
-182.17926 -119.4046 71.29364
-181.4209 -119.68384 68.76373
-180.96313 -119.51752 70.10193
-182.17316 -119.40918 68.766785
-180.51758 -119.799805 70.840454
-181.38123 -118.34412 69.807434
-182.19452 -120.00275 69.50989
-182.33185 -119.56177 69.36188
-181.88171 -119.696045 70.251465
-182.01294 -119.107056 69.36188
-181.09741 -118.92853 69.80438
-182.34406 -119.85626 70.84503
-181.30035 -120.56732 70.1004
-182.98035 -120.76721 70.251465
-180.84717 -120.70465 68.76068
-181.77643 -121.17462 70.84198
-182.05109 -120.14465 71.144104
-182.04803 -120.14618 70.103455
-180.88379 -121.74072 70.24536
-182.22504 -121.043396 69.06128
-180.05219 -119.64111 68.76068
-181.92291 -121.03424 69.50836
-180.24902 -121.13037 68.16559
-180.06287 -119.93561 69.05823
-182.06787 -120.89081 68.91174
-181.1966 -122.04895 70.24536
-182.01599 -119.10553 70.401
-180.96924 -119.818115 68.91022
-181.30951 -120.86334 70.1004
-181.11572 -119.67621 68.02063
-181.72302 -119.54193 70.103455
-182.95898 -120.02411 70.55054
-182.35168 -120.15686 69.36035
-183.08105 -119.1391 70.40405
-182.01141 -119.10858 68.914795
-180.97076 -119.81659 69.3573
-181.15082 -120.71228 69.05823
-181.72455 -119.540405 70.84503
-182.79114 -119.57245 70.84808
-180.77393 -118.325806 69.80591
-181.7627 -120.88165 68.91022
-181.11877 -119.67316 69.506836
-182.78961 -119.573975 70.10651
-181.31104 -120.86334 70.39642
-179.62494 -120.36438 70.98999
-181.28815 -120.12024 70.843506
-181.75507 -120.58411 69.65485
-180.57861 -121.58203 71.58203
-181.14471 -120.414734 69.80286
-181.14471 -120.414734 69.80286
-180.51758 -119.80133 70.3949
-180.51758 -119.80133 70.3949
-180.51758 -119.80133 70.3949
-180.51758 -119.80133 70.3949
-181.91528 -120.73517 70.24994
-180.88379 -121.74225 69.799805
-181.0318 -121.59729 70.39337
-181.31256 -120.86182 71.14105
-181.48804 -121.762085 68.76068
-182.2174 -120.74585 69.50836
-181.44531 -120.425415 68.76373
-179.63104 -120.66345 70.243835
-181.78864 -121.62323 69.65332
-182.10144 -121.93146 68.91022
-179.92859 -120.52765 68.60962
-180.99518 -120.55969 69.355774
-181.12183 -119.67163 70.54596
-181.34155 -121.90552 69.65332
-181.46362 -121.01898 69.05975
-180.99518 -120.55969 69.355774
-182.35626 -120.15381 71.144104
-180.96924 -119.818115 68.91022
-180.55725 -121.13953 69.35425
-181.0379 -121.89636 69.651794
-181.49567 -122.06116 68.315125
-180.99823 -120.55817 70.3949
-181.18744 -121.7514 69.799805
-181.76575 -120.8786 70.1004
-181.77338 -121.17767 69.65485
-183.87604 -120.20111 70.84961
-183.87604 -120.20111 70.84961
-183.26111 -120.036316 69.80896
-181.044 -121.89331 71.58356
-181.2851 -120.12329 69.65637
-181.91376 -120.736694 69.50836
-182.22198 -121.04645 67.57507
-181.80237 -121.917725 71.13953
-181.48499 -121.45996 70.991516
-183.14972 -121.21735 71.59119
-183.16193 -121.66443 70.399475
-181.33545 -121.60492 70.840454
-181.78864 -121.62323 69.355774
-182.6065 -123.12622 72.77527
-182.87506 -122.24884 70.10193
-181.25458 -123.82965 70.24231
-182.6004 -123.1308 70.54596
-182.2525 -121.78345 70.24841
-182.90253 -122.98889 71.14105
-182.85828 -121.65375 70.39795
-182.40051 -121.640015 70.1004
-180.89294 -122.039795 70.24536
-182.90863 -123.287964 70.09888
-181.83746 -122.95685 71.58356
-183.0841 -123.88458 70.991516
-181.4148 -123.98224 71.58203
-181.987 -122.81189 71.73309
-182.58362 -122.535706 70.99304
-182.4707 -123.716736 71.8811
-183.08716 -123.88306 72.4762
-182.29065 -122.821045 71.73309
-180.9433 -123.52295 70.98694
-183.37402 -123.602295 69.80286
-182.13501 -122.66846 72.32666
-180.5069 -124.10126 70.98389
-181.58417 -124.58191 70.98694
-181.24695 -123.532104 71.28296
-182.17621 -124.00665 71.58356
-181.08673 -123.228455 71.87805
-183.51593 -123.309326 69.65485
-181.58417 -124.58191 71.28296
-179.4754 -125.10986 71.27533
-180.99823 -125.15564 72.02301
-182.33185 -124.15924 71.284485
-181.14319 -125.01221 71.875
-181.1203 -124.269104 71.876526
-179.61884 -124.96643 70.82977
-181.32477 -125.9079 71.72394
-180.0888 -125.276184 71.5744
-181.87866 -124.295044 71.13495
-182.35931 -125.20294 69.05365
-180.99823 -125.15564 72.02301
-180.55573 -125.58594 71.72394
-180.23529 -125.13275 70.98236
-181.43768 -124.723816 71.87805
-180.10559 -126.02234 69.34357
-180.1178 -126.31683 70.08667
-180.52216 -124.546814 71.725464
-179.776 -125.120544 70.53375
-181.15234 -125.30975 71.1319
-179.76227 -124.824524 69.496155
-180.11932 -126.31683 70.38269
-180.11932 -126.31683 70.38269
-181.44684 -125.02289 71.57898
-180.05524 -124.235535 71.873474
-180.08575 -125.27771 70.38422
-179.30603 -124.65973 71.128845
-181.01196 -125.6012 72.02301
-179.19006 -125.84381 70.233154
-180.07202 -124.983215 69.64264
-180.3894 -125.286865 70.38574
-178.88031 -125.68512 70.085144
-181.45447 -125.320435 70.388794
-180.15442 -127.35748 71.57135
-181.51245 -127.10266 71.13037
-180.40466 -125.730896 71.13037
-181.06232 -127.23694 71.276855
-180.12238 -126.31531 71.572876
-179.49829 -125.85297 70.97778
-182.66907 -125.209045 71.284485
-181.16608 -125.75531 71.1319
-179.68903 -127.0462 71.57135
-180.28107 -126.62048 70.53375
-180.72815 -126.335144 70.82977
-180.08575 -125.27771 70.38422
-180.61371 -127.52075 70.53223
-179.64478 -125.70801 71.128845
-179.53491 -126.89209 72.46094
-181.64978 -126.66321 70.536804
-180.1117 -126.01776 71.87042
-179.78973 -125.5661 70.53375
-181.97632 -127.41547 70.8313
-180.54352 -125.14038 72.46704
-181.21033 -127.09198 71.87195
-181.21033 -127.09198 71.87195
-180.43823 -126.771545 71.12732
-181.04553 -126.641846 71.72394
-182.1167 -126.97601 70.536804
-178.9032 -126.27716 71.12427
-179.65393 -126.005554 71.12732
-180.42755 -126.32141 72.61505
-179.53186 -126.893616 71.27228
-180.27954 -126.62201 69.79065
-180.45654 -127.36664 71.12732
-181.61926 -125.61951 71.72699
-180.28717 -126.919556 69.4931
-180.42297 -126.32446 70.82977
-180.5542 -125.58746 71.27838
-181.43616 -124.72534 71.13495
-180.42603 -126.32446 71.5744
-180.10864 -126.01929 70.82825
-180.69458 -125.29602 70.8313
-180.58624 -126.62964 70.53375
-180.31311 -127.508545 72.46399
-182.53479 -125.79956 70.39032
-180.08728 -125.276184 71.128845
-181.19202 -126.345825 73.35968
-182.3822 -125.64392 72.47162
-181.4148 -123.98224 71.58203
-180.11322 -126.01776 72.31445
-181.47278 -125.76294 72.32056
-180.22614 -124.83368 71.725464
-180.65643 -123.957825 72.32056
-181.62842 -125.91705 71.725464
-182.52106 -125.35248 70.83588
-180.31616 -122.90802 71.580505
-181.90155 -125.03815 71.13342
-181.90155 -125.03815 71.13342
-181.90155 -125.03815 71.13342
-180.57251 -126.18103 71.276855
-182.23114 -125.78888 71.13495
-181.35834 -126.94855 72.01996
-180.95093 -123.820496 70.24231
-179.61884 -124.96643 70.82977
-180.12238 -126.31531 71.572876
-180.70068 -125.29297 73.06213
-181.60248 -125.177 70.53833
-180.2826 -126.61896 70.980835
-180.52979 -124.84436 71.27991
-180.71136 -125.74005 71.873474
-181.9046 -125.035095 72.61963
-180.35126 -123.94562 72.61963
-182.22046 -125.34027 72.621155
-182.52258 -125.35248 71.13495
-181.32477 -125.9079 71.72394
-182.52563 -125.35095 72.32208
-181.30188 -125.164795 71.725464
-180.98602 -124.85962 70.98541
-182.50427 -124.757385 71.87958
-181.86798 -123.9975 70.8374
-181.15234 -125.30975 71.1319
-181.31409 -125.61188 71.27991
-182.1289 -122.67151 70.09888
-182.3227 -123.861694 70.98999
-181.4148 -123.98224 71.58203
-181.4148 -123.98224 71.58203
-182.59888 -123.1308 70.24841
-182.86743 -121.951294 70.39795
-181.22101 -122.79053 70.243835
-182.53021 -121.05255 69.50989
-180.1773 -123.50159 69.49921
-181.2439 -123.53363 70.24231
-181.91528 -120.73517 70.24994
-180.44281 -122.021484 72.473145
-182.0404 -119.84711 71.144104
-181.90613 -120.43762 70.251465
-181.44836 -120.42389 69.80438
-179.9057 -119.78302 69.35425
-182.95746 -120.025635 69.807434
-183.38318 -119.14978 69.36493
-180.25665 -116.52832 68.32123
-180.4245 -116.978455 69.36035
-181.62537 -116.42151 70.40405
-180.40161 -116.38794 67.42859
-180.41534 -116.682434 69.36188
-183.10852 -115.2832 69.81659
-181.86035 -114.35242 69.66705
-182.25708 -112.43286 70.26672
-182.27692 -113.17749 69.07654
-181.62537 -111.67145 70.2652
-181.46515 -111.520386 69.374084
-181.61469 -111.37695 69.52515
-181.10046 -109.576416 70.26825
-179.86755 -109.09424 69.374084
-179.68597 -108.20007 68.78052
-180.61981 -108.82263 69.67468
-180.61981 -108.82263 69.67468
-179.84619 -108.351135 70.11871
-180.09644 -106.7276 69.67621
-179.62952 -106.41632 69.081116
-178.25012 -105.92651 70.414734
-177.94647 -105.91583 70.86029
-178.79639 -104.01611 69.825745
-178.18298 -103.845215 70.86334
-178.19061 -104.14276 70.121765
-177.58331 -104.122925 70.86182
-177.07062 -102.47803 68.637085
-176.77002 -102.46582 70.121765
-175.39978 -102.57416 68.333435
-174.78485 -102.2583 69.52362
-174.33167 -102.542114 67.289734
-173.97308 -100.74921 68.333435
-173.0545 -100.57373 67.43927
-172.19543 -102.17743 69.070435
-172.78442 -101.60217 68.18085
-172.0932 -99.06006 68.03589
-171.97876 -100.24414 67.8833
-170.42847 -99.15314 68.9209
-170.8664 -98.72589 67.88483
-170.25299 -98.55652 67.585754
-168.47229 -99.98627 66.83502
-168.61115 -99.69635 65.94238
-168.14575 -99.235535 66.83502
-169.19708 -98.97308 66.09497
-166.89453 -98.158264 66.833496
-165.36865 -97.961426 67.12799
-165.21149 -97.80884 66.82892
-164.00299 -98.06824 66.82587
-164.31122 -98.2254 66.67938
-163.55743 -98.498535 66.38031
-161.60126 -99.03107 66.81824
-162.18262 -98.309326 65.03906
-160.3775 -98.9975 64.28833
-160.3714 -98.6969 66.07208
-158.52966 -98.19336 66.06903
-158.078 -98.32916 65.919495
-157.49664 -99.201965 65.026855
-157.76825 -98.32306 63.690186
-157.30896 -98.00873 65.91644
-157.03735 -99.03717 65.6189
-155.65948 -98.84949 63.832092
-155.3711 -99.131775 66.80298
-155.90515 -96.92383 65.91492
-153.52783 -98.783875 63.82599
-155.15442 -97.19696 65.61737
-154.13666 -98.65112 65.16571
-151.06506 -97.51282 67.38739
-151.40381 -98.71216 66.49628
-151.02692 -96.47522 65.60669
-150.79803 -98.84491 65.156555
-149.12567 -98.94104 64.260864
-148.22235 -99.06006 65.59448
-148.25745 -100.09918 66.33606
-148.98224 -99.08295 65.89203
-148.0774 -99.349976 65.74249
-148.67859 -99.07379 65.89203
-148.0545 -98.6084 65.74402
-148.0545 -98.6084 65.74402
-148.45276 -96.839905 66.04614
-147.7539 -98.59619 67.2287
-147.78442 -99.63989 66.03851
-147.14813 -98.72894 65.59296
-148.15521 -96.97876 65.59906
-148.59314 -96.398926 65.600586
-147.88513 -98.00873 66.34064
-148.91663 -97.00012 66.641235
-151.04523 -97.06879 65.90271
-149.36523 -96.717834 67.08832
-148.54736 -94.91272 66.64429
-148.83575 -94.32373 68.13202
-147.16492 -94.42139 67.533875
-148.55957 -95.3598 65.60364
-149.74976 -94.50226 67.24243
-148.1308 -95.93506 68.573
-145.23315 -95.84656 67.07916
-147.54181 -96.65985 67.37976
-145.98389 -95.57495 67.082214
-145.82367 -95.42236 66.04004
-145.25604 -96.58966 67.07764
-147.86835 -97.413635 67.08374
-144.81964 -97.169495 67.22412
-146.0144 -96.6156 65.8905
-148.10486 -95.34454 66.345215
-146.93451 -96.78955 67.230225
-146.31958 -96.62323 66.63513
-145.83435 -95.71991 66.04004
-145.83435 -95.71991 66.04004
-145.83435 -95.71991 66.04004
-146.344 -97.36633 66.633606
-146.344 -97.36633 66.633606
-147.98126 -96.22955 66.789246
-146.35468 -97.66388 67.07916
-146.96503 -97.83325 65.74249
-145.46051 -98.228455 66.778564
-146.83533 -98.420715 66.33606
-147.84393 -96.67053 67.085266
-148.71674 -95.510864 66.49475
-146.64307 -97.229004 65.74249
-146.78955 -96.93298 67.82532
-145.08972 -96.13953 66.485596
-145.88623 -97.203064 67.52319
-146.02814 -96.90857 67.82379
-144.06891 -97.44263 67.22107
-146.02509 -96.910095 66.337585
-145.40863 -96.7453 65.29541
-144.95087 -96.580505 66.33453
-144.9585 -96.87805 65.59143
-145.07751 -95.692444 67.22717
-145.97626 -95.27588 67.82684
-145.22095 -95.55054 66.633606
-146.77734 -96.63849 66.33911
-144.79065 -96.42944 65.293884
-144.3451 -96.71173 65.737915
-144.22455 -97.59827 67.074585
-144.7464 -95.0943 64.55536
-145.4773 -98.82355 66.03546
-144.37103 -97.454834 66.48102
-146.32874 -96.91925 66.337585
-143.92853 -97.88513 66.329956
-145.44678 -97.78137 67.22565
-144.40308 -98.49548 65.73486
-147.3053 -98.880005 66.48712
-145.93048 -98.84033 64.55078
-146.33942 -97.369385 64.84985
-146.83228 -98.42377 65.1474
-148.51685 -98.9212 64.55841
-147.29462 -98.58551 65.74249
-146.77277 -96.64154 64.852905
-146.6507 -97.528076 65.296936
-147.99652 -96.824646 66.04462
-147.2229 -96.50726 64.25934
-146.94519 -97.24121 65.000916
-149.67346 -97.02911 64.41345
-149.07837 -97.3053 66.04614
-149.94202 -96.00067 63.375854
-150.2655 -96.60187 63.82141
-150.41199 -96.458435 63.6734
-149.01886 -95.52307 65.01007
-150.25787 -96.30432 64.567566
-150.00153 -97.78137 64.85901
-148.92883 -97.45026 65.1535
-148.7442 -96.554565 64.26239
-149.3805 -97.46704 63.371277
-148.60992 -96.99402 65.15503
-148.87695 -95.965576 63.67035
-149.63837 -95.98999 63.6734
-148.18878 -98.020935 65.597534
-149.3515 -96.42334 65.156555
-148.93646 -97.7478 64.85596
-148.89984 -96.70868 63.668823
-148.89984 -96.70868 63.668823
-148.93494 -97.74933 64.112854
-148.77777 -97.59674 63.815308
-148.92426 -97.45178 63.667297
-148.52753 -99.36981 63.516235
-148.4787 -97.88513 63.07373
-147.25494 -97.550964 63.516235
-145.68481 -95.86487 64.85138
-147.49756 -95.62836 63.36975
-147.98737 -96.5271 65.74707
-146.96198 -97.83478 64.55536
-147.54028 -96.961975 63.66577
-146.6507 -97.528076 65.296936
-145.89539 -97.802734 63.80768
-144.39087 -98.19946 64.993286
-147.15729 -99.02649 65.88745
-146.04645 -97.657776 65.1474
-145.26062 -96.88873 65.145874
-146.76971 -96.64459 63.3667
-146.62323 -96.78497 63.812256
-147.11914 -97.99042 64.10828
-145.98694 -95.87555 64.1098
-146.20361 -97.81036 64.99939
-147.18018 -95.17212 63.816833
-145.06226 -95.399475 64.99939
-146.15479 -96.47522 63.069153
-145.71533 -96.90552 64.10675
-146.11359 -95.140076 63.51776
-145.82214 -95.42389 65.296936
-144.79065 -96.42944 64.99786
-144.20776 -97.3053 64.10217
-144.20776 -97.3053 64.10217
-147.70355 -97.265625 64.25781
-145.88623 -97.506714 64.253235
-147.66693 -96.2265 63.07373
-147.25647 -97.54944 64.25781
-146.78345 -96.93756 65.15045
-146.33942 -97.37091 64.40277
-147.25952 -97.54791 65.00244
-146.92688 -96.795654 63.812256
-146.315 -96.62781 64.4043
-147.0581 -95.90607 65.597534
-144.76776 -95.68787 64.99939
-145.27588 -97.335815 65.14435
-144.15588 -95.51849 66.33453
-144.05365 -97.14966 64.54773
-143.30597 -97.421265 66.47797
-144.37103 -97.454834 66.48102
-146.18988 -97.213745 66.78162
-146.61713 -96.4859 65.00244
-147.54028 -96.961975 63.66577
-145.88165 -97.206116 65.73944
-148.13538 -96.38672 65.1535
-146.80023 -97.38312 65.8905
-147.0993 -97.395325 63.66272
-149.54224 -97.92023 62.330627
-147.71423 -97.561646 64.556885
-148.49548 -98.32916 63.81378
-148.94714 -98.04535 65.1535
-147.85156 -96.96655 66.34216
-147.70813 -97.26257 65.74402
-147.11151 -97.691345 64.85138
-147.68982 -96.81702 64.55841
-147.29156 -98.587036 64.55536
-149.086 -97.60437 65.00702
-148.6023 -96.69647 65.89661
-149.85504 -97.924805 65.008545
-149.35913 -96.72089 64.85901
-147.57996 -98.0011 65.59601
-148.04993 -98.61145 64.25781
-145.74585 -97.64557 66.33453
-146.68579 -98.565674 66.03851
-147.61505 -99.0387 66.33606
-147.78442 -99.63989 65.74097
-146.23718 -98.84949 64.99786
-146.96503 -97.83325 65.74249
-148.64655 -98.03314 66.63971
-148.66028 -98.4787 65.893555
-146.66595 -97.81952 67.526245
-148.46649 -97.28851 65.00549
-147.91718 -99.04938 65.59448
-146.18683 -97.21527 65.74097
-146.72699 -99.90387 64.99634
-146.40503 -99.44916 64.8468
-147.61047 -99.043274 64.40277
-147.63489 -99.78485 64.84985
-147.6242 -99.487305 64.84985
-146.72852 -99.90234 66.03546
-147.31293 -99.33014 63.809204
-148.24677 -99.80316 65.8905
-147.28699 -98.28491 67.2287
-147.89734 -98.45581 65.15045
-147.89734 -98.45581 65.15045
-148.05756 -98.60535 67.230225
-148.05756 -98.60535 67.230225
-148.05756 -98.60535 67.230225
-148.06213 -98.905945 65.29846
-147.89886 -98.454285 65.89203
-148.0774 -99.349976 65.74249
-147.79053 -99.93744 64.55231
-149.16382 -99.97864 66.041565
-147.31293 -99.33014 63.809204
-147.34955 -100.36926 65.293884
-145.37659 -100.45471 65.58533
-147.87292 -102.464294 64.99481
-147.7127 -102.160645 65.58838
-148.34442 -102.92511 65.14282
-147.258 -102.145386 66.6275
-148.32153 -102.18048 65.589905
-147.81189 -100.68207 64.253235
-149.49493 -100.87891 65.59448
-149.67499 -101.77612 65.74097
-148.73657 -100.85449 66.33606
-150.7431 -101.80664 66.48865
-150.12665 -101.64337 65.15045
-147.24274 -101.85242 64.10065
-148.72131 -100.56305 64.10828
-147.20154 -100.51575 64.39972
-148.89069 -101.01166 65.29541
-147.80579 -100.382996 65.293884
-147.05505 -100.65613 65.737915
-147.68066 -101.119995 65.589905
-149.9527 -101.04675 64.25781
-149.46289 -99.83978 65.893555
-149.46289 -99.83978 65.893555
-149.79095 -100.59357 65.597534
-150.43488 -101.80054 65.00244
-150.58441 -101.65558 65.597534
-149.19739 -101.01929 65.74249
-150.40588 -101.06201 63.072205
-148.18573 -102.76947 65.29083
-149.96948 -101.49078 65.00244
-151.10168 -103.604126 65.296936
-150.4654 -102.84271 63.81073
-153.65143 -102.6474 63.819885
-150.97198 -104.34265 64.84985
-152.4292 -102.308655 65.600586
-151.55487 -103.619385 64.25629
-152.48413 -104.09393 64.40735
-151.73492 -104.36401 65.59601
-152.15149 -103.19061 65.00397
-154.62341 -104.45709 64.41193
-153.57208 -104.86755 64.85596
-153.17078 -106.48804 65.148926
-152.6947 -106.03027 64.25629
-153.74603 -105.618286 64.25934
-153.01361 -106.33392 65.296936
-154.82635 -106.09436 64.56146
-155.62897 -107.45697 64.260864
-153.93372 -106.510925 65.89203
-153.2196 -107.97272 65.88898
-153.94745 -106.95648 65.59601
-153.22571 -108.27179 64.401245
-154.73633 -108.02307 64.1098
-154.1214 -107.70569 65.000916
-153.71552 -109.324646 64.84833
-154.6341 -109.503174 64.55383
-154.7409 -108.02002 65.59601
-155.78918 -107.60956 64.85596
-154.73785 -108.02307 64.40582
-156.7215 -108.23212 65.30304
-156.56738 -108.078 65.60211
-156.5445 -107.333374 66.345215
-156.84357 -107.34711 64.41193
-157.46765 -107.810974 63.819885
-156.43463 -108.818054 63.815308
-154.92859 -109.21478 65.296936
-155.96313 -108.20618 65.74707
-156.2622 -108.06732 65.600586
-158.71735 -108.73566 66.34827
-158.07343 -107.681274 65.15961
-158.19397 -106.79474 64.26849
-157.34406 -108.695984 65.156555
-158.86841 -108.8913 64.56604
-159.581 -107.28302 65.31372
-160.10284 -109.376526 64.567566
-159.63745 -108.91113 67.24243
-158.71124 -108.436584 67.83447
-160.65521 -107.61261 65.0177
-160.07843 -108.63342 64.56909
-158.40302 -108.428955 66.34827
-158.2779 -109.32007 65.008545
-158.87299 -108.888245 66.4978
-159.61609 -108.32062 65.756226
-158.71887 -108.73566 67.09137
-158.71887 -108.73566 67.09137
-159.29413 -107.86743 64.56909
-157.64313 -108.40607 66.345215
-158.82416 -107.55615 64.26849
-158.8562 -108.29315 67.23938
-158.82568 -107.55463 64.567566
-159.39636 -106.38733 63.679504
-158.07648 -107.67822 66.34827
-157.13806 -106.755066 67.53693
-159.7351 -107.43713 64.419556
-158.63495 -106.36444 63.380432
-158.06732 -107.38068 67.09137
-157.49664 -108.5495 66.49475
-159.10492 -106.674194 65.164185
-158.20923 -107.240295 64.567566
-158.39386 -108.132935 66.64734
-157.77435 -107.8186 66.05072
-157.48138 -108.25653 64.263916
-157.14874 -107.203674 66.4978
-159.43146 -107.42798 64.41803
-157.36237 -109.13849 66.34369
-158.52966 -107.54089 67.240906
-159.09882 -106.3736 66.65192
-158.84094 -107.84912 66.49933
-157.82928 -109.60388 65.304565
-158.2016 -106.79016 66.79535
-158.23364 -107.83081 66.4978
-158.72955 -109.184265 65.15808
-157.18079 -108.24432 65.75012
-157.15637 -107.50122 66.049194
-157.31506 -107.65381 66.64429
-157.31506 -107.65381 66.64429
-159.29413 -107.86743 64.56909
-158.35876 -107.09381 65.904236
-157.76367 -107.52106 65.753174
-158.08868 -108.125305 65.901184
-157.74384 -106.77643 66.79535
-159.43146 -107.42798 64.41803
-158.2138 -107.23724 66.49933
-157.61871 -107.666016 65.60364
-157.61871 -107.666016 65.60364
-157.73315 -106.47888 66.49933
-156.18591 -105.537415 67.83295
-159.59015 -107.57904 65.312195
-159.15527 -108.15735 66.35132
-158.60596 -105.322266 65.16571
-158.18787 -106.49567 65.30914
-157.15027 -107.203674 66.79382
-158.05511 -107.084656 65.60669
-158.2138 -107.23724 66.49933
-158.02765 -106.344604 64.12201
-159.45892 -108.16803 65.904236
-159.41925 -107.13196 63.380432
-159.31396 -108.30994 66.79535
-157.1228 -106.4621 65.30762
-160.45685 -106.1203 65.61432
-160.6247 -106.570435 65.7608
-159.59167 -107.577515 66.0553
-158.51898 -107.2464 66.500854
-159.36737 -105.34668 65.16724
-160.17151 -106.70471 65.61279
-157.44171 -106.76575 66.79382
-158.81805 -107.258606 65.01465
-159.11713 -107.11975 64.86664
-159.68475 -105.6488 67.099
-158.64105 -106.35986 65.90576
-157.8247 -109.30328 66.79077
-158.82874 -107.5531 65.7547
-158.24738 -108.27637 66.49628
-158.52509 -107.54547 65.30914
-158.52509 -107.54547 65.30914
-158.52509 -107.54547 65.30914
-158.61206 -105.61981 64.123535
-160.47668 -106.71539 65.61279
-159.47723 -108.7616 65.90271
-160.00671 -106.25305 66.50543
-160.47058 -106.41632 67.100525
-158.6731 -107.40051 65.60669
-159.729 -107.136536 65.61127
-158.80432 -106.81152 65.31067
-158.52966 -107.54242 66.79535
-160.02197 -106.84967 64.57214
-157.60193 -107.0694 67.09137
-158.51746 -107.247925 65.756226
-160.46753 -106.41785 65.91034
-158.83942 -107.85065 66.052246
-160.46906 -106.41632 66.35742
-159.44672 -107.72095 66.35132
-160.13031 -105.366516 66.35895
-158.35724 -107.09534 65.16266
-158.64258 -106.35834 66.352844
-158.23212 -107.83234 65.753174
-159.59473 -107.57599 66.7984
-159.59473 -107.57599 66.7984
-158.53271 -107.84454 64.26849
-160.16846 -106.70776 64.42261
-158.61816 -105.615234 66.65039
-159.40247 -106.38428 65.61127
-159.1217 -107.1167 66.65039
-158.4961 -106.50177 66.500854
-159.13239 -107.414246 67.09442
-157.79572 -108.56323 65.30609
-158.86078 -108.595276 65.0116
-157.73926 -106.77948 65.01312
-158.02155 -106.04401 65.608215
-160.62317 -106.57196 65.31525
-159.55658 -106.53839 64.57214
-157.29523 -107.058716 66.34827
-158.30841 -105.61066 64.419556
-157.30438 -107.35626 66.34674
-157.29523 -107.058716 66.64581
-156.70166 -107.484436 67.23633
-155.9372 -107.4646 65.30304
-156.2378 -107.32422 65.89661
-155.34058 -107.74231 66.04309
-155.94788 -107.762146 65.30304
-155.45807 -106.5567 67.08679
-156.32019 -105.104065 65.30762
-153.79639 -107.10297 65.00244
-154.07867 -106.36749 65.29846
-153.7735 -106.35834 65.29846
-153.93372 -106.510925 65.89203
-153.90167 -105.46875 66.63818
-151.94855 -106.300354 65.293884
-151.94855 -106.300354 65.293884
-152.22931 -105.56641 65.74097
-152.13013 -107.196045 65.885925
-150.61188 -107.29675 66.03241
-151.64642 -106.28815 66.482544
-149.6994 -107.1167 67.36603
-149.37134 -106.51703 65.28778
-148.20862 -108.11005 66.32233
-147.48993 -109.42688 65.574646
-146.24481 -108.49304 67.20734
-147.14203 -108.07953 65.87219
-146.08612 -108.343506 65.86914
-143.34412 -108.10852 66.75568
-143.49823 -108.26416 65.12146
-143.82935 -109.01337 67.0517
-142.453 -108.673096 67.048645
-139.87274 -108.88977 67.04254
-141.71448 -109.2392 69.573975
-140.54718 -110.835266 68.229675
-138.92975 -112.7182 66.58783
-140.88593 -111.88507 68.97125
-139.96582 -111.709595 68.07861
-139.34021 -111.09619 68.22662
-138.15155 -111.95068 68.81561
-138.88397 -110.928345 70.75043
-138.03406 -112.831116 70.89691
-137.40387 -112.21924 70.00275
-138.33923 -112.8418 71.19293
-135.50262 -114.38446 72.37091
-135.83069 -115.43884 68.655396
-135.25543 -116.15753 71.624756
-136.77216 -116.05682 71.4798
-133.87909 -115.9668 71.02814
-133.42896 -116.101074 71.917725
-131.64368 -117.37976 71.910095
-133.03986 -118.16559 73.10028
-131.49414 -117.222595 73.98987
-129.87671 -119.10553 72.34802
-132.00226 -118.87207 74.13788
-131.22711 -118.4021 74.13635
-131.30493 -120.93048 72.64557
-130.64117 -119.12689 73.3902
-132.0221 -119.46564 74.58191
-129.74701 -119.540405 75.468445
-132.20978 -120.66193 73.24524
-132.65991 -120.37506 74.4339
-132.07855 -121.24939 74.1333
-130.74951 -122.54486 73.08655
-132.76062 -123.49396 75.1709
-131.35986 -122.561646 74.12872
-130.92804 -123.13995 75.46387
-132.93 -124.09363 74.57733
-132.78656 -124.235535 75.46692
-131.39496 -123.60077 74.572754
-130.83496 -125.068665 74.5697
-131.70929 -123.75488 76.21002
-131.14166 -125.076294 75.61035
-132.37 -125.56152 74.42474
-132.8186 -125.276184 75.16785
-131.90613 -125.401306 74.12567
-132.94067 -124.391174 74.87335
-132.94067 -124.391174 74.87335
-132.07092 -125.54932 76.20697
-132.73926 -127.49939 75.312805
-132.83691 -125.87128 75.16785
-131.97937 -127.474976 76.05438
-132.724 -127.05536 74.86725
-132.87354 -126.908875 76.20697
-132.8186 -125.276184 75.16785
-132.8537 -126.31683 75.46234
-133.02765 -127.06299 75.61035
-132.14111 -127.62756 77.39258
-132.72552 -127.05383 75.608826
-131.4621 -125.679016 75.312805
-132.40051 -126.301575 76.65253
-132.40662 -126.59912 75.46234
-131.95496 -126.73187 76.353455
-132.72858 -127.05231 76.79901
-131.36444 -127.308655 75.90485
-131.40106 -128.34778 76.64642
-132.76215 -128.09296 76.797485
-133.02307 -127.06604 74.12567
-132.2937 -127.7832 76.05438
-132.26929 -127.038574 76.05438
-133.01697 -126.76697 74.8703
-132.8659 -126.61133 76.65253
-133.31299 -126.4801 75.31586
-134.6878 -126.67084 75.1709
-132.44171 -127.638245 76.205444
-132.83081 -125.572205 76.208496
-132.86285 -126.612854 75.909424
-132.71484 -126.75629 75.31433
-132.71484 -126.75629 75.31433
-131.31714 -125.823975 75.460815
-133.16803 -126.62201 75.91095
-131.44531 -125.08545 75.61035
-132.09381 -126.293945 75.9079
-131.3324 -126.26953 75.90637
-133.2016 -127.66266 75.46234
-131.80847 -126.875305 76.205444
-132.2525 -126.44348 77.09503
-130.86853 -125.9552 77.093506
-130.86853 -125.9552 77.093506
-130.86853 -125.9552 77.093506
-130.24597 -125.49133 76.64795
-131.00739 -125.51575 76.649475
-130.9845 -124.76959 76.94702
-130.2475 -125.48981 77.39105
-131.39801 -123.59924 75.61188
-131.427 -124.63989 74.57123
-128.98712 -124.26605 75.60425
-132.31964 -123.77472 76.657104
-129.8935 -124.14551 75.164795
-131.11877 -124.331665 76.057434
-128.67584 -124.10889 74.41864
-129.86908 -123.40393 75.164795
-131.41785 -124.34387 74.57123
-130.17273 -123.41461 74.71924
-130.02472 -123.55957 74.124146
-131.26831 -124.48883 73.67859
-130.80444 -124.02649 75.61035
-130.79987 -124.02954 74.12567
-130.4779 -123.42377 74.42322
-132.18079 -124.368286 74.8703
-129.31061 -125.02289 73.82355
-130.00793 -122.96295 75.31433
-130.52063 -124.76044 73.97461
-130.84564 -125.364685 75.31128
-130.07355 -125.04425 74.56818
-131.13708 -125.079346 74.12567
-131.26984 -124.48883 73.976135
-130.90057 -122.3999 73.97919
-130.02472 -123.55957 74.124146
-133.21686 -123.661804 73.091125
-129.59137 -124.28894 73.82355
-130.99365 -125.21973 75.16327
-130.84412 -125.36621 74.56818
-130.26428 -126.23749 74.71466
-131.90002 -125.102234 74.8703
-129.91486 -124.739075 75.45929
-129.41284 -123.39172 74.420166
-131.68793 -123.464966 72.49451
-130.11627 -121.63086 74.42474
-128.42712 -121.13495 74.124146
-128.29895 -122.02301 72.93396
-131.30493 -125.527954 74.42169
-129.93164 -125.486755 73.67401
-130.22766 -125.198364 73.67401
-130.94177 -123.7381 73.23456
-130.99976 -125.520325 73.97308
-130.3421 -124.01428 73.8266
-131.24542 -123.74573 73.680115
-129.38995 -122.64862 74.42169
-130.80902 -124.32709 74.124146
-130.80902 -124.32709 74.124146
-129.38385 -122.65167 72.48993
-130.84259 -125.36774 73.82507
-129.43726 -124.1333 74.420166
-129.87823 -123.70148 74.42169
-129.92249 -125.18921 73.67401
-130.50537 -124.46594 72.48993
-129.03137 -125.90485 72.631836
-129.30603 -125.02594 72.33734
-129.93164 -125.486755 73.67401
-128.75061 -126.48773 73.96698
-130.97687 -124.775696 73.97461
-129.92554 -125.18768 74.71619
-129.039 -125.90027 75.60272
-129.35333 -126.35956 74.11804
-128.72772 -125.74463 74.41559
-130.27039 -126.535034 73.672485
-131.30646 -125.52643 75.164795
-129.48456 -125.772095 72.93091
-132.10907 -126.88904 74.42169
-132.28455 -127.78931 72.63641
-131.93665 -126.441956 73.083496
-131.11572 -124.635315 71.89636
-131.48041 -126.4267 72.63641
-131.31104 -125.82703 73.67706
-131.46515 -125.98114 72.63794
-133.57239 -125.305176 72.49603
-133.08258 -124.25079 72.19849
-132.21436 -125.70953 71.89636
-132.17316 -124.37286 72.343445
-132.19757 -125.11597 72.343445
-132.19757 -125.11597 72.343445
-131.74591 -125.24872 72.19238
-131.15692 -125.97504 71.15173
-131.89392 -125.105286 73.08655
-129.91791 -125.19379 71.44623
-131.9931 -123.47565 72.49451
-131.40106 -124.0509 71.89789
-132.32117 -124.22638 72.49603
-134.46655 -124.739075 72.34955
-131.27899 -124.78638 73.23456
-131.86798 -124.36371 72.343445
-131.71844 -124.50714 71.006775
-131.86188 -124.36676 70.114136
-132.01752 -124.21875 72.195435
-131.8634 -124.36676 70.41168
-132.71942 -122.45941 71.75598
-131.6513 -122.42737 70.71228
-131.3858 -123.60687 70.858765
-130.9021 -122.70203 71.006775
-131.38275 -123.609924 69.66858
-131.0379 -122.26105 70.414734
-130.25208 -121.495056 70.41321
-130.3711 -120.30945 71.45691
-130.13763 -122.67914 69.9646
-131.17065 -121.67206 70.2652
-131.95496 -122.439575 69.9707
-132.2052 -120.66498 71.46149
-130.2475 -121.49658 68.927
-131.2973 -120.936584 69.67316
-131.26068 -119.89441 68.93158
-130.40161 -121.3501 70.2652
-129.89655 -119.85016 70.414734
-132.7652 -119.49921 68.19458
-130.82123 -120.32776 69.2276
-132.4646 -119.49005 68.63861
-132.0221 -119.92035 68.63556
-134.29108 -119.54498 68.940735
-133.06274 -119.21234 68.64014
-131.68182 -118.87207 68.193054
-131.23474 -119.15436 68.19
-132.74841 -118.90411 68.64166
-131.64978 -117.829895 68.93768
-133.0185 -117.87567 67.90161
-133.66547 -119.08264 68.048096
-131.64368 -117.83447 66.41235
-131.633 -117.38739 67.45148
-133.31299 -117.588806 67.7536
-131.18896 -117.819214 66.70685
-133.02002 -117.874146 68.64319
-133.30536 -117.289734 68.05115
-132.74841 -118.90411 68.64166
-132.5058 -116.22925 66.267395
-133.29315 -116.99371 67.308044
-132.84607 -117.27753 67.00897
-132.518 -116.52374 67.752075
-133.30078 -117.292786 66.56494
-131.68945 -119.17114 67.448425
-132.80182 -115.94086 66.56647
-132.11517 -118.29529 66.56036
-132.99408 -117.134094 67.456055
-133.45795 -117.44537 66.41693
-133.45795 -117.44537 66.41693
-131.75964 -116.49933 68.048096
-132.53174 -116.9693 67.30499
-133.26721 -116.25366 66.56799
-132.38525 -117.11578 66.711426
-132.83691 -116.978455 67.7536
-133.76007 -117.456055 65.96985
-131.60706 -116.7984 64.92767
-131.48956 -117.5293 68.49213
-133.3023 -117.292786 67.0105
-132.42035 -118.15338 68.19458
-132.42035 -118.15338 68.19458
-132.42035 -118.15338 68.19458
-132.82318 -116.5329 67.7536
-131.93512 -117.39807 66.41235
-132.6767 -116.82739 66.71295
-133.04901 -118.91632 67.15546
-131.45142 -116.4917 67.00745
-131.62537 -117.08984 68.196106
-131.16608 -117.07611 67.15393
-131.9519 -117.8421 67.45148
-130.73578 -117.95654 65.51666
-132.66296 -116.381836 66.71295
-132.67517 -116.82739 66.41693
-130.99365 -116.47797 66.56036
-132.67517 -116.82739 66.41693
-133.25958 -115.956116 67.01355
-131.72455 -115.460205 67.30499
-131.91986 -116.80145 68.196106
-133.27637 -116.54968 66.56647
-131.48193 -117.533875 65.815735
-131.48193 -117.533875 65.815735
-133.2962 -116.99219 68.49823
-131.46362 -116.937256 66.56189
-132.96814 -116.39252 66.71295
-133.27637 -116.54968 66.26892
-132.67822 -116.82587 67.456055
-130.97687 -115.8844 67.00745
-132.8003 -115.94238 65.82184
-132.82166 -116.534424 67.0105
-132.51038 -116.2262 68.05115
-132.6767 -116.82739 66.71295
-130.86243 -117.06848 66.708374
-130.88379 -117.81006 66.41083
-131.78406 -117.24243 68.04657
-131.44073 -116.19568 66.563416
-133.58002 -116.55884 66.26892
-133.38776 -115.36865 64.9353
-131.74744 -116.20636 67.00897
-131.43463 -115.89661 67.30499
-131.14471 -116.33148 68.19458
-132.96204 -116.093445 68.20068
-131.7215 -115.46173 66.563416
-131.56738 -115.30609 68.19916
-132.341 -115.77911 66.71295
-131.44379 -116.19415 67.30499
-130.5893 -118.099976 66.407776
-130.7373 -117.95502 66.55731
-133.39539 -115.364075 67.907715
-130.22766 -116.156006 67.74902
-132.94525 -115.800476 65.971375
-133.43048 -116.40167 68.94379
-131.89545 -116.0614 67.45453
-131.89392 -116.06293 66.711426
-131.58875 -116.05377 66.711426
-132.5058 -116.22925 66.267395
-131.13098 -116.03851 66.41388
-131.44531 -116.19263 68.04962
-131.8161 -118.28308 68.045044
-131.1081 -115.293884 66.711426
-131.94122 -117.39349 68.93768
-131.00891 -116.92352 67.00592
-132.81555 -116.23535 68.05267
-132.05261 -116.21399 67.7536
-131.88019 -115.76691 65.96832
-132.7301 -118.46161 66.7099
-131.81458 -118.28461 67.7475
-130.10254 -117.04254 67.448425
-132.12128 -118.29224 68.78815
-133.63495 -118.04047 69.53735
-132.14569 -119.03534 68.4906
-131.96106 -118.141174 67.44995
-131.02722 -117.518616 66.55884
-131.6803 -118.8736 67.44995
-133.35114 -118.6264 69.53583
-132.55157 -117.56439 67.30347
-131.96259 -118.13965 68.193054
-131.22406 -118.85834 67.448425
-130.78613 -119.288635 68.78204
-131.09741 -119.59534 68.04199
-130.31769 -118.97888 67.74292
-132.78198 -119.94324 68.63861
-131.54602 -119.31152 68.489075
-131.54602 -119.31152 68.489075
-130.65186 -119.87915 67.89093
-131.13098 -120.63599 68.04047
-131.69098 -119.16962 68.19153
-131.70013 -119.46716 68.19153
-132.93915 -120.09735 68.045044
-130.8136 -120.02869 69.9707
-130.81512 -120.02869 70.26672
-132.61719 -119.644165 67.7475
-131.85272 -119.32068 69.529724
-132.03278 -120.21637 69.38019
-131.73523 -120.50781 68.63556
-132.46765 -119.488525 69.67926
-131.58112 -120.35065 69.5282
-131.60706 -121.092224 69.97223
-131.57501 -120.05005 70.71533
-130.3421 -119.56787 69.97223
-130.66559 -120.17212 70.11871
-132.03278 -120.21637 69.38019
-130.7663 -118.54401 69.973755
-131.05621 -118.25867 68.785095
-129.87976 -119.40765 69.67316
-130.3421 -119.56787 69.97223
-131.57349 -120.051575 69.973755
-131.56891 -120.05463 68.04199
-131.60553 -121.09375 69.229126
