0.1303711 0.049682617 -0.07740784
0.1303711 0.049682617 -0.07740784
0.16091919 -0.01322937 -0.12994385
0.1474762 -0.02911377 -0.14399719
0.13098145 -0.0572052 -0.109176636
0.13220215 0.030136108 -0.09147644
0.10043335 0.015472412 -0.07862854
0.062561035 0.0423584 -0.07374573
0.026519775 0.07595825 -0.097579956
0.033233643 0.0753479 -0.101242065
0.02835083 0.014862061 -0.08718872
0.042404175 -0.01689148 -0.08047485
0.05706787 -0.03277588 -0.06581116
0.017974854 -0.051101685 -0.05114746
-0.02355957 -0.027893066 -0.03404236
-0.037002563 -0.018722534 -0.025497437
-0.018066406 -0.021774292 -0.023651123
0.0069732666 -0.014450073 -0.030380249
0.017364502 -0.010787964 -0.032211304
0.0082092285 0.021575928 -0.027938843
-0.007675171 0.013641357 -0.019989014
-0.011947632 -0.017501831 -0.018157959
-0.011947632 -0.033996582 -0.016326904
-0.013168335 -0.01689148 -0.025497437
-0.009506226 -0.01689148 -0.026107788
-0.012573242 -0.02848816 -0.017547607
-0.016830444 -0.0022277832 -0.027328491
-0.0070648193 0.0069274902 -0.023651123
-0.00340271 -0.012008667 -0.01876831
0.014312744 -0.0010070801 -0.015716553
0.03263855 -0.009567261 -0.019989014
0.023468018 -0.0016326904 -0.012664795
0.002090454 0.033798218 -0.0132751465
-0.010726929 0.013031006 -0.01083374
-0.01133728 0.004470825 -0.0022735596
-0.021118164 -0.033996582 0.0044403076
-0.054107666 -0.029724121 0.002609253
-0.05532837 -0.0077209473 -0.0022735596
-0.046157837 -0.015060425 -0.00044250488
-0.05104065 -0.0022277832 -0.0010528564
-0.030883789 0.021575928 -0.009613037
-0.0009613037 -0.006500244 -0.016326904
0.010650635 0.011199951 -0.018157959
-0.010116577 0.016693115 -0.0132751465
-0.022949219 0.0063171387 -0.0034942627
-0.01133728 0.017913818 -0.0010528564
0.0027160645 -0.0028533936 0.0019989014
-0.0015716553 -0.035827637 0.0019989014
-0.0009613037 -0.00894165 -0.0022735596
0.014312744 -0.022384644 -0.0022735596
0.017364502 -0.03338623 -0.008392334
0.01675415 -0.026046753 -0.01449585
0.022247314 -0.030334473 -0.016326904
0.010650635 -0.02482605 -0.015106201
0.0051574707 0.0008087158 -0.01876831
0.006378174 -0.029724121 -0.016326904
0.0045318604 -0.03704834 -0.018157959
0.025909424 -0.004058838 -0.01449585
0.049118042 -0.018722534 -0.009613037
0.035690308 -0.022384644 -0.011444092
0.030792236 0.013641357 -0.01449585
0.04789734 0.0050964355 -0.0132751465
0.054626465 -0.01689148 -0.01083374
0.035690308 -0.014450073 -0.0034942627
0.0069732666 -0.0028533936 0.00016784668
-0.0015716553 -0.0016326904 0.003829956
-0.00340271 -0.0077209473 0.006881714
0.0027160645 -0.014450073 0.011764526
0.018585205 0.014251709 0.005050659
-0.00035095215 -0.021774292 0.0019989014
-0.016830444 -0.015670776 0.00077819824
-0.026611328 0.016082764 -0.0053253174
-0.009506226 0.020355225 -0.0077819824
0.01612854 0.003250122 -0.0077819824
0.014312744 -0.0034484863 -0.0028839111
0.0039367676 0.0105896 -0.0010528564
-0.00035095215 -0.0010070801 0.003829956
0.007598877 0.008758545 0.0062713623
0.014907837 -0.022384644 0.016052246
0.029571533 -0.0046844482 0.019104004
0.011245728 0.008148193 0.016052246
0.009429932 0.0105896 0.01361084
0.014907837 -0.01322937 0.01361084
0.0039367676 0.0026550293 0.0129852295
-0.004623413 -0.010787964 0.006881714
0.010650635 -0.00894165 0.0056610107
0.006378174 -0.014450073 0.006881714
0.010650635 0.005706787 0.0013885498
0.006378174 -0.030944824 0.003829956
-0.007675171 -0.017501831 -0.0022735596
-0.021118164 -0.0071258545 -0.009002686
-0.02355957 -0.021774292 -0.012054443
-0.014389038 -0.0101623535 -0.01449585
-0.0040130615 -0.013839722 -0.012054443
0.0033111572 -0.012619019 -0.012664795
0.002090454 -0.013839722 -0.011444092
0.0027160645 -0.022994995 -0.015106201
0.010650635 -0.043151855 -0.015716553
0.012466431 -0.039489746 -0.012664795
0.006378174 -0.03643799 -0.008392334
-0.0070648193 -0.026046753 -0.008392334
-0.018676758 -0.017501831 -0.0041046143
-0.025390625 -0.013839722 -0.0010528564
-0.01928711 -0.0059051514 0.0032196045
-0.009506226 -0.014450073 0.010543823
-0.01133728 -0.01689148 0.0129852295
-0.017456055 -0.00894165 0.014221191
-0.010116577 -0.022384644 0.012390137
0.010025024 -0.03338623 0.0129852295
0.02407837 -0.038879395 0.016662598
0.030792236 -0.052322388 0.020324707
0.017364502 -0.06086731 0.018493652
-0.004623413 -0.019332886 0.012390137
-0.011947632 0.0069274902 0.002609253
-0.0027923584 -0.004058838 -0.009613037
0.0033111572 -0.043777466 -0.020599365
-0.007675171 -0.0718689 -0.024871826
-0.015014648 -0.046829224 -0.019989014
-0.008895874 -0.034606934 -0.016326904
0.007598877 -0.027893066 -0.011444092
0.017974854 -0.015060425 -0.0028839111
0.015533447 -0.010787964 0.00077819824
0.0069732666 -0.0059051514 0.0032196045
0.008804321 -0.0010070801 0.0074920654
0.01612854 -0.0016326904 0.01361084
0.025299072 -0.0046844482 0.0019989014
0.02897644 -0.01322937 -0.0053253174
0.021026611 -0.018112183 -0.016937256
0.006378174 -0.008346558 -0.026107788
-0.011947632 0.002029419 -0.020599365
-0.025390625 0.0026550293 -0.016937256
-0.026611328 0.0008087158 -0.01449585
-0.008285522 -0.026046753 -0.020599365
0.011245728 -0.04866028 -0.028549194
0.009429932 -0.03765869 -0.03404236
0.0051574707 0.003250122 -0.026107788
0.0039367676 0.02281189 -0.013885498
0.011245728 0.014251709 -0.01083374
0.038131714 -0.0046844482 -0.008392334
0.046676636 -0.018112183 -0.009613037
0.039352417 -0.0034484863 -0.0028839111
0.02835083 0.020980835 0.0056610107
0.011871338 0.005706787 0.008102417
-0.010116577 0.009979248 0.0062713623
-0.024169922 0.024032593 -0.0010528564
-0.01928711 -0.014450073 -0.0041046143
-0.013793945 -0.015060425 -0.009002686
-0.010116577 0.017318726 -0.009613037
-0.007675171 0.005706787 -0.0041046143
-0.01133728 -0.022384644 -0.0034942627
-0.016830444 -0.02911377 -0.0022735596
-0.010116577 -0.034606934 0.00077819824
-0.005844116 -0.0010070801 0.008712769
-0.01928711 0.053955078 0.012390137
-0.046157837 0.09611511 -0.011444092
-0.025390625 0.05456543 -0.015106201
0.01675415 -0.0022277832 0.0013885498
0.027740479 -0.02545166 0.0056610107
0.022857666 -0.038879395 0.006881714
0.02468872 -0.051101685 0.0032196045
0.025299072 -0.038879395 -0.004714966
0.02897644 -0.01322937 -0.017547607
0.027740479 0.019760132 -0.019378662
0.017364502 0.011199951 -0.0041046143
0.0045318604 -0.011383057 0.0056610107
-0.010116577 -0.0059051514 0.014221191
-0.00035095215 -0.01322937 0.02154541
0.027740479 -0.035217285 0.02520752
0.035079956 -0.02482605 0.034988403
0.022857666 -0.018112183 0.04109192
0.0027160645 -0.015060425 0.03742981
-0.010116577 -0.038269043 0.02949524
-0.01133728 -0.07064819 0.020324707
-0.019897461 -0.07247925 0.022766113
-0.029052734 -0.03643799 0.0178833
-0.024780273 0.020980835 0.0032196045
-0.013793945 -0.0022277832 -0.0010528564
-0.007675171 -0.030944824 0.0154418945
-0.004623413 0.002029419 0.019714355
0.012466431 -0.012619019 0.019104004
0.019195557 -0.054153442 0.012390137
0.002090454 -0.07614136 0.00932312
-0.010116577 -0.023605347 0.008102417
-0.00035095215 0.022201538 -0.00044250488
0.02407837 -0.026672363 0.0032196045
0.049118042 -0.11647034 0.01361084
0.045455933 -0.11769104 0.022155762
0.022247314 -0.07369995 0.030715942
0.017974854 -0.06942749 0.025817871
0.033859253 -0.051712036 0.01361084
0.031417847 -0.022994995 0.014831543
0.017364502 -0.02482605 0.023376465
0.007598877 -0.071258545 0.014831543
0.0033111572 -0.08592224 0.0044403076
0.013092041 -0.09996033 0.0044403076
0.025299072 -0.08531189 -0.001663208
-0.00340271 -0.008346558 0.016052246
-0.034561157 0.030136108 0.030090332
-0.045547485 0.037460327 0.030715942
-0.04676819 0.025253296 0.0129852295
-0.026000977 0.00021362305 0.00077819824
0.0039367676 -0.02482605 0.0074920654
0.0069732666 0.002029419 0.022766113
-0.011947632 0.045410156 0.016052246
-0.006454468 -0.011383057 0.008712769
0.012466431 -0.1060791 -0.024871826
0.013092041 -0.10546875 -0.024276733
-0.007675171 -0.02545166 -0.01876831
-0.004623413 -0.0059051514 -0.015716553
0.025299072 -0.039489746 -0.02305603
0.014907837 -0.017501831 -0.01083374
-0.032714844 0.11199951 0.018493652
-0.04676819 0.1254425 0.022155762
-0.034561157 0.07595825 0.00932312
-0.03149414 0.044189453 0.010543823
-0.033935547 -0.022994995 0.00016784668
-0.024169922 -0.09080505 -0.0053253174
-0.06021118 0.052734375 0.020324707
-0.07853699 0.141922 0.028869629
-0.054107666 0.0900116 0.0178833
-0.036392212 0.060684204 0.02154541
-0.02355957 0.018539429 0.03315735
-0.016235352 -0.02116394 0.03253174
0.0027160645 -0.059036255 0.020324707
0.05340576 -0.15190125 0.00016784668
0.094940186 -0.21237183 0.0032196045
0.06990051 -0.16044617 0.010543823
0.0033111572 0.021575928 0.022155762
-0.02355957 0.11566162 0.039871216
-0.028442383 0.09611511 0.052078247
-0.062042236 0.12910461 0.048416138
-0.07853699 0.1413269 0.02949524
-0.05104065 0.049072266 -0.013885498
0.008804321 -0.06881714 -0.037704468
0.054626465 -0.14517212 -0.018157959
0.05218506 -0.12867737 -0.001663208
0.017974854 -0.060256958 -0.009002686
-0.024780273 -0.02116394 -0.017547607
-0.049819946 -0.016281128 -0.023651123
-0.07609558 0.009979248 -0.039535522
-0.11091614 0.096725464 -0.035873413
-0.1457367 0.18591309 -0.017547607
-0.17077637 0.22195435 -0.024871826
-0.17260742 0.18896484 -0.041381836
-0.13717651 0.061904907 -0.04748535
-0.065704346 -0.11340332 -0.051757812
-0.044937134 -0.123184204 -0.04197693
-0.11152649 0.12176514 -0.024276733
-0.2141571 0.3050232 -0.016326904
-0.30271912 0.41255188 -0.0034942627
-0.30700684 0.3710022 -0.021820068
-0.2141571 0.14926147 -0.049926758
-0.07853699 -0.07858276 -0.045043945
0.013092041 -0.16410828 -0.013885498
0.02835083 -0.110961914 0.0032196045
0.018585205 -0.04559326 0.008102417
0.01675415 0.03135681 0.011764526
0.006378174 0.12176514 0.009933472
0.0033111572 0.12910461 0.0154418945
0.026519775 0.06251526 0.018493652
0.026519775 0.03074646 0.014221191
0.012466431 0.044189453 0.016052246
-0.00035095215 0.044189453 0.00932312
-0.004623413 0.024642944 0.0032196045
-0.019897461 0.0050964355 0.0062713623
-0.04371643 0.05090332 0.00077819824
-0.033935547 0.052734375 -0.008392334
-0.0040130615 -0.005279541 -0.020599365
0.03201294 -0.055984497 -0.06703186
0.058288574 -0.13113403 -0.084747314
0.04423523 -0.13357544 -0.07559204
0.0057525635 -0.04927063 -0.052978516
-0.029663086 0.061904907 -0.025497437
-0.024169922 0.058242798 -0.01083374
-0.01133728 -0.00894165 -0.005935669
-0.0027923584 -0.079193115 0.009933472
0.000869751 -0.13905334 0.03437805
0.0051574707 -0.10180664 0.040481567
0.017364502 -0.08836365 0.031936646
0.034469604 -0.13539124 0.0154418945
0.091278076 -0.19892883 -0.021209717
0.13587952 -0.19770813 -0.048095703
0.09799194 -0.071258545 -0.013885498
0.025909424 0.06800842 0.043533325
0.037521362 0.064956665 0.060012817
0.14686584 -0.04437256 0.019714355
0.22505188 -0.17877197 -0.02671814
0.22322083 -0.26734924 -0.041381836
0.22200012 -0.23374939 -0.021209717
0.27331543 -0.20748901 0.0129852295
0.34173584 -0.21359253 0.016662598
0.4125824 -0.2520752 -0.009002686
0.35211182 -0.23191833 -0.01449585
0.14930725 -0.09814453 0.008102417
-0.045547485 0.056411743 0.05757141
-0.16345215 0.1254425 0.103393555
-0.15794373 0.033187866 0.12904358
-0.049819946 -0.18487549 0.14736938
0.038131714 -0.18304443 0.10217285
0.04852295 -0.055984497 0.07345581
0.008804321 0.0063171387 0.05819702
-0.0040130615 -0.034606934 0.06552124
-0.030883789 -0.02545166 0.06491089
-0.09136963 0.053955078 0.04963684
-0.08526611 -0.03704834 0.018493652
-0.07243347 -0.10546875 -0.007171631
-0.07243347 -0.083480835 -0.01449585
-0.07182312 -0.0718689 -0.009613037
-0.01133728 -0.18855286 0.0074920654
-0.00340271 -0.12562561 0.012390137
0.017974854 -0.013839722 0.006881714
0.02835083 -0.04927063 0.0056610107
0.019805908 -0.058425903 0.016052246
0.013092041 -0.062698364 0.02949524
0.011245728 -0.10546875 0.028869629
0.011245728 -0.123184204 0.02154541
0.013092041 -0.099365234 0.018493652
-0.014389038 -0.0572052 0.027038574
-0.02722168 -0.019943237 0.0178833
-0.016235352 -0.03338623 -0.0041046143
-0.04676819 -0.0059051514 -0.004714966
-0.12251282 0.13154602 -0.0034942627
-0.15122986 0.1920166 -0.01449585
-0.102371216 0.064956665 -0.021209717
-0.04371643 -0.04988098 -0.019378662
-0.03944397 -0.0059051514 -0.019378662
-0.05899048 0.069229126 -0.020599365
-0.052886963 0.0765686 -0.016326904
-0.0052337646 0.033187866 -0.01083374
0.047286987 -0.020553589 -0.001663208
0.062561035 -0.018112183 -0.00044250488
0.04484558 0.011199951 -0.004714966
0.02041626 0.011810303 -0.005935669
0.002090454 0.030136108 -0.005935669
-0.0052337646 0.028305054 -0.00044250488
0.010025024 -0.004058838 0.00016784668
0.021026611 -0.02911377 -0.0010528564
0.027740479 -0.034606934 -0.001663208
0.017364502 -0.016281128 -0.0010528564
0.012466431 -0.0071258545 0.00077819824
0.030197144 0.009979248 0.00016784668
0.03630066 0.025863647 -0.0010528564
0.03691101 0.022201538 -0.005935669
0.03691101 0.017913818 -0.009613037
0.033233643 0.025863647 -0.01083374
0.02835083 0.039916992 -0.0132751465
0.022857666 0.041748047 -0.013885498
0.013092041 0.029525757 -0.01449585
-0.0052337646 0.03440857 -0.01449585
-0.013793945 0.049682617 -0.012664795
-0.011947632 0.052124023 -0.01083374
0.006378174 0.025253296 -0.004714966
0.011245728 0.002029419 -0.00044250488
0.0045318604 -0.0022277832 0.0044403076
-0.0040130615 0.015472412 0.0056610107
-0.004623413 0.025253296 0.0032196045
0.0069732666 0.0026550293 0.003829956
0.02468872 -0.005279541 0.0019989014
0.035690308 0.005706787 0.00016784668
0.049118042 0.008148193 0.00016784668
0.06378174 -0.00894165 0.002609253
0.06317139 -0.024230957 0.003829956
0.043014526 -0.00894165 0.003829956
0.021026611 0.016693115 0.0032196045
0.021026611 0.022201538 0.0044403076
0.02835083 0.0050964355 0.00016784668
0.02835083 -0.010787964 -0.005935669
0.019195557 -0.006500244 -0.0034942627
0.012466431 0.0014343262 -0.0041046143
0.000869751 0.008758545 -0.0041046143
-0.0021820068 0.024032593 -0.004714966
0.0051574707 0.020980835 -0.0028839111
0.007598877 0.0063171387 -0.0028839111
0.0057525635 -0.00894165 -0.0022735596
-0.012573242 -0.015670776 -0.0010528564
-0.030883789 -0.006500244 -0.00044250488
-0.03211975 -0.0022277832 0.002609253
-0.007675171 -0.017501831 0.0032196045
0.033233643 -0.051712036 0.0056610107
0.012466431 -0.008346558 -0.005935669
-0.012573242 0.049682617 -0.0053253174
-0.006454468 0.020355225 0.002609253
0.0002746582 -0.024230957 0.0074920654
-0.022338867 -0.022384644 0.010543823
-0.04798889 -0.0077209473 0.008712769
-0.05104065 0.0063171387 0.008712769
-0.04005432 -0.02116394 0.006881714
-0.024169922 -0.033996582 0.006881714
-0.016235352 -0.024230957 0.0056610107
-0.018676758 -0.021774292 0.008102417
-0.015014648 -0.050491333 0.0129852295
-0.024169922 -0.046218872 0.016662598
-0.032714844 -0.023605347 0.02154541
-0.017456055 -0.05354309 0.030090332
-0.024169922 -0.038879395 0.03437805
-0.04798889 0.041137695 0.026428223
-0.033935547 0.049072266 0.018493652
0.002090454 -0.018722534 0.022766113
0.013687134 -0.07064819 0.027648926
-0.005844116 -0.04927063 0.02520752
-0.046157837 0.031967163 0.0129852295
-0.07426453 0.072906494 0.019104004
-0.07243347 0.019760132 0.0178833
-0.0846405 0.064956665 0.01361084
-0.061431885 0.060684204 0.011169434
-0.03149414 0.0026550293 0.00932312
-0.03211975 -0.0004119873 0.0129852295
-0.041885376 0.02708435 0.011169434
-0.044326782 0.036239624 0.00932312
-0.03578186 0.036239624 0.010543823
-0.02722168 0.017913818 0.01361084
-0.025390625 0.014862061 0.008102417
-0.022338867 0.020355225 0.0074920654
-0.014389038 0.011199951 0.0062713623
-0.01133728 0.009979248 0.006881714
-0.014389038 0.011810303 0.0074920654
-0.012573242 0.022201538 0.008102417
-0.0052337646 0.015472412 0.008102417
0.0033111572 0.019134521 0.003829956
0.0014953613 0.036865234 -0.0022735596
-0.009506226 0.036865234 -0.0041046143
-0.015609741 0.049682617 -0.0034942627
-0.022338867 0.045410156 -0.0065612793
-0.025390625 0.028915405 -0.0053253174
-0.011947632 0.014862061 -0.0010528564
0.008804321 0.003250122 0.0074920654
0.010025024 -0.02116394 0.00932312
-0.0015716553 -0.040100098 0.012390137
-0.008895874 -0.04071045 0.016662598
-0.013168335 -0.01689148 0.016662598
-0.02355957 0.022201538 0.01727295
-0.015609741 0.009979248 0.0178833
0.009429932 -0.0046844482 0.022766113
-0.0027923584 -0.0046844482 0.014221191
-0.022949219 0.020980835 0.0062713623
-0.03517151 0.021575928 0.0013885498
-0.038223267 -0.011383057 0.002609253
-0.03517151 -0.014450073 0.0019989014
-0.024169922 -0.024230957 0.0032196045
-0.010726929 -0.030334473 0.00077819824
-0.013168335 -0.018112183 -0.0041046143
-0.027832031 0.008758545 -0.010223389
-0.029052734 0.02281189 -0.01083374
-0.018066406 0.014862061 -0.009613037
-0.014389038 -0.005279541 -0.0041046143
-0.01928711 -0.0034484863 0.00016784668
-0.021118164 -0.0046844482 0.005050659
-0.01928711 -0.0077209473 0.006881714
-0.015014648 0.0014343262 0.006881714
-0.004623413 0.009979248 0.0013885498
0.0039367676 -0.0046844482 0.0019989014
-0.004623413 -0.0010070801 -0.0010528564
-0.021728516 0.014862061 0.00016784668
-0.033935547 0.019760132 -0.0022735596
-0.03211975 0.011810303 -0.0028839111
-0.013168335 -0.014450073 -0.0022735596
-0.0015716553 -0.02911377 -0.0034942627
-0.004623413 -0.005279541 -0.004714966
-0.015609741 0.019134521 -0.0034942627
-0.022949219 0.008758545 -0.0010528564
-0.013168335 0.007537842 -0.00044250488
0.006378174 0.015472412 -0.0022735596
0.02897644 -0.004058838 0.00016784668
0.033859253 -0.02116394 0.0032196045
0.019195557 -0.004058838 0.005050659
0.000869751 0.024642944 0.0032196045
-0.013168335 0.020355225 -0.00044250488
-0.015014648 0.022201538 -0.0053253174
-0.016235352 0.027694702 -0.0077819824
-0.005844116 0.03135681 -0.012054443
0.0014953613 0.011199951 -0.005935669
0.010650635 -0.005279541 -0.0028839111
0.014907837 0.011199951 -0.0022735596
0.01612854 0.020980835 -0.0028839111
0.02407837 0.023422241 -0.001663208
0.033859253 -0.018112183 0.005050659
0.035079956 -0.058425903 0.011169434
0.017364502 0.007537842 0.012390137
-0.00035095215 0.06678772 0.006881714
0.0069732666 0.05456543 -0.009613037
-0.015609741 0.027694702 -0.027328491
-0.061431885 0.0942688 -0.035873413
-0.08830261 0.16268921 -0.01449585
-0.062042236 0.15719604 0.0013885498
-0.02722168 0.064956665 -0.060928345
-0.19093323 0.10404968 -0.11773682
-0.23919678 0.56404114 -0.10246277
-0.054718018 0.504776 0.005050659
0.08578491 0.06678772 0.025817871
0.034469604 -0.18121338 0.00932312
-0.10418701 -0.12928772 -0.044418335
-0.20315552 0.09977722 -0.073135376
-0.18544006 0.12237549 -0.05908203
-0.029663086 -0.0572052 -0.031600952
0.04789734 -0.17877197 -0.035873413
0.018585205 -0.11462402 -0.028549194
-0.013793945 -0.07614136 -0.01449585
-0.024169922 -0.11706543 0.01727295
-0.03944397 -0.20932007 0.060638428
-0.090148926 -0.20075989 0.09484863
-0.14205933 -0.13783264 0.14309692
-0.20620728 -0.07675171 0.170578
-0.21231079 0.014251709 0.18586731
-0.23431396 0.088775635 0.14248657
-0.26791382 0.1590271 0.1015625
-0.35586548 0.21827698 0.071014404
-0.4426117 0.3380127 0.05697632
-0.3809204 0.3227539 0.016662598
-0.24285889 0.092453 -0.073135376
-0.1347351 -0.07247925 -0.16966248
-0.04737854 0.10404968 -0.21974182
0.010025024 0.20118713 -0.2783966
0.035690308 0.09916687 -0.23806763
0.0851593 0.053344727 -0.15316772
0.1181488 0.06617737 -0.16415405
0.09188843 0.15109253 -0.1940918
0.1169281 0.12298584 -0.20629883
0.2293396 -0.054153442 -0.23991394
0.2934723 -0.15922546 -0.23991394
0.28431702 -0.032165527 -0.20263672
0.35884094 0.05456543 -0.17515564
0.3973236 -0.17022705 -0.21730042
0.3765564 -0.24658203 -0.280838
0.25498962 0.0105896 -0.3584137
0.08944702 0.1761322 -0.41400146
0.023468018 0.012420654 -0.41827393
0.038131714 -0.12989807 -0.43354797
0.050964355 -0.23802185 -0.4573822
0.006378174 -0.2215271 -0.47753906
-0.03211975 -0.12501526 -0.43722534
0.007598877 -0.14945984 -0.3413086
0.10777283 -0.18060303 -0.24723816
0.16519165 -0.10424805 -0.24113464
0.16091919 -0.018112183 -0.28938293
0.2513275 -0.034606934 -0.2625122
0.3667755 -0.19831848 -0.20019531
0.35762024 -0.20137024 -0.17454529
0.38693237 0.014251709 -0.13850403
0.48712158 -0.16349792 -0.14460754
0.45596313 -0.3663025 -0.19042969
0.16885376 -0.22459412 -0.1965332
-0.22636414 -0.022384644 -0.19592285
-0.285614 0.07472229 -0.15499878
-0.018066406 -0.087142944 -0.05848694
0.15908813 -0.17388916 -0.09391785
0.12669373 0.027694702 -0.23196411
0.022857666 0.047851562 -0.35902405
-0.0027923584 0.004470825 -0.45677185
0.026519775 -0.071258545 -0.4738617
-0.057159424 -0.2227478 -0.42988586
-0.29968262 -0.15556335 -0.43659973
-0.47865295 -0.0022277832 -0.44882202
-0.54096985 -0.0022277832 -0.47080994
-0.5385132 -0.087142944 -0.511734
-0.54463196 -0.12745667 -0.48486328
-0.65397644 0.021575928 -0.40789795
-0.5739441 0.13214111 -0.23440552
-0.32777405 -0.22335815 -0.027938843
-0.25569153 -0.4078369 0.0044403076
-0.1469574 -0.02482605 -0.1464386
0.23239136 0.017318726 -0.35353088
0.48590088 -0.3534851 -0.5044098
0.29042053 -0.2239685 -0.5166321
0.03263855 0.011199951 -0.33398438
0.1181488 -0.21542358 -0.1977539
0.4113617 -0.04927063 -0.16415405
0.5799713 0.15048218 -0.11039734
0.5665283 0.4320984 -0.057861328
0.4071045 0.3710022 -0.07925415
0.11387634 0.109558105 -0.120788574
0.02468872 0.12176514 -0.040161133
0.06561279 0.056411743 0.103393555
0.06072998 -0.088974 0.14859009
-0.037612915 -0.08409119 0.025817871
-0.14205933 0.046020508 -0.13179016
-0.11213684 0.14743042 -0.18859863
0.05645752 0.12788391 -0.057266235
0.106552124 0.15841675 0.13516235
-0.07975769 0.30014038 0.25305176
-0.23675537 0.12910461 0.3446808
-0.16223145 -0.24658203 0.4998474
-0.057159424 -0.33332825 0.6483002
-0.11824036 -0.26734924 0.69044495
-0.2984619 -0.15190125 0.6458435
-0.3613739 -0.16716003 0.6549988
-0.3961792 -0.33270264 0.6843262
-0.36564636 -0.28138733 0.73869324
-0.2453003 -0.1561737 0.7564087
-0.077926636 -0.010787964 0.7209778
0.13769531 0.08755493 0.573761
0.3802185 0.10771179 0.35202026
0.52438354 -0.07614136 0.16569519
0.5518799 -0.19709778 -0.06581116
0.6618347 -0.075531006 -0.3547516
0.8218689 0.19689941 -0.5508423
0.7919464 0.14498901 -0.57099915
0.49751282 -0.08592224 -0.48486328
0.16091919 -0.37303162 -0.34681702
-0.050430298 -0.5410156 -0.23747253
-0.12739563 -0.66563416 -0.17088318
-0.29968262 -0.7224426 -0.15988159
-0.7120056 -0.789032 -0.21302795
-1.0950317 -0.7389374 -0.3278656
-1.0712128 -0.48786926 -0.42134094
-0.5366974 -0.12562561 -0.36270142
0.09310913 0.24272156 -0.17332458
0.2690277 0.4003296 -0.055419922
-0.022949219 0.18408203 -0.0034942627
-0.47254944 -0.16410828 -0.03526306
-0.754776 -0.38952637 -0.041381836
-0.7132416 -0.34431458 0.0044403076
-0.54463196 0.072280884 -0.08963013
-0.39741516 0.53105164 -0.31687927
-0.30578613 0.776001 -0.3284912
-0.40107727 0.76501465 -0.1281128
-0.4890442 0.54325867 0.099731445
-0.23980713 0.3685608 0.17120361
0.06072998 0.48890686 -0.048706055
0.12547302 0.5389862 -0.27900696
0.07295227 0.31053162 -0.35047913
0.1169281 0.002029419 -0.26922607
0.39059448 -0.11584473 -0.13911438
0.786438 0.016693115 -0.055419922
1.0259094 0.2091217 -0.019989014
0.92022705 0.1907959 -0.036483765
0.5824127 -0.040100098 0.018493652
0.20855713 -0.11828613 0.1162262
-0.11701965 -0.019943237 0.09851074
-0.34854126 0.019134521 0.039871216
-0.4914856 -0.15312195 0.0697937
-0.5244751 -0.6552429 0.1876831
-0.37664795 -0.82141113 0.3171997
-0.12313843 -0.4225006 0.27627563
0.070510864 0.09977722 0.15348816
0.09738159 0.40826416 0.10461426
-0.02722168 0.336792 0.14614868
-0.17626953 0.0014343262 0.25672913
-0.2312622 -0.27590942 0.312912
-0.1665039 -0.24780273 0.24511719
-0.09442139 -0.16471863 0.071014404
-0.08708191 -0.25390625 -0.018157959
-0.13961792 -0.38952637 0.060638428
-0.19032288 -0.32354736 0.17974854
-0.1958313 -0.012619019 0.1675415
-0.2501831 0.15109253 0.079574585
-0.45056152 -0.059646606 0.055755615
-0.6234436 -0.32659912 0.07040405
-0.5922699 -0.34797668 0.022155762
-0.35586548 -0.16349792 -0.060928345
-0.077316284 -0.024230957 -0.05908203
0.14320374 0.00021362305 -0.017547607
0.2470398 0.061294556 0.03253174
0.1633606 0.1425476 0.14431763
-0.036392212 0.13887024 0.25610352
-0.20193481 0.08023071 0.26161194
-0.24102783 -0.09080505 0.13821411
-0.1005249 -0.14823914 -0.019989014
0.12425232 0.031967163 -0.13179016
0.36372375 0.41070557 -0.14704895
0.4449768 0.6416168 0.019714355
0.32341003 0.38627625 0.16081238
0.114486694 0.13948059 0.10583496
-0.18727112 -0.0010070801 -0.13850403
-0.54829407 -0.08103943 -0.35047913
-0.7321625 0.07167053 -0.3254242
-0.54707336 0.4693451 -0.15316772
-0.16894531 0.6269531 -0.015106201
0.16824341 0.41131592 0.07345581
0.33807373 -0.046829224 0.025817871
0.3765564 -0.39013672 -0.23562622
0.38510132 -0.30522156 -0.52090454
0.38693237 0.0912323 -0.604599
0.3154602 0.45835876 -0.4903717
0.19389343 0.46568298 -0.29182434
0.061950684 0.141922 -0.15255737
-0.07182312 -0.15068054 -0.15255737
-0.14451599 -0.14823914 -0.28388977
-0.12313843 -0.04866028 -0.40361023
-0.053497314 0.009979248 -0.39079285
-0.014389038 0.069229126 -0.2087555
-0.05899048 -0.009567261 -0.05419922
-0.030883789 -0.0901947 0.099121094
0.09555054 -0.13723755 0.17303467
0.24093628 -0.13845825 0.13638306
0.3594513 -0.0743103 0.002609253
0.4095459 0.057632446 -0.09207153
0.27453613 0.23294067 0.03437805
-0.06021118 0.25065613 0.2328949
-0.34732056 0.06373596 0.26283264
-0.414505 -0.042541504 0.26405334
-0.29051208 -0.29483032 0.2610016
0.0002746582 -0.39868164 0.24816895
0.36006165 -0.11584473 0.23840332
0.52438354 0.19384766 0.1993103
0.36921692 0.22012329 0.1999054
0.04484558 0.03501892 0.28237915
-0.20132446 -0.119506836 0.3648529
-0.27340698 -0.16227722 0.37644958
-0.20681763 -0.17449951 0.32147217
-0.089523315 -0.25512695 0.22189331
0.10166931 -0.35714722 0.107666016
0.32585144 -0.2728424 0.07467651
0.3961029 0.028915405 0.15470886
0.22993469 0.2909851 0.24267578
-0.054107666 0.24821472 0.2805481
-0.27401733 -0.00894165 0.26283264
-0.2672882 -0.18487549 0.1864624
-0.029663086 -0.12989807 0.06674194
0.25254822 0.037460327 0.006881714
0.35762024 0.08633423 0.019714355
0.28553772 0.021575928 0.051483154
0.16885376 -0.0101623535 0.04170227
0.08883667 -0.08470154 -0.037094116
0.07539368 -0.14761353 -0.12384033
0.11387634 -0.16838074 -0.15866089
0.20245361 -0.095687866 -0.16783142
0.2690277 0.08694458 -0.13423157
0.231781 0.3086853 -0.056030273
0.022857666 0.1413269 -0.07862854
-0.233078 -0.33210754 -0.20814514
-0.30271912 -0.5733948 -0.3791809
-0.17077637 -0.4493866 -0.5300598
0.01675415 -0.026046753 -0.5410614
0.10533142 0.36611938 -0.3730774
0.05645752 0.44491577 -0.14033508
-0.054107666 0.1724701 0.016662598
-0.08280945 -0.31559753 0.030090332
0.06806946 -0.6210327 -0.12200928
0.28797913 -0.53796387 -0.291214
0.34539795 -0.28016663 -0.25090027
0.1829071 -0.05354309 -0.1476593
-0.05166626 0.04663086 -0.14155579
-0.17445374 0.0900116 -0.15744019
-0.17445374 0.1272583 -0.15499878
-0.09625244 0.06739807 -0.12506104
0.04057312 -0.019332886 -0.100631714
0.14320374 -0.063323975 -0.14704895
0.11753845 -0.08103943 -0.2295227
0.006378174 -0.07858276 -0.27471924
-0.052886963 -0.039489746 -0.24235535
-0.020507812 0.030136108 -0.19226074
0.0027160645 0.023422241 -0.16415405
-0.0027923584 -0.023605347 -0.15682983
-0.015014648 -0.005279541 -0.15377808
-0.054107666 0.09794617 -0.11468506
-0.09564209 0.21644592 -0.06581116
-0.09442139 0.2225647 -0.056640625
-0.04737854 0.1431427 -0.055419922
0.0014953613 0.1407013 -0.0309906
-0.10359192 0.004470825 -0.041381836
-0.27645874 -0.32659912 -0.13238525
-0.25447083 -0.18977356 -0.15133667
-0.22819519 -0.088974 -0.13179016
-0.10725403 -0.067596436 -0.025497437
0.06929016 -0.04071045 0.067352295
0.09188843 -0.0901947 0.079574585
-0.057769775 -0.3070526 0.00932312
-0.20620728 -0.55262756 -0.09451294
-0.2141571 -0.30278015 -0.08963013
-0.10784912 0.038085938 0.014831543
-0.16038513 0.33312988 0.07589722
-0.27035522 0.093048096 -0.01876831
-0.28623962 -0.43901062 -0.10429382
-0.01133728 -0.438385 -0.1464386
0.25437927 -0.27345276 -0.10612488
0.20245361 0.08267212 -0.10307312
0.013092041 0.2421112 -0.16293335
-0.17260742 -0.14334106 -0.32176208
-0.14024353 -0.6729584 -0.47937012
0.022247314 -0.75177 -0.5074768
0.17253113 -0.24780273 -0.3804016
0.20367432 0.42720032 -0.30160522
0.09371948 0.2103424 -0.36695862
0.16152954 -0.1561737 -0.40238953
0.36372375 -0.5324707 -0.30648804
0.50727844 -0.71450806 -0.21485901
0.61235046 -0.53674316 -0.29060364
0.70825195 -0.4542694 -0.3584137
0.87135315 -0.45855713 -0.3914032
0.94221497 -0.528183 -0.44088745
1.0295715 -0.46099854 -0.4940338
0.9587097 -0.26979065 -0.59176636
0.49261475 0.033187866 -0.657135
-0.14024353 0.08938599 -0.5923767
-0.64053345 -0.26246643 -0.3400879
-0.66130066 -0.31071472 -0.21974182
-0.38702393 -0.03338623 -0.23928833
-0.23980713 0.2866974 -0.11224365
-0.21047974 0.4204712 0.052078247
-0.33692932 0.17552185 0.24572754
-0.7352295 -0.11035156 0.24694824
-1.0937958 -0.0743103 -0.033432007
-0.95269775 -0.63386536 -0.084747314
-0.72239685 -0.622879 0.107666016
-0.33143616 -0.115249634 0.05757141
-0.13412476 0.0050964355 -0.1476593
-0.19154358 0.12666321 -0.33703613
-0.15612793 0.19567871 -0.29733276
-0.044937134 0.03501892 -0.18125916
-0.08770752 -0.08470154 -0.088409424
-0.27767944 -0.11462402 0.028274536
-0.36808777 -0.08041382 0.006881714
-0.2966156 -0.22091675 -0.15438843
-0.17138672 -0.4237213 -0.29489136
-0.065093994 -0.43901062 -0.33154297
-0.004623413 -0.23680115 -0.3126068
0.05279541 -0.031555176 -0.32603455
0.10899353 -0.051101685 -0.31504822
0.179245 -0.256958 -0.291214
0.24215698 -0.35287476 -0.3278656
0.2989807 -0.33392334 -0.3620758
0.3240204 -0.37425232 -0.3455963
0.29408264 -0.41212463 -0.32603455
0.25926208 -0.14273071 -0.3297119
0.19207764 0.39788818 -0.30404663
0.12365723 0.6923218 -0.26861572
0.09249878 0.29403687 -0.26800537
0.07539368 -0.3718109 -0.24662781
0.01675415 -0.46588135 -0.30770874
-0.08280945 -0.16900635 -0.43782043
-0.098083496 0.10282898 -0.5129547
-0.019897461 0.22012329 -0.5239563
0.09738159 0.057022095 -0.5068512
0.1804657 -0.27467346 -0.4048462
0.19696045 -0.43411255 -0.29916382
0.094940186 -0.34065247 -0.22525024
-0.07121277 -0.28689575 -0.100631714
-0.15734863 -0.32232666 0.006881714
-0.18971252 -0.29177856 0.011169434
-0.21965027 -0.046218872 -0.08047485
-0.16711426 0.13703918 -0.20019531
-0.090148926 -0.16656494 -0.24050903
0.03201294 -0.619812 -0.30038452
0.18534851 -0.7731476 -0.48608398
0.2501068 -0.71939087 -0.8019104
0.20794678 -0.7481079 -1.1635437
0.10470581 -0.8892212 -1.3694
-0.0040130615 -1.0462036 -1.3712311
-0.13168335 -1.0688019 -1.2967072
-0.18910217 -0.63142395 -1.3113708
-0.060821533 -0.0034484863 -1.3565826
0.15846252 0.22927856 -1.0090027
0.2305603 -0.18548584 -0.3126068
0.17190552 -0.6888428 0.025817871
0.014907837 -0.8183594 0.1492157
-0.042495728 -0.34980774 0.22129822
0.035690308 0.58602905 0.19563293
0.002090454 1.4699554 0.08140564
-0.25386047 0.986145 -0.06947327
-0.20437622 0.22805786 -0.27471924
-0.0015716553 0.19750977 -0.45248413
0.28553772 0.32824707 -0.45555115
0.2604828 0.24150085 -0.30770874
-0.0070648193 0.16331482 -0.12017822
-0.17382812 0.097335815 0.039260864
-0.24836731 0.26226807 -0.012054443
-0.18849182 0.5786896 -0.21852112
-0.033935547 0.675827 -0.3547516
0.02407837 0.34718323 -0.37612915
-0.008895874 -0.15005493 -0.41400146
0.025299072 -0.30522156 -0.44454956
0.09310913 -0.10058594 -0.50135803
0.05645752 0.06617737 -0.552063
-0.054107666 0.14498901 -0.5258026
-0.233078 0.020980835 -0.28450012
-0.3088379 -0.055374146 -0.23196411
-0.3112793 -0.075531006 -0.18125916
-0.2843933 -0.15678406 -0.13728333
-0.26791382 -0.25268555 -0.1452179
-0.23370361 -0.24046326 -0.20141602
-0.1640625 -0.21420288 -0.20448303
-0.12069702 -0.27345276 -0.1635437
-0.1665039 -0.2667389 -0.15377808
-0.2624054 -0.22335815 -0.12322998
-0.30944824 -0.13539124 -0.04748535
-0.2648468 -0.0016326904 -0.013885498
-0.20620728 -0.04927063 -0.0065612793
-0.22697449 -0.2203064 0.019714355
-0.25813293 -0.22459412 0.048416138
-0.20132446 -0.16656494 0.079574585
-0.1493988 -0.051712036 0.12294006
-0.121292114 0.09182739 0.147995
-0.113967896 0.14680481 0.18586731
-0.11274719 0.15597534 0.236557
-0.07975769 0.11381531 0.2316742
-0.017456055 -0.006500244 0.17669678
0.002090454 0.033798218 0.13699341
-0.015014648 0.23600769 0.10583496
-0.041275024 0.22805786 0.111328125
-0.090148926 0.08938599 0.1186676
-0.060821533 0.053344727 0.07896423
0.043624878 0.019134521 0.047195435
0.091278076 -0.052322388 0.047821045
0.021636963 -0.055984497 0.027648926
-0.13168335 -0.079193115 0.04537964
-0.22819519 -0.035827637 0.07652283
-0.2129364 0.011199951 0.08934021
-0.16345215 0.033798218 0.07408142
-0.121292114 0.041748047 0.05026245
-0.1164093 -0.03704834 0.03253174
-0.12495422 -0.12072754 0.022155762
-0.10662842 -0.16838074 0.044143677
-0.05227661 -0.14151001 0.06123352
-0.022949219 -0.035217285 0.052703857
-0.038223267 0.0069274902 0.010543823
-0.07304382 0.03440857 -0.0132751465
-0.065704346 0.008758545 0.0019989014
-0.03149414 -0.058425903 0.023376465
-0.037612915 -0.059036255 0.025817871
-0.08403015 -0.0071258545 0.02949524
-0.069381714 0.03868103 0.016052246
0.008804321 -0.023605347 0.014221191
0.0033111572 -0.063934326 0.02520752
-0.03883362 -0.040100098 0.025817871
-0.04676819 -0.054763794 0.04170227
-0.08097839 -0.074920654 0.043533325
-0.117630005 -0.110961914 0.030090332
-0.097473145 -0.12684631 0.016662598
-0.029663086 -0.02482605 -0.0053253174
0.04484558 0.07472229 -0.020599365
0.058288574 0.056411743 -0.013885498
0.021026611 -0.027267456 -0.001663208
-0.013168335 -0.051101685 0.0074920654
-0.013168335 -0.02116394 0.009933472
0.0045318604 0.0014343262 0.016052246
-0.012573242 0.009979248 0.01361084
-0.028442383 0.0038757324 0.002609253
0.006378174 -0.004058838 -0.001663208
0.054626465 0.014251709 -0.005935669
0.07234192 0.005706787 -0.0010528564
0.04852295 -0.015670776 -0.004714966
0.0057525635 0.016082764 -0.012054443
-0.010726929 0.056411743 0.00016784668
-0.00035095215 0.053344727 0.020324707
0.0033111572 0.03868103 0.031311035
0.0033111572 -0.014450073 0.030715942
-0.01133728 -0.0743103 0.020935059
-0.03211975 -0.026672363 0.006881714
-0.033340454 0.053955078 0.0019989014
-0.015609741 0.07167053 0.0044403076
-0.00035095215 -0.01322937 0.01361084
-0.024169922 -0.04927063 -0.01449585
-0.08770752 -0.058425903 -0.11102295
-0.09686279 -0.14456177 -0.1794281
0.06929016 -0.10180664 -0.07374573
0.039352417 0.17308044 0.01727295
-0.09564209 0.033187866 0.06674194
-0.113357544 -0.10240173 0.12294006
0.09799194 -0.050491333 0.15653992
0.2806549 0.019134521 0.12232971
0.24154663 0.14620972 0.09300232
0.098602295 0.036865234 0.11683655
0.03630066 -0.19221497 0.14370728
0.046676636 -0.14639282 0.14492798
0.05645752 -0.03643799 0.14553833
0.014907837 -0.08592224 0.21517944
0.0051574707 -0.13294983 0.23596191
0.029571533 -0.13661194 0.22618103
0.04484558 -0.059646606 0.2353363
0.039352417 0.026473999 0.25856018
0.013687134 -0.006500244 0.2683258
-0.0027923584 -0.07736206 0.27381897
0.019805908 -0.10546875 0.29826355
0.04057312 -0.09996033 0.30497742
0.01612854 -0.011383057 0.28909302
-0.011947632 0.07839966 0.276886
-0.016830444 0.049072266 0.32025146
-0.018676758 0.019134521 0.41493225
0.03630066 0.088775635 0.5041199
0.18229675 0.18164062 0.56643677
0.2653656 0.20057678 0.56643677
0.1633606 0.287323 0.49067688
-0.033935547 0.2934265 0.44303894
-0.19888306 0.2922058 0.4778595
-0.23614502 0.45957947 0.57681274
-0.14451599 0.47790527 0.717926
-0.0040130615 0.24333191 0.87919617
0.09921265 -0.071258545 1.0056458
0.099823 -0.23252869 1.0325317
0.01675415 -0.07858276 0.97265625
-0.021118164 0.17185974 0.92500305
0.041793823 0.24333191 0.9305115
0.05645752 0.2091217 0.9842682
-0.07182312 0.18408203 1.0520782
-0.2642517 0.13276672 1.1174316
-0.36076355 0.13887024 1.1620331
-0.32533264 0.1413269 1.2078552
-0.35403442 0.024642944 1.3135223
-0.46827698 -0.09692383 1.4912872
-0.4756012 -0.17999268 1.6421814
-0.29478455 -0.012619019 1.6305695
-0.054718018 0.17979431 1.4998474
0.087005615 0.38871765 1.3935394
0.102264404 0.5646515 1.3727722
0.11936951 0.6208496 1.4100494
0.23849487 0.4681244 1.4491425
0.32951355 0.2225647 1.4558563
0.2824707 0.19628906 1.421051
0.15724182 0.34474182 1.4002686
0.050964355 0.38749695 1.4479218
0.042404175 0.4039917 1.5181732
0.1963501 0.5817566 1.5749817
0.38449097 0.8230438 1.6696625
0.5347748 0.9824829 1.7710724
0.6166229 0.8774109 1.7991638
0.5982971 0.7839508 1.744812
0.50239563 0.86642456 1.6177368
0.4296875 0.89819336 1.5028992
0.43702698 0.9042969 1.3972168
0.4981079 0.82121277 1.3642273
0.43702698 0.6342926 1.3966064
0.23361206 0.350235 1.4155426
0.03201294 0.06434631 1.4302063
-0.03883362 -0.024230957 1.3257446
-0.02355957 0.0753479 1.2383881
0.019195557 0.1895752 1.3208618
0.10899353 0.11993408 1.3599548
0.15480042 -0.06086731 1.2053986
0.12792969 -0.15434265 0.97631836
0.12609863 0.019134521 0.89141846
0.1486969 0.26409912 1.1217194
0.07417297 0.38078308 1.404541
-0.05166626 0.37834167 1.494339
-0.048599243 0.4663086 1.4247131
0.029571533 0.5744324 1.3104706
0.06744385 0.5121155 1.2072296
0.02897644 0.34474182 1.2438812
-0.05104065 0.21768188 1.3929443
-0.09686279 0.1761322 1.4350891
0.007598877 0.3032074 1.3275757
0.20428467 0.36672974 1.302536
0.3582306 0.32946777 1.468689
0.38937378 0.4192505 1.6403503
0.3130188 0.48890686 1.6256866
0.2659912 0.309906 1.5102234
0.2836914 0.09060669 1.363617
0.308136 -0.021774292 1.2597656
0.30264282 0.11810303 1.2493896
0.2806549 0.37893677 1.3318481
0.24888611 0.48339844 1.4149323
0.19818115 0.37834167 1.4155426
0.12854004 0.24760437 1.3691101
0.071121216 0.3380127 1.3300171
0.09677124 0.55181885 1.300705
0.19267273 0.55548096 1.3135223
0.25804138 0.34474182 1.3367462
0.20428467 0.1101532 1.3190308
0.061950684 0.022201538 1.2402191
-0.06387329 0.3025818 0.92256165
0.03630066 0.4669037 0.7490845
0.18656921 0.5218811 0.5865936
0.3136444 0.3905487 0.46014404
0.34539795 0.23294067 0.37217712
0.25926208 0.21156311 0.32635498
0.08027649 0.18101501 0.3110962
-0.10662842 0.09977722 0.25978088
-0.15184021 0.07472229 0.13699341
-0.062042236 -0.040100098 -0.0041046143
0.008804321 -0.27835083 -0.04748535
0.013687134 -0.19770813 0.009933472
-0.10662842 0.51516724 0.00077819824
-0.3467102 1.2702026 -0.076187134
-0.38702393 1.3312988 -0.13484192
-0.24407959 0.57136536 -0.18797302
-0.12007141 -0.38952637 -0.17881775
-0.03578186 -0.5892792 -0.07008362
-0.024780273 0.1578064 -0.018157959
0.045455933 0.5597687 0.022155762
0.18107605 0.28364563 0.13026428
0.20489502 0.020980835 0.20846558
0.114486694 -0.010787964 0.22373962
0.013092041 -0.13357544 0.30436707
-0.015609741 -0.29849243 0.40760803
0.04118347 -0.32354736 0.41921997
0.12547302 -0.17144775 0.3636322
0.17556763 -0.022994995 0.3110962
0.15420532 0.03074646 0.3110962
0.071121216 0.12910461 0.34162903
-0.01928711 0.2250061 0.35690308
-0.061431885 0.18286133 0.32757568
-0.050430298 0.08389282 0.276886
-0.010116577 0.02281189 0.20907593
0.04057312 -0.0101623535 0.16020203
0.066223145 0.019134521 0.14677429
0.07295227 0.15841675 0.12477112
0.1181488 0.25982666 0.08811951
0.20794678 0.12176514 0.08018494
0.25865173 -0.04988098 0.11439514
0.22627258 -0.038879395 0.13148499
0.13098145 0.0753479 0.1504364
0.041793823 0.2250061 0.12049866
0.01675415 0.3245697 0.08201599
0.019195557 0.29403687 0.107666016
-0.021728516 0.21156311 0.14736938
-0.15916443 0.402771 0.19013977
-0.38580322 0.7460785 0.2805481
-0.6014404 0.86398315 0.46502686
-0.72605896 0.69781494 0.6348572
-0.60266113 0.069229126 0.6434021
-0.31188965 -0.7151184 0.45402527
0.0082092285 -1.0431519 0.22801208
0.22566223 -0.37364197 0.06123352
0.2989807 0.8083801 0.006881714
0.30508423 1.1804047 0.19197083
0.19207764 0.6391754 0.4302063
-0.015609741 -0.15983582 0.5945282
-0.17933655 -0.65586853 0.6549988
-0.22758484 -0.59477234 0.61408997
-0.15306091 -0.27650452 0.5621643
0.02835083 -0.021774292 0.5193939
0.23361206 -0.059036255 0.5065613
0.3399048 -0.28445435 0.47357178
0.2830963 -0.3534851 0.3312378
0.16519165 -0.18304443 0.1504364
0.12854004 -0.012008667 0.03742981
0.1670227 -0.03277588 0.039260864
0.2000122 -0.19160461 0.12721252
0.17434692 -0.2862854 0.1663208
0.14320374 -0.24351501 0.07345581
0.15052795 -0.2215271 -0.05970764
0.16152954 -0.21664429 -0.1635437
0.13647461 -0.17022705 -0.22525024
0.10838318 -0.107299805 -0.25946045
0.12121582 -0.23924255 -0.3229828
0.08761597 -0.33821106 -0.3559723
-0.16101074 -0.033996582 -0.24723816
-0.583725 0.32946777 -0.11834717
-0.80119324 0.3710022 -0.100631714
-0.68818665 0.25126648 -0.33337402
-0.43345642 -0.10180664 -0.5447235
-0.19522095 -0.63020325 -0.56733704
-0.00035095215 -0.9319763 -0.525177
0.13891602 -0.56300354 -0.47080994
0.118774414 0.38749695 -0.45065308
0.022247314 0.95010376 -0.42988586
-0.00035095215 0.80960083 -0.36695862
-0.022949219 0.2689972 -0.3474121
-0.09197998 -0.43533325 -0.37124634
-0.14756775 -0.7914734 -0.37062073
-0.14512634 -0.723053 -0.3254242
-0.117630005 -0.5691223 -0.24050903
-0.05166626 -0.2728424 -0.04197693
0.021026611 0.02281189 -0.12445068
0.11265564 0.2225647 -0.33947754
0.20672607 0.24516296 -0.4738617
0.29530334 0.009979248 -0.42071533
0.28431702 -0.31988525 -0.18309021
0.0839386 -0.25146484 0.13699341
-0.13290405 0.17063904 0.3300171
-0.054107666 0.4076538 0.34162903
0.18107605 0.1425476 0.32330322
0.1975708 -0.16532898 0.3501892
-0.2453003 0.11077881 0.48213196
-0.6863556 0.30075073 0.63423157
-0.74438477 0.26470947 0.64523315
-0.5501251 0.064956665 0.57681274
-0.22575378 -0.30949402 0.38989258
0.12731934 -0.52879333 0.1809845
0.49751282 -0.21054077 0.071014404
0.7406311 0.3068695 0.054534912
0.5518799 0.78334045 0.14004517
0.059509277 0.8206024 0.33796692
-0.19032288 0.36672974 0.50167847
-0.13717651 -0.123794556 0.5065613
0.043014526 -0.52879333 0.43937683
0.2482605 -0.6210327 0.417984
0.3423462 -0.3876953 0.4961853
0.2158966 -0.11706543 0.5853729
-0.040664673 -0.0413208 0.5096283
-0.21781921 0.019134521 0.34162903
-0.20803833 0.044189453 0.24511719
-0.073654175 -0.059036255 0.20602417
0.062561035 -0.20870972 0.19502258
0.13098145 -0.32476807 0.1638794
0.042404175 -0.38279724 0.09667969
-0.12435913 -0.38157654 0.03437805
-0.20254517 -0.19038391 0.012390137
-0.089523315 0.092453 -0.001663208
0.18229675 0.1413269 -0.16659546
0.410141 0.092453 -0.39201355
0.3973236 0.077178955 -0.47509766
0.021026611 0.068618774 -0.4256134
-0.36320496 0.21278381 -0.41278076
-0.36564636 0.4198761 -0.5080719
-0.081588745 0.28242493 -0.723114
0.16763306 -0.34248352 -0.73287964
0.11021423 -0.4035797 -0.67729187
-0.109695435 0.030136108 -0.6644592
-0.3320465 0.56770325 -0.50624084
-0.38763428 0.8303833 -0.29489136
-0.23431396 0.6257324 -0.17515564
0.025909424 0.069229126 -0.20629883
0.25376892 -0.3650818 -0.2783966
0.36860657 -0.34126282 -0.30526733
0.38876343 -0.0101623535 -0.30770874
0.43519592 0.08694458 -0.29182434
0.5127716 0.005706787 -0.21424866
0.48284912 -0.05354309 -0.13850403
0.32585144 -0.0022277832 -0.101242065
0.17253113 -0.027893066 -0.12872314
0.11387634 -0.09996033 -0.19042969
0.12547302 -0.19831848 -0.17332458
0.082107544 -0.25512695 -0.09880066
-0.03517151 -0.08958435 -0.012054443
-0.049209595 0.07778931 0.07467651
0.058898926 0.029525757 0.1504364
0.18351746 -0.28201294 0.17730713
0.041793823 -0.07675171 0.2194519
-0.3173828 0.2861023 0.32635498
-0.7321625 0.42842102 0.42837524
-0.8934479 0.25065613 0.39294434
-0.5904541 -0.49642944 0.2023468
-0.11091614 -1.270401 0.07467651
0.12365723 -0.91548157 -0.056030273
0.06867981 0.35694885 -0.2111969
-0.17321777 1.1687927 -0.1965332
-0.3772583 0.9323883 -0.05848694
-0.4267273 0.15353394 0.050857544
-0.4230652 -0.3980713 0.10949707
-0.4273529 -0.5306244 0.12721252
-0.4139099 -0.5098572 0.15776062
-0.35832214 -0.5306244 0.20297241
-0.27279663 -0.42190552 0.24328613
-0.15672302 -0.2190857 0.24084473
-0.026611328 -0.04499817 0.17730713
0.09799194 0.093048096 0.07467651
0.2763672 0.128479 -0.07008362
0.53782654 0.117492676 -0.25151062
0.76200867 0.07595825 -0.40179443
0.7956085 0.06556702 -0.472641
0.6477814 0.10160828 -0.5166321
0.4455719 0.13214111 -0.5483856
0.24888611 0.08206177 -0.53678894
0.03630066 -0.0022277832 -0.5245819
0.11204529 -0.11462402 -0.57466125
0.23849487 -0.18611145 -0.5838318
0.28858948 -0.2361908 -0.5111389
0.15724182 -0.031555176 -0.34925842
-0.15612793 0.6904907 -0.23562622
-0.4126892 1.0747223 -0.3095398
-0.41879272 0.67948914 -0.48364258
-0.25569153 -0.08592224 -0.552063
-0.04310608 -0.89837646 -0.5410614
0.18534851 -1.1567688 -0.48364258
0.29286194 -0.39318848 -0.3126068
0.06011963 0.78822327 -0.18737793
-0.21965027 0.9549866 -0.18003845
-0.28868103 0.44491577 -0.22218323
-0.18055725 -0.111572266 -0.29426575
0.010025024 -0.48908997 -0.30892944
0.20916748 -0.47200012 -0.27656555
0.32341003 -0.22703552 -0.25823975
0.32341003 -0.08470154 -0.28388977
0.26231384 -0.074920654 -0.3278656
0.16275024 -0.038879395 -0.28572083
0.078445435 0.038085938 -0.20629883
0.079055786 0.027694702 -0.12872314
0.17863464 -0.08531189 -0.10002136
0.3191223 -0.19404602 -0.09941101
0.40525818 -0.15556335 -0.08596802
0.36799622 0.041137695 0.012390137
0.23544312 0.3068695 0.09667969
0.14930725 0.30075073 0.04660034
0.20855713 -0.0059051514 -0.08413696
0.29103088 -0.15127563 -0.16783142
0.20306396 0.08633423 -0.11956787
-0.0663147 0.14376831 0.07467651
-0.47010803 0.20118713 0.34040833
-0.6545868 0.15965271 0.29704285
-0.42123413 -0.14578247 -0.00044250488
0.026519775 -0.4664917 -0.25395203
0.410141 -0.38279724 -0.33215332
0.52194214 -0.07369995 -0.17759705
0.3105774 0.2861023 0.0868988
-0.058380127 0.49256897 0.24267578
-0.28929138 0.39237976 0.20663452
-0.23919678 0.003250122 0.028869629
-0.016235352 -0.4335022 -0.09269714
0.19818115 -0.6100464 -0.07559204
0.2922516 -0.4872589 -0.05114746
0.2922516 -0.23435974 -0.07862854
0.27697754 0.007537842 -0.1611023
0.2775879 0.11810303 -0.26556396
0.2305603 0.060073853 -0.33459473
0.10777283 -0.066986084 -0.35414124
-0.022338867 -0.19587708 -0.35169983
-0.077316284 -0.2520752 -0.37246704
-0.037002563 -0.16960144 -0.44210815
0.07356262 0.049682617 -0.5373993
0.18473816 0.14926147 -0.61680603
0.24215698 -0.021774292 -0.6467438
0.23971558 -0.23313904 -0.6473541
0.16152954 -0.35531616 -0.6522522
0.037521362 -0.3852539 -0.67729187
-0.034561157 -0.3675232 -0.7005005
-0.03211975 -0.4506073 -0.7408142
-0.029052734 -0.46466064 -0.7084503
-0.14205933 -0.24229431 -0.5874939
-0.3296051 0.040527344 -0.5612335
-0.32044983 0.07106018 -0.6241455
-0.12863159 -0.063934326 -0.670578
-0.010116577 -0.20137024 -0.64430237
-0.03578186 -0.11706543 -0.60887146
-0.041885376 -0.038269043 -0.591156
-0.022949219 -0.04437256 -0.604599
-0.009506226 -0.13172913 -0.6461334
-0.0015716553 -0.13235474 -0.7139435
0.05218506 -0.07003784 -0.76220703
0.07722473 -0.042541504 -0.7224884
-0.01928711 -0.06942749 -0.58810425
-0.21720886 -0.055984497 -0.4280548
-0.3577118 0.0008087158 -0.36636353
-0.33509827 0.10038757 -0.36880493
-0.20376587 0.07962036 -0.36573792
-0.03211975 -0.16166687 -0.36146545
0.090667725 -0.41578674 -0.33459473
0.08332825 -0.37669373 -0.29855347
0.050338745 -0.21115112 -0.28144836
0.033233643 -0.11647034 -0.31137085
0.02835083 -0.07858276 -0.34436035
0.06011963 -0.08653259 -0.34803772
0.1315918 -0.13417053 -0.19042969
0.06500244 -0.16166687 -0.08291626
-0.05166626 -0.18733215 -0.024276733
-0.16589355 -0.14639282 0.0013885498
-0.13412476 -0.15371704 -0.018157959
-0.109069824 -0.18060303 -0.03892517
-0.12924194 -0.24229431 -0.07559204
-0.16589355 -0.24107361 -0.12322998
-0.17199707 -0.16778564 -0.16720581
-0.12557983 -0.046218872 -0.21852112
-0.05899048 0.047851562 -0.25028992
-0.058380127 0.08389282 -0.22462463
-0.121292114 0.108932495 -0.14399719
-0.19398499 0.09855652 -0.057861328
-0.22270203 0.06739807 0.006881714
-0.16955566 -0.008346558 0.03804016
-0.06387329 -0.13113403 0.02949524
0.035079956 -0.17633057 -0.011444092
0.07173157 -0.08836365 -0.055419922
0.037521362 0.0050964355 -0.06336975
-0.04798889 0.033798218 -0.062149048
-0.07060242 0.03440857 -0.05419922
0.0045318604 0.019134521 -0.05419922
0.06744385 0.016082764 -0.06274414
0.04484558 0.03135681 -0.05970764
-0.008895874 0.0423584 -0.04319763
-0.026000977 0.03501892 -0.024871826
-0.0009613037 0.012420654 0.002609253
0.025909424 0.0026550293 0.023986816
0.01675415 -0.0034484863 0.024597168
0.0014953613 -0.017501831 0.02154541
0.013092041 -0.013839722 0.016662598
0.022247314 -0.0101623535 0.00016784668
0.010025024 -0.011383057 -0.019378662
-0.007675171 0.008148193 -0.03404236
-0.00340271 0.025253296 -0.03526306
0.012466431 0.013031006 -0.04260254
-0.0021820068 0.0069274902 -0.04197693
-0.04005432 0.024642944 -0.035873413
-0.04798889 0.023422241 -0.037704468
-0.010116577 0.033187866 -0.023651123
0.03630066 0.044799805 -0.0022735596
0.02041626 0.028305054 -0.0034942627
-0.04371643 -0.0004119873 -0.0041046143
-0.07060242 0.013031006 0.00932312
-0.016235352 0.052124023 0.0044403076
0.019195557 0.044189453 -0.019989014
-0.0027923584 0.008148193 -0.037704468
-0.03211975 0.0093688965 -0.0309906
-0.029052734 0.033798218 -0.017547607
-0.015609741 0.021575928 0.0044403076
-0.013793945 -0.018112183 0.0129852295
0.0014953613 -0.023605347 0.002609253
0.022857666 0.0093688965 0.0074920654
0.014312744 0.011810303 0.019104004
-0.021118164 0.0105896 0.022155762
-0.037612915 -0.004058838 0.020324707
-0.013168335 -0.022384644 0.012390137
0.023468018 -0.01689148 0.0013885498
0.027130127 0.002029419 -0.010223389
0.011245728 0.014862061 -0.001663208
0.0014953613 -0.005279541 0.0062713623
-0.010116577 -0.00894165 0.014831543
-0.021118164 -0.012008667 0.02154541
-0.026611328 -0.027267456 0.028869629
-0.015609741 -0.01322937 0.02154541
0.002090454 0.0063171387 0.008102417
0.0033111572 -0.01689148 0.011169434
-0.016830444 -0.03338623 0.028274536
-0.04310608 -0.034606934 0.04170227
-0.033935547 -0.07003784 -0.0010528564
0.013092041 -0.058425903 -0.12384033
0.1340332 -0.11035156 -0.16537476
0.12243652 0.21951294 -0.037704468
0.12854004 -0.27345276 0.2157898
0.16091919 0.09794617 0.12110901
-0.049819946 0.124816895 0.14736938
-0.20559692 -0.11402893 0.20602417
-0.12251282 -0.19953918 0.2622223
0.0057525635 -0.111572266 0.24694824
0.03263855 0.011810303 0.22129822
-0.033340454 0.00021362305 0.22801208
-0.062042236 -0.034606934 0.27381897
0.02897644 -0.02116394 0.3483429
0.1486969 -0.0413208 0.42288208
0.18595886 -0.08103943 0.45524597
0.102264404 0.0026550293 0.47601318
-0.04737854 0.07167053 0.53466797
0.049743652 0.11627197 0.7069397
0.06011963 0.17674255 0.7368622
0.042404175 0.3563385 0.77841187
-0.030273438 0.375885 0.9091339
-0.08403015 0.40460205 0.97143555
-0.06692505 0.33374023 1.0062561
0.013092041 0.23355103 1.0465698
0.106552124 0.2518921 1.1430969
0.15174866 0.32763672 1.3251343
0.11936951 0.3929901 1.5248871
0.06439209 0.55670166 1.6580658
0.07295227 0.57136536 1.7246399
0.14503479 0.46875 1.6916504
0.18656921 0.54571533 1.585968
0.12854004 0.7155304 1.5493164
-0.01133728 0.82121277 1.6250763
-0.16038513 0.7863922 1.8150482
-0.21109009 0.69903564 1.9867096
-0.13046265 0.6434479 2.0050354
-0.004623413 0.63612366 1.9115753
0.021026611 0.69781494 1.79245
-0.077926636 0.76867676 1.7057037
-0.20681763 0.6685028 1.6904297
-0.29600525 0.4406433 1.7130432
-0.33265686 0.3239746 1.6818848
-0.31922913 0.38505554 1.5688629
-0.23431396 0.5609894 1.4198303
-0.09869385 0.6617737 1.365448
0.03996277 0.60313416 1.4589233
0.13710022 0.43881226 1.5548248
0.15298462 0.31297302 1.5377197
0.099823 0.3074646 1.4375305
0.011871338 0.33618164 1.3587341
-0.06021118 0.31724548 1.3410187
-0.08892822 0.23294067 1.3587341
-0.08830261 0.22195435 1.3611755
-0.07548523 0.27388 1.3361359
-0.09442139 0.2922058 1.2854309
-0.14451599 0.29586792 1.2634277
-0.1652832 0.2592163 1.2322845
-0.1335144 0.2421112 1.18219
-0.077316284 0.20729065 1.1064453
-0.07304382 0.1113739 1.0429077
-0.08280945 0.06983948 1.0374146
-0.044326782 0.08938599 1.0624542
0.006378174 0.116882324 1.0801849
0.03996277 0.09611511 1.066742
0.07417297 0.04724121 1.0447388
0.10592651 0.064956665 0.9940491
0.12976074 0.17979431 0.9158478
0.15602112 0.2897644 0.8614807
0.18351746 0.3044281 0.8810272
0.20489502 0.17430115 0.91889954
0.19329834 -0.10546875 0.9299011
0.1670227 -0.4811554 0.8492737
0.18107605 -0.54345703 0.6409607
0.1829071 -0.14089966 0.45524597
0.0045318604 0.6800995 0.38623047
-0.3638153 1.2390594 0.51268005
-0.5715027 0.97454834 0.71487427
-0.4090271 0.32946777 0.77719116
-0.018066406 -0.13235474 0.69532776
0.30020142 -0.0718689 0.6605072
0.36006165 0.40826416 0.6629486
0.20855713 0.65200806 0.689209
0.08027649 0.4052124 0.7191467
0.10166931 0.1101532 0.7002106
0.22383118 0.021575928 0.6684418
0.3411255 0.1071167 0.6739502
0.3594513 0.207901 0.73869324
0.27209473 0.2561493 0.783905
0.14686584 0.24943542 0.79367065
0.035690308 0.19689941 0.80833435
-0.012573242 0.128479 0.8431549
0.03630066 0.053344727 0.8248291
0.11631775 -0.05354309 0.76252747
0.1462555 -0.08653259 0.72831726
0.14320374 -0.095077515 0.7191467
0.09005737 -0.063323975 0.6879883
0.010650635 0.049072266 0.62690735
0.0045318604 0.10221863 0.56643677
0.07966614 0.13642883 0.4986267
0.19267273 0.1920166 0.4265442
0.3240204 0.2237854 0.3996582
0.4278717 0.2384491 0.431427
0.43702698 0.28242493 0.5120697
0.35395813 0.4100952 0.5523834
0.32463074 0.504776 0.5352783
0.41625977 0.42414856 0.5358887
0.5958557 0.2555542 0.5157318
0.71069336 0.15231323 0.48579407
0.41381836 0.30075073 0.5248871
-0.38397217 0.531662 0.6336365
-1.2917175 0.4675293 0.80467224
-1.6661987 0.1602478 0.94088745
-0.6325989 0.19996643 0.5670471
0.15664673 0.12666321 0.3312378
0.82310486 0.016082764 0.19136047
1.110199 0.33068848 0.18708801
0.6074524 1.1547546 0.32391357
-0.09320068 0.94400024 0.5957489
-0.35464478 0.061904907 0.82788086
-0.2929535 -0.34980774 0.80589294
-0.12495422 -0.25390625 0.6605072
0.015533447 0.017318726 0.56092834
0.08027649 0.14743042 0.5200043
0.071121216 0.12910461 0.53222656
0.017974854 0.088775635 0.5462799
-0.04005432 0.09794617 0.47969055
-0.05593872 0.081451416 0.3471222
-0.041275024 0.06373596 0.27871704
-0.045547485 0.07167053 0.31169128
-0.07426453 0.048461914 0.30558777
-0.07548523 -0.03765869 0.20297241
-0.016235352 -0.18426514 0.1308899
0.12425232 -0.18914795 0.07284546
0.2672119 -0.17144775 -0.01876831
0.30630493 -0.21054077 -0.09573364
0.29530334 -0.30155945 -0.09880066
0.22383118 -0.4365692 -0.06947327
0.043624878 -0.24351501 -0.030380249
-0.18177795 0.022201538 0.020324707
-0.37113953 0.2909851 0.07223511
-0.43589783 0.31663513 -0.029159546
-0.431015 0.16880798 -0.12567139
-0.3173828 0.056411743 -0.108566284
-0.07487488 -0.2398529 -0.11468506
0.16946411 -0.63386536 -0.18797302
0.2647705 -0.71694946 -0.26617432
-0.11701965 0.07901001 -0.27227783
-0.6625366 0.81266785 -0.28388977
-0.7486725 0.76135254 -0.32725525
-0.53118896 0.5121155 -0.46897888
-0.29722595 -0.06147766 -0.4256134
-0.17077637 -0.8061371 -0.21669006
-0.081588745 -0.9399109 0.068573
-0.12313843 0.11993408 0.19624329
-0.24468994 0.6923218 0.09851074
-0.1335144 0.0741272 0.016052246
0.082717896 -0.5336914 0.0044403076
0.11936951 -0.4860382 0.042312622
-0.0687561 0.035629272 0.07408142
-0.09564209 0.2763214 0.09239197
0.03691101 0.21095276 0.10583496
0.10411072 0.008148193 0.16020203
0.03201294 -0.07858276 0.20724487
-0.05593872 0.014862061 0.21029663
-0.022949219 0.13581848 0.1852417
0.123031616 0.10343933 0.17364502
0.23544312 -0.18182373 0.15287781
0.14198303 -0.44999695 0.09362793
-0.20132446 -0.30644226 0.08934021
-0.5489044 -0.0413208 0.19563293
-0.5849457 0.13520813 0.3196411
-0.4071808 0.19445801 0.3984375
-0.2300415 0.14987183 0.40455627
-0.09320068 -0.14761353 0.28482056
0.021636963 -0.4041748 0.04537964
0.16091919 -0.32843018 -0.21791077
0.071121216 -0.047439575 -0.20751953
-0.30944824 0.5121155 0.0044403076
-0.5543976 0.89634705 0.27503967
-0.4878235 0.776001 0.40882874
-0.3125 0.21583557 0.42715454
-0.2624054 -0.2215271 0.4473114
-0.37236023 -0.26856995 0.44425964
-0.50309753 0.15048218 0.41983032
-0.441391 0.63368225 0.43081665
-0.27279663 0.6287842 0.43447876
-0.20803833 0.31724548 0.3776703
-0.21842957 0.0014343262 0.20846558
-0.23919678 -0.23680115 0.030090332
-0.22575378 -0.3009491 -0.04197693
-0.16711426 -0.20259094 -0.040756226
-0.11274719 -0.059646606 -0.041381836
-0.21781921 0.045410156 0.016662598
-0.4230652 -0.035217285 0.083236694
-0.53302 -0.26124573 0.079574585
-0.51286316 -0.40846252 0.028274536
-0.4273529 -0.28567505 -0.03831482
-0.3418274 -0.063323975 -0.10368347
-0.23614502 0.0753479 -0.23196411
-0.06816101 0.116882324 -0.409729
0.055236816 0.14802551 -0.4915924
0.042404175 0.1296997 -0.43537903
-0.06816101 0.053344727 -0.34313965
-0.17321777 -0.098739624 -0.23625183
-0.33631897 -0.2728424 -0.06642151
-0.26913452 -0.26856995 -0.12200928
-0.12435913 -0.22213745 -0.21424866
-0.030273438 -0.2056427 -0.2441864
-0.040664673 -0.16532898 -0.18431091
-0.05227661 -0.071258545 -0.12628174
-0.021728516 0.08816528 -0.12750244
0.091278076 0.21156311 -0.15988159
0.1951294 0.10343933 -0.17393494
0.09249878 -0.09814453 -0.1635437
-0.07304382 -0.15127563 -0.14094543
-0.12863159 -0.033996582 -0.10246277
-0.1335144 0.07962036 -0.07803345
-0.15245056 0.121154785 -0.062149048
-0.113357544 0.05885315 -0.033432007
-0.060821533 -0.098739624 -0.0022735596
-0.05166626 -0.11647034 0.011169434
-0.065093994 -0.035827637 0.0154418945
-0.08403015 0.003250122 0.027648926
-0.11579895 -0.04866028 0.04475403
-0.1347351 -0.1060791 0.03437805
-0.07548523 -0.032165527 0.020324707
-0.018066406 0.04724121 0.036209106
-0.069381714 0.058242798 0.04660034
-0.12495422 0.049682617 0.05331421
-0.06387329 0.039916992 0.04660034
0.057678223 0.024642944 0.011169434
0.09188843 0.036239624 -0.02243042
0.042404175 0.035629272 -0.05114746
0.0045318604 0.06983948 -0.05970764
0.017364502 0.112594604 -0.046875
0.04852295 0.053344727 -0.04319763
0.037521362 -0.030334473 -0.033432007
-0.0070648193 -0.07614136 -0.015716553
-0.032714844 -0.08226013 -0.011444092
-0.03517151 -0.017501831 0.0019989014
-0.019897461 0.037460327 0.027648926
-0.00035095215 0.009979248 0.023986816
0.015533447 -0.018722534 -0.0041046143
0.013687134 0.017913818 -0.005935669
-0.017456055 0.049682617 -0.010223389
-0.041885376 0.05029297 -0.0077819824
-0.030883789 0.020980835 0.00077819824
-0.0015716553 0.03135681 -0.005935669
0.015533447 0.052124023 -0.008392334
0.011245728 0.023422241 -0.0022735596
0.000869751 -0.0059051514 0.00077819824
-0.0015716553 0.013031006 0.0013885498
0.0057525635 0.029525757 -0.0022735596
0.014907837 0.039916992 -0.0053253174
0.012466431 0.044799805 0.0032196045
-0.013793945 0.052734375 0.02154541
-0.025390625 0.02708435 0.039260864
-0.018066406 -0.012008667 0.02949524
-0.0021820068 -0.016281128 0.008102417
0.006378174 0.005706787 0.0044403076
0.025909424 0.014251709 0.00016784668
0.04484558 0.0069274902 -0.005935669
0.023468018 0.018539429 -0.005935669
0.0082092285 -0.0010070801 -0.01449585
0.007598877 0.005706787 -0.021209717
0.011245728 0.009979248 -0.015716553
0.037521362 -0.010787964 -0.001663208
0.04852295 -0.019332886 0.006881714
0.030197144 0.017913818 0.019714355
0.018585205 0.02281189 0.030715942
0.0082092285 -0.022384644 0.027038574
0.014907837 -0.02482605 0.0074920654
0.046676636 0.033798218 0.0013885498
0.050964355 0.06434631 0.0074920654
0.02468872 0.016082764 0.0154418945
0.009429932 -0.02482605 0.023376465
0.013687134 -0.006500244 0.0154418945
0.02897644 -0.027267456 0.011764526
0.033233643 -0.020553589 0.0019989014
0.05279541 0.04724121 -0.052978516
0.09921265 0.06739807 -0.1794281
0.27392578 0.26226807 -0.24295044
0.11021423 0.54815674 -0.12506104
-0.07060242 -0.14273071 0.07711792
-0.040664673 -0.49154663 0.1510315
0.038131714 0.044189453 -0.029769897
0.025299072 0.48339844 -0.15927124
0.014312744 0.4351349 -0.100631714
0.09738159 0.06617737 0.00932312
0.05279541 -0.18670654 0.019104004
-0.05166626 -0.09751892 -0.037094116
-0.046157837 0.0026550293 -0.051757812
0.017974854 0.0105896 -0.036483765
0.042404175 -0.01322937 -0.019378662
-0.01133728 -0.05781555 -0.02243042
-0.019897461 -0.046829224 -0.046875
0.047286987 0.028305054 -0.07496643
0.04789734 0.033798218 -0.076812744
-0.013168335 0.1071167 -0.05480957
-0.011947632 0.1242218 -0.03892517
0.030792236 0.07106018 -0.05480957
0.07722473 0.056411743 -0.07559204
0.11265564 0.08755493 -0.072525024
0.09799194 0.13337708 -0.061523438
0.057678223 0.16880798 -0.057861328
0.061950684 0.08267212 -0.057861328
0.09249878 -0.012008667 -0.06947327
0.14503479 -0.018112183 -0.08291626
0.18962097 0.045410156 -0.104904175
0.20550537 0.0900116 -0.11468506
0.14076233 0.02281189 -0.09880066
0.002090454 -0.08041382 -0.045639038
-0.06265259 -0.14334106 -0.00044250488
0.014907837 -0.119506836 0.0019989014
0.12487793 -0.03704834 -0.015716553
0.15174866 -0.019332886 -0.01449585
0.08944702 -0.07064819 0.00932312
0.059509277 -0.09263611 -0.0022735596
0.10043335 -0.07858276 -0.021820068
0.021636963 -0.034606934 -0.021209717
-0.1823883 0.053955078 0.003829956
0.02835083 -0.054153442 0.025817871
