-0.13639832 4.1491547 9.020935
-0.21296692 4.0127563 9.04248
-0.22253418 4.065399 9.092728
-0.14117432 4.113266 9.209976
-0.13639832 4.1276245 9.272186
-0.12921143 4.043869 9.322433
-0.23210144 3.866806 9.243469
-0.18902588 3.8189392 9.274582
-0.124420166 3.7998047 9.195618
-0.21296692 3.7878418 9.200409
-0.19381714 3.8141632 9.382263
-0.112457275 3.9553375 9.5354
-0.050247192 4.0414734 9.628723
-0.13639832 4.0797577 9.592819
-0.050247192 3.9936218 9.415756
-0.14596558 4.051056 9.272186
-0.0765686 4.0534363 9.18605
-0.07417297 4.0079803 9.236298
-0.009567261 4.0390778 9.367905
0.009567261 4.1324005 9.355942
0.0 4.0797577 9.2482605
-0.0023956299 4.19223 9.013763
-0.04307556 4.2017975 8.891724
-0.1268158 4.1204376 8.949158
-0.0143585205 4.106079 9.219543
-0.0765686 4.0749817 9.403793
-0.18424988 3.9912262 9.336792
-0.052642822 4.0366974 9.128616
-0.088531494 4.060623 8.9730835
-0.1986084 4.015152 9.181259
-0.08135986 4.065399 9.365509
-0.023925781 4.165909 9.487549
-0.0382843 4.1443634 9.413361
-0.08375549 4.134796 9.207581
-0.100494385 4.0701904 9.054443
-0.14596558 4.010376 9.04248
-0.107681274 4.027115 9.193222
-0.062210083 4.094116 9.286545
-0.100494385 4.0462646 9.241089
-0.07896423 4.060623 9.241089
-0.102890015 4.019943 9.265015
-0.0765686 4.0247345 9.269791
0.007171631 4.134796 9.305695
-0.047851562 4.130005 9.320038
-0.112457275 4.0797577 9.363113
-0.15792847 4.027115 9.272186
-0.14117432 4.043869 9.128616
-0.122039795 4.055832 9.020935
-0.07417297 4.113266 9.111862
0.009567261 4.1826477 9.399002
-0.050247192 4.0989075 9.439682
-0.033493042 4.101303 9.260223
-0.035888672 4.1108704 9.008972
-0.093322754 4.08934 9.097519
-0.07417297 4.0917206 9.267395
-0.050247192 4.072586 9.396622
-0.057434082 4.0797577 9.358322
-0.007171631 4.0821533 9.245865
-0.03111267 4.067795 9.178864
-0.105285645 4.0247345 9.28894
-0.14117432 3.9912262 9.336792
-0.0765686 4.0079803 9.296112
-0.050247192 4.043869 9.181259
-0.07896423 4.022339 9.150162
-0.011962891 4.101303 9.205185
-0.033493042 4.163513 9.255432
-0.093322754 4.1084747 9.286545
-0.023925781 4.106079 9.269791
-0.062210083 4.1204376 9.233902
-0.07896423 4.0701904 9.253052
-0.062210083 4.060623 9.221939
-0.028717041 4.1036835 9.159729
-0.1268158 4.031906 9.198013
-0.13877869 3.9601288 9.286545
-0.090927124 4.022339 9.305695
-0.04307556 4.0749817 9.317657
-0.050247192 4.08934 9.276978
-0.026321411 4.0701904 9.217148
0.03111267 4.1324005 9.142975
-0.052642822 4.1515503 9.152542
0.0047912598 4.2113647 9.267395
-0.06700134 4.1276245 9.255432
-0.047851562 4.063019 9.231506
-0.062210083 4.0079803 9.276978
-0.1651001 3.9266205 9.310471
-0.18664551 3.8907318 9.243469
-0.1268158 4.0749817 9.059235
0.011962891 4.273575 8.953949
0.100494385 4.273575 9.114258
-0.13639832 4.096512 9.403793
-0.21296692 3.9673004 9.501892
-0.14596558 4.1108704 9.437286
0.011962891 4.3046875 9.501892
0.059814453 4.417145 9.628723
0.055038452 4.4075775 9.554535
-0.088531494 4.2113647 9.353546
-0.13877869 4.094116 9.231506
-0.117248535 4.019943 9.12384
-0.1531372 3.9792633 9.142975
-0.033493042 4.0462646 9.147766
0.021530151 4.134796 9.243469
0.062210083 4.19223 9.298508
0.105285645 4.3046875 9.255432
0.24406433 4.4195404 9.269791
0.19381714 4.4147644 9.312866
0.124420166 4.359726 9.274582
0.114852905 4.4362946 9.272186
0.20100403 4.577469 9.272186
0.122039795 4.6492615 9.286545
-0.03111267 4.610962 9.303299
0.08135986 4.7808533 9.257828
-0.055038452 4.8598175 9.360718
-0.050247192 4.833496 9.384644
-0.2416687 4.639679 9.219543
-0.27278137 4.5702972 9.080765
-0.25125122 4.508072 9.0759735
-0.17228699 4.6253204 9.198013
-0.2416687 4.689926 9.159729
-0.27278137 4.840683 9.028122
-0.18185425 4.977066 8.867798
-0.34695435 4.924423 8.8367
-0.41635132 4.857437 8.848663
-0.23210144 4.984253 8.827118
-0.25842285 4.9292145 8.865402
-0.45224 4.8143616 8.874985
-0.61735535 4.532013 9.0759735
-0.7992096 4.285553 9.310471
-0.6795654 4.23291 9.250656
-0.5742798 4.3621216 9.107086
-0.5934143 4.266403 9.107086
-0.68434143 4.2927246 8.896515
-0.6699829 4.4817505 8.599808
-0.624527 4.5750732 8.391632
-0.42591858 4.7976074 8.544769
-0.26560974 4.9818573 8.7960205
-0.40678406 4.9914246 8.977875
-0.46899414 4.99382 8.965912
-0.48812866 5.005783 8.786438
-0.6269226 4.989029 8.537598
-0.5024872 5.0440674 8.614166
-0.34217834 5.3120728 8.731415
-0.33259583 5.510666 8.853439
-0.5144501 5.391037 8.755341
-0.73220825 5.1804657 8.508881
-0.77526855 5.15654 8.212173
-0.7154541 5.2953186 8.082962
-0.653244 5.4101715 8.178665
-0.6269226 5.6063843 8.528015
-0.7513428 5.3694916 8.982651
-0.8566284 4.9866486 9.363113
-0.8374939 4.7330017 9.78186
-0.98106384 4.285553 10.073776
-1.0169525 3.7112732 10.179062
-0.69869995 3.8883362 10.645676
-0.7082825 4.687546 11.612366
-0.61735535 4.8885345 12.157928
-0.7082825 4.2640076 11.531006
-1.3567352 3.3044891 10.203003
-1.7204437 2.6392822 8.930008
-1.4763641 2.7565308 8.061417
-1.0911255 3.460022 8.085342
-0.55513 4.163513 8.8007965
-0.36131287 4.565506 9.28894
-0.7130585 4.37648 8.985046
-1.3686981 3.8165588 8.236099
-1.8544312 3.0723877 7.6450653
-2.0123596 2.8522491 7.554138
-1.4476624 3.287735 7.779068
-1.2059784 3.8907318 7.939392
-1.138977 4.1443634 8.267197
-1.0337067 4.0414734 8.353348
-0.8925171 4.084549 7.996811
-0.9140625 4.311859 7.819748
-1.1318054 4.3094788 7.9585266
-0.99780273 4.208969 8.118851
-0.68673706 4.445862 8.204987
-0.72024536 4.5607147 8.250458
-1.031311 4.4243317 8.398804
-1.1964111 4.342972 8.207382
-1.0001984 4.54158 7.8221436
-1.2346954 4.840683 7.862808
-1.4452667 4.8550415 8.484955
-1.3495483 4.721039 8.958725
-1.1318054 4.819153 8.930008
-0.95474243 5.194824 8.927628
-0.88534546 5.3814545 9.181259
-0.42114258 5.6327057 9.559326
-0.01914978 5.831314 10.095322
0.047851562 5.5369873 10.2508545
-0.028717041 4.749756 9.590439
0.08135986 4.302292 8.721832
0.29193115 4.532013 8.951553
0.67237854 4.960327 9.468399
1.002594 5.139786 9.942184
0.71784973 5.0727844 10.621735
0.43788147 4.89093 10.987839
0.53359985 4.610962 10.2341
0.5862427 4.2113647 9.298508
0.5312042 3.998413 8.886948
0.48335266 4.0007935 8.760132
0.5694885 3.9912262 8.750549
0.59103394 4.010376 8.922836
0.32063293 3.998413 9.154938
0.098098755 3.7950134 9.052048
-0.0382843 3.5605164 8.731415
-0.0047912598 3.328415 8.551941
0.01914978 3.3403778 8.662018
-0.088531494 3.4097748 8.951553
0.059814453 3.6179504 8.999405
0.22732544 3.883545 8.894119
0.5048828 4.2424774 8.874985
0.6891327 4.5631104 9.265015
0.85902405 4.594223 9.439682
0.64845276 4.6037903 9.200409
0.39482117 4.5272217 9.233902
0.36849976 4.4985046 9.458832
0.46899414 4.7282104 9.858429
0.68673706 4.99382 10.121643
0.6197357 5.0081787 9.832108
0.7034912 4.6325073 9.7986145
0.47616577 4.5511475 9.944565
0.17945862 4.0127563 10.128815
0.24645996 4.1778717 10.78923
0.91645813 4.491333 10.983063
0.8422699 4.512863 10.339386
0.4355011 3.7854462 8.757736
-0.26560974 2.9623108 8.049454
-0.9762726 2.7158508 8.331802
-1.0456696 2.8522491 8.815155
-0.65563965 3.0245209 9.181259
-0.26560974 2.897705 8.999405
-0.2679901 2.897705 8.583054
-0.24406433 2.9766693 8.226532
-0.2679901 3.0149536 8.023132
-0.40678406 3.1633148 8.494522
-0.50727844 3.2805634 8.879761
-0.4857483 3.0675964 8.843872
-0.68196106 3.0771637 8.73381
-0.64367676 3.254242 8.817551
-0.71784973 3.390625 9.004196
-0.5814514 3.534195 9.174088
-0.16989136 3.780655 9.207581
0.0143585205 3.9266205 9.157333
0.0023956299 3.9888306 9.064011
-0.105285645 3.9720917 9.214767
-0.5359955 3.8883362 9.492325
-0.47138977 3.7926178 9.365509
-0.35653687 3.940979 9.410965
-0.24645996 4.3142548 9.982849
-0.047851562 4.515259 10.631317
-0.011962891 4.443466 10.425522
0.06700134 4.0127563 9.564117
0.29910278 4.0295105 9.032898
0.6316986 3.625122 9.394226
1.0528412 3.7136536 11.150558
1.8185425 4.1084747 12.698715
1.6678009 4.1802673 12.945175
0.5048828 3.5030975 10.585846
-0.25602722 2.3736877 7.934601
-1.5720825 2.376068 7.051651
-1.4285126 3.0317078 7.9178467
0.22732544 3.3116608 8.662018
1.7204437 3.7040863 9.3703
1.1629181 3.5317993 10.071396
0.055038452 3.1585236 10.616959
-0.15074158 3.1011047 10.281952
0.035888672 3.2901306 9.722046
-0.055038452 3.402588 9.064011
-0.095718384 3.2326965 8.599808
-0.3397827 3.0867462 8.078171
-0.26560974 3.2015991 7.934601
0.026321411 3.4552307 8.640488
0.22492981 3.7088776 9.037689
0.01914978 3.866806 9.166901
-0.33738708 3.6801605 9.013763
-0.43070984 3.7495575 8.882156
-0.17468262 3.998413 9.023331
0.47138977 4.3740845 9.542572
0.95951843 4.3740845 9.94696
0.50727844 4.3980103 10.487747
-0.0047912598 4.3549347 10.68396
-0.18902588 3.8285217 10.095322
0.21534729 3.6634064 10.064209
0.5479584 3.9026947 9.595215
-0.021530151 3.735199 10.040283
0.007171631 3.620346 10.987839
0.34457397 3.3236237 11.42334
0.088531494 3.0508423 10.794022
-0.5694885 2.589035 9.241089
-0.7513428 2.514862 8.721832
-0.8063812 2.8785706 8.884552
-0.47138977 3.0173492 9.037689
-0.29910278 2.995819 9.157333
-0.06700134 2.8737793 9.049652
0.38763428 3.1082764 9.193222
0.37088013 3.345169 9.590439
0.112457275 3.2853394 9.564117
-0.0023956299 3.349945 8.819946
-0.65563965 3.2805634 7.968094
-0.6699829 3.4719849 8.408386
-0.39959717 3.6275177 9.061615
-0.18424988 3.6586304 9.4205475
-0.06700134 3.694519 9.1453705
-0.093322754 3.8165588 8.831909
-0.011962891 3.952942 8.729019
0.01914978 3.9098663 8.975479
-0.30867004 3.7615204 9.702896
-0.57188416 3.7016907 10.344177
-0.73698425 3.6442719 10.837097
-0.43310547 3.7447662 11.191238
-0.14596558 3.9218292 11.062027
-0.23449707 3.7998047 9.870392
-0.275177 3.5557404 9.607178
-0.22492981 3.797409 10.214966
-0.023925781 3.6897278 10.334595
0.22492981 3.6490479 10.298706
0.4905243 3.6179504 10.29631
0.050247192 3.6083832 10.41835
-0.7034912 3.3619232 10.58107
-0.899704 3.0939178 9.934998
-0.8638153 3.139389 8.860626
-0.2416687 3.5030975 8.305481
0.6006012 3.5485535 8.17627
1.1246338 3.5270233 8.513657
0.83987427 3.3308105 9.327225
0.2416687 3.184845 10.114456
-0.088531494 2.9742737 10.155136
-0.29910278 3.1178436 8.903687
-0.2679901 3.110672 7.841278
-0.44984436 3.1250305 7.350754
-0.4139557 3.2063751 8.039886
0.17945862 3.677765 8.846268
0.65563965 3.7998047 9.243469
0.3517456 3.7854462 9.257828
0.0143585205 3.6347046 8.951553
0.0023956299 3.7447662 8.793625
0.04307556 3.9050903 9.140579
0.18185425 4.072586 9.676575
0.28234863 4.027115 9.6263275
-0.028717041 3.9649048 9.530609
-0.071777344 3.969696 9.5354
-0.14356995 4.0414734 9.973282
-0.2368927 4.0773773 10.226929
-0.007171631 3.775879 9.676575
0.119644165 3.7830505 10.660019
0.062210083 3.981659 10.609772
-0.3397827 3.4863434 10.502106
-0.3062744 3.357132 10.748566
-0.20578003 3.1489563 11.004593
-0.5312042 2.8259277 10.796417
-0.5001068 2.567505 10.308273
-0.0143585205 2.658432 9.865616
0.15074158 2.617752 9.243469
-0.16989136 2.5363922 8.743378
-0.8494568 2.4957123 8.700302
-0.9571228 2.5579224 9.040085
-0.31585693 2.7110748 9.927826
0.3517456 2.9431763 10.272385
0.33259583 2.794815 9.444473
-0.32781982 2.8570251 8.652451
-0.653244 2.7397766 8.221741
-0.92123413 2.8115692 8.128418
-0.8949127 2.9694977 8.394028
-0.8805542 3.0245209 8.788834
-0.933197 3.0723877 9.054443
-0.727417 3.275772 9.12384
-0.624527 3.517456 9.468399
-0.5264282 3.4959106 9.49472
-0.36610413 3.6227264 9.030518
-0.18664551 3.5844421 8.575882
-0.0765686 3.768692 8.556732
-0.0047912598 4.125229 9.449265
0.057434082 4.106079 9.858429
0.20817566 3.7950134 10.04985
-0.086135864 3.8955078 9.652649
-0.38523865 3.981659 9.214767
-0.27278137 3.7543335 8.748154
0.110076904 3.7662964 10.179062
0.40438843 3.5389862 12.043076
0.45703125 3.270996 11.593231
0.6029968 3.1920319 9.796219
1.1078796 3.426529 8.528015
1.0480499 3.5581207 8.092529
0.31106567 3.2374878 8.654846
-0.3900299 2.6990967 9.669403
-0.83270264 2.7852478 9.851257
-0.5862427 3.0101776 9.056839
0.22732544 3.1465607 8.224136
0.7010956 3.0963135 8.094925
0.33738708 2.9981995 8.812759
0.62213135 2.7230377 9.997208
0.447464 2.4957123 9.647858
-0.086135864 2.600998 9.066406
-0.21057129 2.5962067 10.45903
0.009567261 2.8283234 11.263016
0.110076904 3.2398834 9.61676
0.34217834 3.3547363 7.853241
0.39242554 3.1130676 7.623535
-0.052642822 2.7517395 9.08316
-0.4402771 2.354538 9.714859
-0.45463562 2.5531464 8.999405
0.105285645 2.9623108 8.901306
0.5359955 2.9886322 9.537796
0.928421 3.122635 11.011765
1.2993011 3.0580292 11.042877
0.6915283 3.493515 11.873184
0.27038574 3.6634064 10.968704
-0.055038452 3.4624176 8.863022
-0.6029968 2.6895294 6.6376953
-1.3160553 2.4885406 7.3411865
-1.3567352 2.8881378 12.134003
-0.5359955 2.3114624 16.074982
0.8829498 1.146164 13.986053
1.1030884 0.72024536 10.19342
0.5479584 1.5218353 7.726425
-0.44267273 2.4478607 7.594818
-1.3160553 2.5124664 9.480362
-0.5766754 2.1391907 10.569092
0.4737854 1.4045868 10.042679
0.4139557 1.1581268 9.544968
-0.1651001 1.6510468 9.195618
-0.2871399 2.2468567 9.32962
0.4905243 1.9286194 10.320251
0.6412811 1.3088684 10.454239
0.4905243 1.6366882 10.10968
0.062210083 1.9716797 9.793823
-0.2679901 2.1463623 9.332016
-0.5312042 2.239685 9.133408
-0.5407715 2.2947235 9.116653
-0.01675415 1.9908295 10.935196
-0.550354 1.7611237 10.8012085
-0.4905243 2.0123596 10.662415
-0.023925781 2.239685 10.82991
0.29431152 2.3330078 10.17189
0.03111267 2.3449707 9.092728
0.17228699 2.411972 9.221939
0.33021545 2.3090668 10.463806
0.52163696 2.0865479 10.7677
0.6006012 1.8065796 10.360916
0.39242554 1.9573364 9.712463
0.48335266 2.2324982 9.609573
0.7298126 2.1798553 9.554535
0.1268158 2.555542 9.899109
0.28474426 2.3401794 9.78186
0.38523865 1.935791 9.355942
0.5670929 1.5481567 9.437286
0.84706116 1.7348022 10.15036
0.43310547 1.9525452 11.270203
-0.31106567 2.3066864 10.724625
-0.4091797 2.4430695 10.269989
-0.0023956299 2.170288 9.765106
0.27278137 1.5912323 10.126419
0.0047912598 1.6055908 10.748566
0.057434082 1.6055908 10.222137
0.5024872 1.7060852 10.365707
0.66041565 1.8448639 10.375275
0.54556274 1.7156525 10.224533
0.04067993 1.758728 10.207779
-0.2679901 1.9621124 9.499512
-0.37327576 2.0578308 9.645462
-0.23449707 2.1176453 10.310669
-0.1603241 2.1798553 10.255646
-0.28474426 2.2348938 9.96611
-0.15074158 2.177475 9.736389
-0.093322754 2.1272125 9.729218
-0.04067993 2.1631165 9.707687
-0.18185425 2.2085724 9.832108
-0.14356995 2.354538 9.865616
-0.37327576 2.3377838 9.9062805
-0.3900299 2.4622192 9.982849
-0.021530151 2.3066864 9.633499
-0.13877869 2.285141 9.489929
-0.086135864 2.1320038 9.564117
-0.1531372 2.2827454 10.169495
-0.22492981 2.371292 10.198212
-0.100494385 2.2899323 9.736389
-0.050247192 2.342575 9.544968
0.009567261 2.321045 10.018753
-0.0023956299 2.2085724 10.222137
-0.100494385 2.2707825 10.064209
-0.007171631 2.210968 9.9039
0.22970581 2.2157593 9.937393
0.18902588 2.2133636 10.157532
-0.009567261 2.1846466 9.585648
-0.23928833 2.222931 9.710068
-0.23210144 2.2157593 9.9039
-0.19142151 2.2994995 9.923035
-0.14596558 2.321045 9.662216
-0.20817566 2.3856506 9.707687
-0.13639832 2.3593292 9.736389
-0.047851562 2.2707825 9.865616
-0.16749573 2.3784637 9.963715
-0.37327576 2.5005035 9.930222
-0.23210144 2.4095764 9.982849
-0.34934998 2.457428 10.033112
-0.31825256 2.4430695 10.059433
-0.30867004 2.4382935 9.927826
-0.33259583 2.4789581 9.88475
-0.3062744 2.6201477 9.736389
-0.15792847 2.4933167 9.607178
-0.26081848 2.5842438 9.710068
-0.2536316 2.514862 9.688538
-0.098098755 2.490921 9.67897
-0.122039795 2.4430695 9.918243
-0.22732544 2.4406738 9.887146
-0.21296692 2.5339966 9.832108
-0.2368927 2.498108 9.968506
-0.3014984 2.5435638 9.84407
-0.34217834 2.622528 9.88475
-0.3756714 2.675171 9.970886
-0.38046265 2.6440735 9.879959
-0.47138977 2.7134552 9.789032
-0.39242554 2.6823578 9.7986145
-0.3397827 2.600998 9.865616
-0.279953 2.651245 9.827316
-0.31585693 2.6153564 9.722046
-0.37088013 2.6392822 9.784256
-0.35891724 2.6129608 9.832108
-0.38763428 2.658432 9.894318
-0.33259583 2.670395 9.791428
-0.23449707 2.5435638 9.674179
-0.23210144 2.5005035 9.655045
-0.24406433 2.4741821 9.791428
-0.29193115 2.4358978 9.724426
-0.30867004 2.5005035 9.707687
-0.35414124 2.5124664 9.779465
-0.39720154 2.5746765 9.765106
-0.30867004 2.5962067 9.9015045
-0.30389404 2.5220337 9.748352
-0.49291992 2.6656036 9.645462
-0.49531555 2.7110748 9.74118
-0.3254242 2.6990967 9.858429
-0.3134613 2.6943207 9.856033
-0.40438843 2.7302094 9.851257
-0.4283142 2.773285 9.765106
-0.46420288 2.847458 9.686142
-0.49531555 2.8498535 9.71965
-0.5264282 2.847458 9.693329
-0.5407715 2.8307037 9.669403
-0.4737854 2.847458 9.753143
-0.49291992 2.8426666 9.712463
-0.4355011 2.823532 9.796219
-0.36131287 2.835495 9.793823
-0.41635132 2.8139648 9.76033
-0.4019928 2.7565308 9.681366
-0.35891724 2.761322 9.755539
-0.38763428 2.7541351 9.693329
-0.4019928 2.8139648 9.717255
-0.47138977 2.8187408 9.808182
-0.39242554 2.7828522 9.6957245
-0.4019928 2.806778 9.755539
-0.3637085 2.8259277 9.8033905
-0.34217834 2.7996063 9.726822
-0.31585693 2.7565308 9.724426
-0.41156006 2.7541351 9.712463
-0.45224 2.8091736 9.645462
-0.43070984 2.823532 9.604797
-0.4665985 2.8259277 9.683746
-0.5383911 2.9024963 9.640686
-0.4905243 2.9814606 9.628723
-0.4091797 2.9120636 9.686142
-0.45463562 2.8905334 9.774673
-0.55274963 2.9623108 9.745972
-0.5168457 2.9192505 9.63829
-0.40678406 2.8402863 9.578476
-0.53359985 2.8857422 9.59761
-0.5168457 2.909668 9.762711
-0.46899414 2.9024963 9.745972
-0.55274963 2.9072723 9.693329
-0.50727844 2.8905334 9.609573
-0.48095703 2.8737793 9.762711
-0.5096741 2.8857422 9.808182
-0.4905243 2.8833466 9.76033
-0.48335266 2.904892 9.738785
-0.47616577 2.8953094 9.662216
-0.5240326 2.8737793 9.74118
-0.47616577 2.9575348 9.784256
-0.40438843 2.950348 9.772293
-0.35414124 2.926422 9.67897
-0.40678406 2.8905334 9.791428
-0.47138977 2.9359894 9.717255
-0.48335266 2.9647064 9.702896
-0.55992126 2.9575348 9.669403
-0.47138977 2.9288177 9.643082
-0.55752563 2.9312134 9.662216
-0.5694885 3.0029907 9.698105
-0.5120697 2.9431763 9.647858
-0.65563965 2.9886322 9.604797
-0.6197357 2.9910278 9.588043
-0.6125641 3.012558 9.662216
-0.5790558 2.9718933 9.681366
-0.5024872 2.9168549 9.614365
-0.59820557 2.9742737 9.686142
-0.5096741 3.0341034 9.640686
-0.5048828 2.9312134 9.63829
-0.5694885 3.0149536 9.659821
-0.5168457 3.0747833 9.650253
-0.45463562 2.938385 9.745972
-0.48812866 2.9814606 9.628723
-0.5431671 3.0675964 9.580856
-0.5383911 3.0173492 9.6263275
-0.5647125 2.995819 9.659821
-0.5670929 3.0843506 9.693329
-0.45942688 2.995819 9.726822
-0.36849976 2.8402863 9.774673
-0.48095703 2.9551392 9.6957245
-0.41874695 2.909668 9.676575
-0.46899414 2.868988 9.710068
-0.5312042 2.876175 9.633499
-0.51924133 2.8833466 9.583252
-0.4857483 2.8426666 9.643082
-0.5288086 2.8666077 9.664612
-0.6125641 2.9910278 9.578476
-0.5288086 3.0269165 9.537796
-0.5814514 2.9838562 9.743576
-0.5264282 3.1058807 9.810577
-0.47616577 3.0891266 9.8033905
-0.4665985 3.103485 9.722046
-0.42352295 3.0628204 9.607178
-0.39720154 2.950348 9.74118
-0.4139557 2.9814606 9.702896
-0.45942688 2.9886322 9.676575
-0.50727844 3.0053864 9.674179
-0.45703125 3.0245209 9.63829
-0.5264282 2.9838562 9.667007
-0.5312042 3.0053864 9.571289
-0.5359955 3.0053864 9.683746
-0.45463562 2.9718933 9.676575
-0.4402771 3.0245209 9.67897
-0.4283142 2.945572 9.731613
-0.47616577 3.0101776 9.755539
-0.5742798 3.0508423 9.731613
-0.5001068 3.0508423 9.621536
-0.47616577 3.0508423 9.635895
-0.48812866 3.103485 9.674179
-0.45224 3.122635 9.772293
-0.447464 3.069992 9.815353
-0.44267273 3.0197449 9.690933
-0.4283142 2.9766693 9.63829
-0.4139557 3.0197449 9.5354
-0.38763428 3.0101776 9.578476
-0.40678406 2.995819 9.63829
-0.43788147 3.0245209 9.61676
-0.45942688 3.0388794 9.659821
-0.5240326 3.098709 9.717255
-0.5742798 3.1082764 9.7005005
-0.51924133 3.0843506 9.542572
-0.52163696 3.0723877 9.49472
-0.44984436 3.0341034 9.578476
-0.43310547 3.0269165 9.61676
-0.5240326 3.0556335 9.655045
-0.5144501 3.0628204 9.669403
-0.54556274 3.0556335 9.6957245
-0.5312042 3.069992 9.63829
-0.55752563 3.1011047 9.537796
-0.4737854 3.0652008 9.664612
-0.42114258 3.048462 9.71965
-0.43310547 3.0436707 9.595215
-0.48812866 3.0652008 9.489929
-0.45224 3.0963135 9.61676
-0.43788147 3.122635 9.633499
-0.45703125 3.1322021 9.750748
-0.50727844 3.1704865 9.690933
-0.5742798 3.1992035 9.745972
-0.5479584 3.1585236 9.604797
-0.52163696 3.1704865 9.568893
-0.5288086 3.0891266 9.530609
-0.44267273 3.103485 9.406189
-0.47138977 3.1130676 9.518646
-0.57188416 3.1417694 9.5234375
-0.5383911 3.1752777 9.710068
-0.4665985 3.1465607 9.71965
-0.49771118 3.1250305 9.61676
-0.5144501 3.1585236 9.552155
-0.5024872 3.1274261 9.578476
-0.49291992 3.110672 9.573685
-0.55513 3.184845 9.590439
-0.55752563 3.2159576 9.647858
-0.5934143 3.2662048 9.659821
-0.5647125 3.2781677 9.681366
-0.49531555 3.1992035 9.635895
-0.40438843 3.139389 9.664612
-0.44506836 3.1920319 9.621536
-0.43310547 3.1872406 9.690933
-0.49531555 3.2326965 9.652649
-0.52163696 3.2398834 9.49472
-0.5240326 3.2207336 9.497116
-0.5383911 3.2111664 9.518646
-0.5814514 3.247055 9.580856
-0.5886383 3.2350922 9.590439
-0.48335266 3.2446747 9.633499
-0.44984436 3.1968079 9.580856
-0.44506836 3.1776733 9.554535
-0.4665985 3.2039948 9.489929
-0.4665985 3.1920319 9.585648
-0.43788147 3.2207336 9.561722
-0.48335266 3.2973022 9.592819
-0.5288086 3.2231293 9.454041
-0.48812866 3.1680908 9.403793
-0.5431671 3.225525 9.5234375
-0.53359985 3.3116608 9.571289
-0.5096741 3.316452 9.633499
-0.5479584 3.3308105 9.662216
-0.5264282 3.3356018 9.662216
-0.55992126 3.3427734 9.614365
-0.55992126 3.357132 9.595215
-0.4905243 3.3020935 9.585648
-0.5048828 3.3212433 9.549759
-0.46420288 3.259018 9.556931
-0.4785614 3.328415 9.544968
-0.55274963 3.385849 9.662216
-0.4905243 3.3332062 9.645462
-0.49291992 3.3260193 9.542572
-0.47616577 3.2638092 9.482758
-0.46180725 3.259018 9.384644
-0.45942688 3.287735 9.5234375
-0.4785614 3.357132 9.609573
-0.40678406 3.3762665 9.6263275
-0.49531555 3.4002075 9.573685
-0.55274963 3.4504547 9.552155
-0.5670929 3.4073792 9.537796
-0.5048828 3.3930206 9.504288
-0.5168457 3.4073792 9.5282135
-0.5264282 3.3930206 9.533005
-0.5024872 3.3619232 9.456436
-0.48812866 3.3930206 9.444473
-0.5120697 3.3762665 9.458832
-0.52163696 3.4145508 9.509079
-0.5001068 3.4456635 9.556931
-0.50727844 3.4624176 9.564117
-0.55992126 3.4432678 9.554535
-0.5359955 3.4073792 9.51387
-0.5001068 3.4289093 9.43251
-0.5742798 3.517456 9.480362
-0.6053772 3.5365906 9.49472
-0.5120697 3.4384918 9.5282135
-0.5096741 3.4217377 9.607178
-0.5623169 3.4360962 9.573685
-0.5670929 3.460022 9.430115
-0.6508484 3.460022 9.518646
-0.59820557 3.426529 9.497116
-0.5383911 3.3834534 9.489929
-0.5024872 3.3666992 9.501892
-0.5240326 3.397812 9.540192
-0.5312042 3.431305 9.547363
-0.4857483 3.4360962 9.43251
-0.49531555 3.4791565 9.358322
-0.4402771 3.4791565 9.422943
-0.39482117 3.431305 9.430115
-0.41156006 3.4049835 9.5282135
-0.5288086 3.5677032 9.59761
-0.5359955 3.500702 9.609573
-0.5264282 3.5365906 9.49472
-0.4905243 3.517456 9.492325
-0.50727844 3.5030975 9.482758
-0.5670929 3.5246277 9.456436
-0.6125641 3.603592 9.454041
-0.6316986 3.5677032 9.47319
-0.5647125 3.5413818 9.511475
-0.6197357 3.5605164 9.506683
-0.624527 3.5605164 9.303299
-0.5790558 3.5246277 9.434906
-0.54556274 3.5724792 9.461227
-0.55992126 3.591629 9.430115
-0.5407715 3.5940247 9.384644
-0.5431671 3.5988007 9.466003
-0.55992126 3.6155548 9.466003
-0.5766754 3.603592 9.446869
-0.5312042 3.5772705 9.504288
-0.5024872 3.5748749 9.403793
-0.48812866 3.5988007 9.482758
-0.46180725 3.5605164 9.456436
-0.5001068 3.6107635 9.504288
-0.5288086 3.6179504 9.521042
-0.47616577 3.603592 9.456436
-0.45224 3.5485535 9.317657
-0.447464 3.5246277 9.262619
-0.38523865 3.460022 9.231506
-0.46899414 3.5126648 9.279373
-0.5144501 3.5605164 9.410965
-0.48335266 3.5389862 9.530609
-0.6006012 3.6418762 9.537796
-0.46420288 3.5988007 9.372681
-0.38763428 3.5605164 9.468399
-0.29670715 3.5533447 9.497116
-0.107681274 3.4528503 9.533005
-0.18902588 3.6059875 9.4205475
-0.35653687 3.7998047 9.238693
-0.38763428 3.768692 9.363113
-0.27038574 3.6681976 9.511475
-0.16749573 3.6921234 9.401398
-0.21296692 3.677765 9.403793
-0.27278137 3.6825562 9.501892
-0.38763428 3.694519 9.518646
-0.35653687 3.6921234 9.415756
-0.36131287 3.7256317 9.334396
-0.4402771 3.838089 9.387039
-0.4402771 3.7926178 9.3703
-0.4665985 3.8404846 9.399002
-0.41874695 3.7950134 9.408585
-0.31585693 3.735199 9.3703
-0.43070984 3.8356934 9.408585
-0.3637085 3.768692 9.430115
-0.279953 3.6969147 9.485153
-0.102890015 3.5940247 9.422943
-0.04067993 3.5868378 9.348755
-0.1531372 3.7088776 9.403793
-0.21296692 3.8404846 9.303299
-0.3014984 3.8979034 9.300903
-0.27757263 3.8596191 9.284149
-0.2536316 3.8979034 9.279373
-0.18424988 3.9050903 9.504288
-0.114852905 3.8356934 9.415756
-0.36610413 4.0582275 9.174088
-0.5168457 4.216156 9.262619
-0.55513 4.153946 9.377472
-0.45463562 4.146759 9.298508
-0.39482117 4.0127563 9.336792
-0.37806702 3.952942 9.195618
-0.3134613 3.9649048 9.154938
-0.46180725 3.9840546 9.229111
-0.5790558 4.0582275 9.099899
-0.5886383 4.096512 9.147766
-0.5096741 4.051056 9.265015
-0.4737854 4.1324005 9.255432
-0.46420288 4.290329 9.150162
-0.43788147 4.2113647 9.0711975
-0.5670929 4.3358 8.918045
-0.47616577 4.364502 8.956329
-0.44506836 4.3358 9.135803
-0.4283142 4.381256 9.016159
-0.45224 4.3980103 9.150162
-0.38285828 4.311859 9.334396
-0.5264282 4.302292 9.262619
-0.5431671 4.412369 9.111862
-0.44506836 4.297516 9.178864
-0.55274963 4.3166504 9.253052
-0.55752563 4.3908234 9.1453705
-0.4737854 4.381256 9.030518
-0.62931824 4.4985046 9.044876
-0.71066284 4.565506 8.997009
-0.6125641 4.393219 9.064011
-0.5407715 4.3621216 9.047256
-0.48335266 4.3334045 9.001801
-0.45703125 4.261612 9.276978
-0.42591858 4.256836 9.291336
-0.50727844 4.3453674 8.997009
-0.5670929 4.421936 8.805588
-0.4737854 4.400406 8.987442
-0.5120697 4.4362946 9.214767
-0.5647125 4.4865417 9.104691
-0.6269226 4.536789 8.910873
-0.77526855 4.5583344 8.73381
-0.59820557 4.72583 8.336594
-0.57188416 4.7569275 8.997009
-0.59103394 4.823929 9.552155
-0.55992126 4.615753 9.611969
-0.3254242 4.5056915 9.477966
-0.37088013 4.4985046 9.456436
-0.27278137 4.5176544 9.463608
-0.33499146 4.5679016 9.57608
-0.4283142 4.6301117 9.655045
-0.5048828 4.524826 9.281754
-0.55752563 4.594223 8.678772
-0.653244 4.771286 8.427521
-0.65563965 4.6947174 8.480164
-0.6508484 4.6612244 8.618942
-0.6269226 4.6133575 8.597412
-0.63409424 4.651642 8.5208435
-0.69869995 4.58226 8.580658
-0.71066284 4.5918274 8.726624
-0.67237854 4.5224304 8.805588
-0.6029968 4.639679 8.700302
-0.67237854 4.8263245 8.791229
-0.69869995 4.821533 8.968292
-0.66760254 4.840683 8.98027
-0.6197357 4.8430786 8.891724
-0.5790558 4.852646 8.779266
-0.45463562 4.7808533 8.752945
-0.46899414 4.730606 8.743378
-0.59820557 4.778473 8.784058
-0.55513 4.783249 8.937195
-0.5862427 4.7808533 9.085556
-0.550354 4.730606 8.956329
-0.55513 4.7019043 8.867798
-0.5742798 4.749756 8.896515
-0.5886383 4.7353973 8.944366
-0.67477417 4.7449646 9.078369
-0.6699829 4.7449646 9.104691
-0.67237854 4.771286 8.982651
-0.5479584 4.783249 8.946762
-0.4402771 4.6612244 8.922836
-0.45942688 4.6492615 8.817551
-0.5623169 4.742569 8.882156
-0.5240326 4.713867 9.011368
-0.47138977 4.64447 9.073578
-0.46899414 4.606186 9.0759735
-0.4139557 4.606186 8.932404
-0.3637085 4.524826 8.841476
-0.42352295 4.584656 8.910873
-0.45224 4.634903 8.908478
-0.47616577 4.598999 8.817551
-0.5383911 4.675583 8.776871
-0.5312042 4.709076 8.879761
-0.49291992 4.713867 8.958725
-0.36610413 4.553543 9.150162
-0.279953 4.5272217 9.097519
-0.4019928 4.7019043 8.662018
-0.5647125 4.730606 8.788834
-0.4785614 4.7019043 9.119049
-0.4905243 4.687546 8.975479
-0.45463562 4.7449646 8.807983
-0.41635132 4.6540375 8.872589
-0.40678406 4.6205444 8.906082
-0.42114258 4.651642 8.949158
-0.46180725 4.587036 9.032898
-0.5383911 4.6037903 9.052048
-0.42352295 4.577469 9.008972
-0.28953552 4.508072 8.982651
-0.3397827 4.536789 9.068802
-0.4091797 4.589432 9.200409
-0.5168457 4.598999 9.279373
-0.49531555 4.6205444 9.068802
-0.48812866 4.6205444 8.963516
-0.4665985 4.687546 8.968292
-0.53359985 4.6995087 9.04248
-0.4905243 4.618149 9.102295
-0.5647125 4.6540375 9.133408
-0.6029968 4.7019043 9.092728
-0.69869995 4.6827545 9.183655
-0.6699829 4.6372833 9.059235
-0.66760254 4.651642 9.023331
-0.79681396 4.692322 9.068802
-0.8901367 4.7688904 9.12384
-0.78723145 4.721039 9.169296
-0.66760254 4.6085815 9.025726
-0.7393799 4.6133575 8.853439
-0.6316986 4.6325073 8.824738
-0.48095703 4.3549347 8.829514
-0.5862427 4.4291077 8.970688
-0.69392395 4.594223 9.020935
-0.68434143 4.639679 8.992233
-0.7465668 4.8502502 9.087936
-0.7513428 4.790436 9.233902
-0.6388855 4.64447 9.128616
-0.6006012 4.687546 8.989838
-0.79441833 4.6612244 9.085556
-0.8901367 4.7641144 9.030518
-0.8063812 4.6731873 8.992233
-0.6915283 4.5918274 8.882156
-0.6963043 4.5583344 8.839081
-0.5670929 4.3453674 8.901306
-0.6149597 4.23291 9.157333
-0.68434143 4.137192 9.209976
-0.59820557 4.015152 9.47319
-0.6795654 4.0701904 9.786652
-0.8422699 4.23291 9.918243
-0.9882355 4.1850433 10.025925
-1.2442627 4.2305145 10.229324
-1.4189453 4.2233276 10.380066
-1.3543396 4.158722 10.4279175
-1.3256226 3.998413 10.107285
-1.2131653 3.728012 9.765106
-1.1174469 3.493515 9.607178
-1.1318054 3.706482 9.537796
-0.98106384 3.7878418 9.5282135
-0.8279114 3.6347046 9.245865
-0.84706116 3.8907318 8.829514
-0.69392395 3.8620148 8.848663
-0.5431671 3.4552307 9.403793
-0.3517456 3.3475647 9.76033
-0.28234863 3.3427734 9.7986145
-0.30389404 3.3810577 9.891922
-0.2632141 3.0915222 10.238892
-0.023925781 2.7900238 10.31546
0.24885559 2.703888 9.800995
0.37088013 2.8091736 9.690933
0.30389404 2.5507507 9.92543
0.0023956299 3.041275 9.731613
0.07417297 2.9934235 9.667007
0.086135864 2.7350006 9.647858
0.23449707 2.617752 9.51387
0.43788147 2.5818634 9.738785
0.6197357 2.2994995 10.083359
0.65563965 2.285141 9.78186
0.44984436 2.5459595 9.485153
0.4139557 2.7493591 9.085556
0.24406433 2.778061 9.066406
0.30389404 2.761322 9.444473
0.38046265 2.3114624 10.042679
-0.0047912598 2.388031 10.124039
-0.36131287 2.835495 10.205383
-0.33499146 2.7804565 10.04747
-0.36849976 2.7350006 9.958923
-0.43070984 2.8259277 9.891922
-0.5096741 2.7876434 9.458832
-0.7800598 2.7876434 9.020935
-0.96191406 3.2183533 9.159729
-0.50727844 3.1130676 9.796219
-0.1986084 2.7565308 10.432709
-0.021530151 2.519638 9.913467
0.112457275 2.4095764 8.910873
0.45942688 2.2468567 8.575882
0.77049255 2.4095764 9.004196
0.9906311 2.572281 10.02832
1.3758698 2.2755737 10.777267
1.2322998 2.3521423 10.279572
1.1198425 2.4741821 8.992233
1.1629181 2.3114624 8.525635
1.0552368 2.4622192 9.212372
1.8568268 2.268402 9.851257
1.5026855 2.2492523 9.9062805
0.9308014 2.6560364 9.078369
1.3615112 2.292328 8.645264
1.2681885 2.5914307 9.059235
1.1629181 2.572281 9.487549
0.9954071 2.8618164 9.602402
1.1078796 3.0245209 9.652649
1.3830566 3.1322021 9.107086
1.5816498 3.0388794 8.334198
1.6103668 2.9431763 8.578262
1.2945099 3.1274261 9.5234375
1.4644012 3.213562 10.37767
1.2466583 3.1680908 11.196014
1.0121613 3.0556335 10.31546
0.9643097 2.909668 9.245865
1.0432739 2.9192505 8.819946
1.4883423 2.8283234 9.047256
1.7658997 2.9838562 9.712463
1.2993011 2.9120636 9.827316
0.8829498 3.0915222 9.7005005
1.146164 3.2207336 9.750748
1.4596252 3.3308105 9.9756775
0.8685913 3.517456 10.021149
0.55992126 3.5365906 9.221939
0.55752563 3.7136536 8.712265
0.68196106 3.3954163 8.853439
0.59103394 3.2686005 9.0711975
0.48812866 3.3308105 9.738785
0.095718384 3.287735 9.544968
-0.13160706 3.151352 9.221939
-0.22970581 3.3379822 9.052048
0.26081848 3.1322021 9.109482
0.44506836 3.0652008 9.688538
0.28953552 3.1417694 10.564316
0.4283142 3.2398834 10.092926
0.79441833 3.2973022 9.114258
1.0791626 3.3236237 8.884552
1.385437 3.2494507 9.403793
1.3447723 3.2063751 10.088135
1.0624084 3.0628204 10.506882
0.91166687 2.8594208 10.243668
1.1078796 2.7708893 9.755539
0.72502136 2.9431763 9.6957245
0.20578003 3.2925262 9.585648
0.06700134 3.4456635 9.052048
-0.057434082 3.6514435 8.8007965
-0.26560974 3.9098663 8.719452
-0.2368927 3.8165588 8.961121
0.095718384 3.5365906 9.585648
0.035888672 3.7734833 9.595215
-0.08135986 3.8883362 9.221939
0.14117432 3.6681976 8.578262
0.15553284 3.8907318 8.549561
0.20100403 4.065399 8.920441
0.3637085 4.0582275 9.078369
0.110076904 4.08934 9.008972
-0.15074158 4.165909 8.908478
-0.01675415 4.2592316 8.941986
-0.050247192 4.3214417 9.147766
-0.32781982 4.5224304 9.614365
-0.61016846 4.543976 10.231705
-0.5934143 4.3501587 10.528427
-0.5359955 4.3142548 10.712662
-0.32063293 4.3788605 10.29393
0.055038452 4.216156 9.791428
-0.110076904 4.0055847 9.997208
-0.22732544 3.4576263 11.231903
-0.45703125 2.6249237 13.485947
-0.50727844 2.4885406 13.957336
-0.110076904 2.5818634 10.537994
0.1268158 2.3904266 7.628311
0.088531494 2.3976135 6.36969
-0.8039856 2.2348938 6.8195496
-1.7371826 1.9788666 9.049652
-1.9238281 2.0889282 10.5308075
-1.3830566 2.4047852 11.035706
-0.25842285 2.325821 9.820145
0.102890015 1.8735809 9.171692
-0.21774292 2.3784637 9.178864
-0.2871399 2.7014923 9.403793
-0.095718384 2.7182465 9.214767
-0.21534729 2.8953094 8.695511
-0.275177 2.8211365 8.391632
-0.64367676 3.0053864 8.599808
-0.8231354 3.0628204 8.98027
-0.69392395 3.1752777 9.061615
-0.64367676 3.2350922 8.642868
-0.61735535 3.3092804 8.080566
-0.5790558 3.5485535 8.149948
-0.6053772 3.7950134 8.726624
-0.46180725 4.051056 9.571289
-0.38046265 4.0127563 10.384857
-0.23449707 3.9050903 11.004593
0.33259583 4.065399 11.1840515
0.69392395 3.7734833 10.722244
0.84706116 3.1011047 10.82991
0.5647125 3.0963135 11.452057
0.5144501 2.5627136 12.404388
0.3900299 2.136795 13.536194
0.35653687 2.457428 13.347168
0.7034912 2.388031 10.573883
0.8374939 2.1296082 7.858032
1.380661 2.2707825 6.2644043
1.9262238 2.3473663 6.4414825
1.8352966 2.3018951 8.140381
0.80877686 1.8161469 10.29631
0.6077728 1.8855438 11.787048
0.22013855 2.3688965 11.672195
0.19381714 2.3665009 9.745972
0.124420166 2.7373962 7.9896393
0.105285645 2.9910278 7.240677
0.16989136 3.172882 7.281357
0.011962891 3.3834534 8.099701
0.0143585205 3.4432678 8.654846
0.1531372 3.4719849 9.061615
0.21774292 3.5605164 9.4253235
0.20100403 3.6131592 9.413361
0.1651001 3.6490479 9.190826
0.0765686 3.7016907 9.169296
-0.055038452 3.7495575 9.475586
-0.44506836 3.677765 11.174484
-0.36849976 3.653839 11.229523
0.028717041 4.5679016 9.683746
0.08135986 3.1752777 8.6931305
-0.37806702 2.651245 10.298706
-1.3997955 3.0053864 12.234497
-1.3088684 2.5794678 13.6414795
-0.77049255 2.5914307 12.39003
-0.2632141 2.6057892 9.4205475
-0.5168457 2.5005035 7.922638
-1.2346954 2.3569336 8.556732
-1.4931183 2.3473663 10.092926
-1.5840454 2.4311066 10.329819
-1.3328094 2.2157593 8.896515
-0.7848511 2.2875366 7.618744
-0.65802 2.651245 7.623535
-0.830307 2.9479523 8.645264
-0.42591858 2.6895294 9.150162
0.01675415 2.6129608 8.434708
0.06939697 2.7445679 7.668991
-0.25602722 2.9814606 7.4153595
-0.6963043 3.2207336 7.8963165
-0.8231354 3.2901306 8.626129
-0.78723145 3.3116608 9.121445
-0.41874695 3.2326965 9.650253
-0.32063293 3.1680908 10.19342
-0.64367676 3.1609192 10.155136
-1.0743713 3.488739 9.659821
-1.0504456 3.9625092 10.095322
-0.39242554 3.7160492 11.571686
0.37088013 3.3140564 12.177078
0.7800598 3.7184448 10.198212
0.8111725 3.184845 8.891724
0.96191406 3.0053864 10.506882
1.0695953 3.1274261 12.330215
0.8111725 2.416748 12.485748
0.67237854 2.3066864 11.720047
0.74417114 2.7996063 9.702896
1.0193481 2.7302094 8.013565
1.1174469 2.4717865 7.573288
0.64845276 2.5387878 8.702698
-0.28474426 2.1942139 9.915863
-0.46420288 2.0721893 11.2582245
-0.41635132 2.5076752 11.844467
-0.6963043 2.7589264 10.284348
-0.44267273 2.794815 7.992035
-0.39959717 2.7517395 6.9631195
0.050247192 3.1585236 7.549362
-0.088531494 3.0652008 8.994614
0.45703125 3.3762665 8.628525
0.7680969 3.0221405 9.375076
0.73220825 2.9479523 10.033112
0.5168457 2.8402863 10.303497
0.5288086 2.8857422 10.217346
0.75613403 3.287735 9.643082
0.61016846 3.2805634 9.257828
0.25125122 3.4289093 9.631119
0.16749573 3.2662048 10.58107
0.49531555 3.1633148 11.3013
0.5862427 3.8189392 10.27478
0.85902405 2.8091736 10.140778
0.46420288 2.823532 10.750946
-0.25125122 2.0027924 12.126831
0.14596558 1.6055908 14.277969
0.39242554 2.1320038 12.847061
0.6508484 2.136795 9.152542
0.27757263 1.8496552 6.857834
-0.46420288 1.9238281 7.176071
-0.9403839 2.3641052 9.561722
-0.9068756 2.2301178 11.102692
-0.5359955 1.976471 10.200607
-0.1603241 2.0626068 8.999405
0.086135864 2.1439667 8.190628
0.2033844 2.285141 8.556732
0.45942688 2.4669952 8.822342
0.68673706 2.3330078 8.303101
0.6006012 2.3521423 7.7647095
0.32302856 2.6775665 7.613968
0.090927124 2.7996063 7.6737823
-0.105285645 2.7541351 8.121246
-0.41874695 2.703888 9.410965
-0.6053772 2.9240265 9.676575
-0.7346039 3.0939178 9.552155
-0.95951843 3.3020935 9.296112
-0.8829498 3.4169464 9.525833
-0.73698425 3.3954163 10.475784
-0.17706299 3.1274261 11.330017
0.36131287 3.115448 10.68396
0.48095703 2.8043823 10.183853
0.14356995 2.6105652 11.353943
0.3756714 2.5172424 12.545563
0.36849976 2.0267181 12.720245
-0.14356995 1.689331 12.7417755
-0.0023956299 2.2875366 12.04068
-0.44506836 2.0650024 9.815353
0.24406433 2.2324982 8.291138
0.75852966 2.1391907 7.819748
0.59820557 2.3473663 9.121445
0.8159485 2.703888 10.327423
0.8949127 2.5076752 10.741379
-0.51924133 2.2468567 10.782059
-1.0073853 2.428711 10.076172
-1.1030884 2.6608124 8.231308
-1.1006927 3.3260193 7.247864
-0.9690857 4.2424774 7.556534
-1.0193481 4.369293 8.281555
-0.8231354 3.763916 8.982651
-0.43070984 3.625122 9.190826
-0.49291992 3.6299133 8.975479
-0.5862427 3.6825562 9.214767
-0.5024872 3.6394806 9.6957245
-0.39242554 3.625122 10.143173
-0.48095703 3.6490479 9.930222
-0.48812866 3.838089 9.257828
-0.5024872 3.9457703 9.585648
-0.6652069 4.194626 10.04747
-1.0695953 4.2257233 9.671783
-0.6628113 3.4671936 9.269791
-1.1533356 3.6993103 9.152542
-1.311264 3.9601288 9.243469
-0.58384705 3.3690948 10.523636
-0.5742798 3.3643036 12.189041
-0.43070984 2.926422 12.174683
-0.19621277 1.9621124 10.054642
-0.8063812 2.0697937 8.630905
-1.6103668 2.847458 8.023132
-1.4309082 3.2183533 7.9824524
-0.48095703 3.0436707 9.004196
0.15792847 3.041275 9.097519
0.36849976 2.6967163 8.807983
0.19381714 2.691925 9.164505
0.009567261 3.2326965 10.48056
0.114852905 3.287735 11.351547
-0.122039795 2.950348 10.097717
-0.6508484 2.6871338 8.298309
-1.3160553 3.184845 7.3124695
-1.0576324 3.6634064 7.709671
-0.39482117 3.6418762 9.087936
-0.5024872 3.6514435 9.564117
-0.8877411 3.6825562 9.245865
-0.899704 3.6634064 8.690735
-0.6915283 3.8500519 8.360519
-0.32063293 4.256836 8.441879
-0.4019928 4.4530487 8.750549
-0.5647125 4.240082 8.975479
-0.5240326 4.134796 9.198013
-0.34695435 4.216156 9.401398
-0.13639832 4.2927246 9.712463
-0.0047912598 4.302292 9.848862
-0.2368927 4.58226 9.686142
0.08375549 4.4195404 9.492325
0.5024872 4.6612244 9.800995
0.73698425 4.6372833 10.011566
0.39242554 4.467407 9.609573
0.18664551 4.1324005 8.6979065
0.2033844 4.163513 7.7742767
0.47616577 4.412369 7.858032
0.6269226 4.520035 9.353546
0.34457397 4.3788605 10.559525
0.33738708 4.063019 10.205383
0.9714813 3.672989 8.956329
1.3878326 3.9314117 7.831711
1.277771 4.443466 7.451248
1.3256226 4.3453674 8.628525
0.6963043 4.1395874 9.588043
-0.21057129 3.8931274 9.377472
-0.18664551 3.625122 8.860626
0.0765686 4.010376 9.549759
0.08375549 4.1611176 10.523636
0.39720154 3.7040863 9.879959
0.93559265 3.493515 8.650055
0.9643097 3.7998047 7.4680023
0.8422699 3.9768677 7.178467
0.5383911 3.883545 8.489731
0.3756714 3.7495575 9.908676
0.40438843 3.6873474 9.860825
0.4857483 3.8500519 9.1453705
0.47616577 3.9792633 8.793625
0.7800598 4.2185516 9.413361
0.8829498 4.2113647 10.198212
0.6963043 3.7447662 9.652649
0.057434082 3.775879 8.846268
-0.31106567 4.187439 9.276978
-0.31106567 4.249649 10.248459
0.028717041 3.8620148 10.571487
0.15553284 3.974472 8.934799
0.08135986 4.094116 8.841476
0.107681274 3.9218292 8.8701935
0.17945862 3.974472 8.810379
0.20817566 4.1036835 9.099899
0.011962891 4.1395874 9.836899
-0.098098755 3.969696 10.626526
-0.2536316 3.7902374 10.334595
-0.30867004 3.8692017 9.372681
-0.19142151 4.0534363 8.824738
0.13400269 4.2544403 8.965912
0.38763428 4.2711945 9.133408
0.38523865 4.1730804 9.221939
0.18185425 4.0797577 9.458832
-0.124420166 4.055832 9.671783
-0.37088013 4.0295105 9.702896
-0.30389404 4.043869 9.446869
-0.22970581 4.158722 8.9730835
-0.21774292 4.2544403 8.805588
-0.124420166 4.2352905 8.841476
-0.2679901 4.2113647 8.915665
-0.27278137 4.0869446 9.059235
-0.24406433 4.2257233 9.3703
-0.27278137 4.2233276 9.851257
-0.25125122 4.266403 9.662216
-0.2679901 4.3980103 8.8989105
-0.29193115 4.4243317 8.456238
-0.22970581 4.4769745 8.807983
-0.06700134 4.4362946 9.394226
-0.071777344 4.421936 9.793823
-0.011962891 4.417145 9.712463
0.04067993 4.4530487 9.147766
0.0143585205 4.508072 8.908478
0.0023956299 4.445862 9.28894
-0.112457275 4.3214417 9.748352
-0.3014984 4.163513 9.731613
-0.35414124 4.2065887 9.265015
0.0023956299 4.342972 8.798416
0.25602722 4.4315033 8.666809
0.009567261 4.347763 8.963516
-0.16989136 4.1802673 9.501892
-0.107681274 4.1515503 9.667007
-0.0023956299 4.1898346 9.257828
0.14596558 4.3046875 8.884552
0.23928833 4.3094788 8.764908
0.18664551 4.3549347 8.853439
0.22013855 4.268799 8.987442
0.13400269 4.2927246 9.119049
0.07896423 4.197006 9.176468
-0.062210083 4.1898346 9.047256
-0.1268158 4.216156 8.867798
-0.01675415 4.3046875 8.776871
0.062210083 4.268799 8.901306
0.114852905 4.256836 9.095123
0.07417297 4.2831573 9.418152
0.04307556 4.2520447 9.533005
0.1483612 4.2927246 9.32962
0.2536316 4.364502 9.0759735
0.24885559 4.3358 9.028122
0.100494385 4.3381805 9.365509
0.06939697 4.23291 9.47319
0.03111267 4.237686 9.231506
-0.023925781 4.240082 9.12384
-0.0023956299 4.1730804 9.169296
-0.01675415 4.2544403 9.336792
0.03111267 4.2017975 9.396622
0.0 4.2137604 9.190826
0.047851562 4.2305145 9.178864
0.0382843 4.237686 9.064011
-0.06939697 4.2472534 8.968292
-0.122039795 4.2185516 9.133408
-0.07417297 4.204193 9.255432
-0.055038452 4.220932 9.154938
-0.062210083 4.237686 9.111862
-0.04067993 4.19223 9.2482605
-0.01675415 4.19223 9.332016
0.062210083 4.2065887 9.341583
0.08135986 4.2520447 9.355942
0.102890015 4.261612 9.406189
0.122039795 4.285553 9.375076
0.06939697 4.2233276 9.195618
0.090927124 4.216156 8.941986
0.071777344 4.4195404 9.052048
-0.033493042 4.331009 9.111862
-0.07896423 4.1802673 9.312866
-0.095718384 4.261612 9.272186
0.07896423 4.2759705 9.001801
0.06700134 4.2544403 8.918045
-0.13639832 4.220932 9.128616
-0.25842285 4.106079 8.956329
-0.27038574 4.0917206 8.690735
-0.17945862 4.2352905 8.874985
0.0 4.204193 9.348755
-0.2632141 4.163513 9.59761
-0.33499146 4.118042 9.588043
-0.30389404 4.1491547 9.564117
-0.2871399 4.256836 9.360718
-0.18902588 4.3453674 9.140579
-0.007171631 4.388443 9.018555
-0.059814453 4.4147644 9.020935
-0.1603241 4.364502 9.128616
-0.24645996 4.302292 9.260223
-0.28474426 4.2520447 9.343979
-0.3254242 4.290329 9.5234375
-0.48095703 4.23291 9.509079
-0.7537384 4.146759 9.372681
-0.6652069 4.125229 9.418152
-0.6125641 4.2592316 9.5234375
-0.8566284 4.261612 9.568893
-1.3160553 4.060623 9.571289
-1.3710938 3.8883362 9.475586
-1.351944 4.060623 9.255432
-1.380661 4.1611176 9.224335
-1.5457611 4.084549 9.190826
-1.4428711 3.9601288 8.867798
-1.2251282 3.8644104 8.834305
-1.1676941 3.8763733 9.073578
-1.0695953 3.8644104 9.377472
-0.9140625 3.735199 9.580856
-0.8614197 3.6275177 9.343979
-0.9786682 3.739975 8.944366
-1.146164 3.907486 8.726624
-1.3567352 3.9433746 8.846268
-1.4428711 3.8859406 9.363113
-1.1892395 3.7375946 9.762711
-0.8638153 3.5437775 9.736389
-0.7800598 3.6299133 9.590439
-0.6891327 3.6562347 9.509079
-0.5431671 3.6801605 9.681366
-0.4665985 3.505478 9.5282135
-0.45942688 3.6634064 9.332016
-0.41635132 3.8955078 9.355942
-0.34217834 3.7184448 9.442078
-0.34217834 3.460022 9.573685
-0.5312042 3.500702 9.485153
-0.7680969 3.7495575 9.365509
-0.6915283 3.8739777 9.238693
-0.85902405 3.8285217 9.377472
-0.98106384 3.6155548 9.645462
-1.1078796 3.596405 9.542572
-1.174881 3.8237305 9.463608
-0.98106384 3.7423706 9.611969
-0.7154541 4.0821533 9.087936
-0.94277954 3.775879 9.097519
-1.1820526 3.6179504 9.040085
-1.4404755 3.5270233 9.621536
-1.5960083 3.3260193 10.102493
-1.6486511 2.9838562 10.39682
-1.2801666 2.9766693 10.210175
-0.9020996 3.081955 9.88475
-0.6963043 3.3690948 9.810577
-0.7417755 3.5653076 10.114456
-0.9906311 3.517456 10.133606
-0.8829498 3.385849 9.511475
-0.5479584 3.0867462 9.504288
-0.38763428 2.7972107 10.384857
-0.83509827 2.5507507 10.494919
-0.99302673 2.3569336 9.276978
-0.62213135 2.8378906 8.202591
-0.2033844 3.4624176 7.7934265
0.01675415 3.3116608 8.496918
-0.2033844 2.6321106 9.47319
-0.35891724 2.222931 9.800995
-0.21534729 2.2061768 9.872787
0.059814453 2.4717865 9.61676
0.48812866 2.766098 9.657425
0.46420288 2.7517395 10.19104
0.023925781 2.5411835 10.817947
0.059814453 2.354538 10.774887
0.51924133 2.399994 10.238892
1.277771 2.3449707 10.186249
1.4979095 2.4646149 10.126419
1.0193481 2.5244293 10.210175
0.63648987 2.3473663 10.78685
0.42114258 2.0650024 10.782059
0.7346039 2.0817566 9.970886
1.1150513 2.423935 9.281754
1.031311 2.4885406 8.772095
0.624527 2.5651093 8.8367
0.4785614 2.5028992 9.602402
0.4665985 2.4622192 10.121643
0.5694885 2.490921 9.997208
0.7728882 2.567505 9.812973
0.727417 2.5579224 9.631119
0.38285828 2.5914307 9.738785
0.54556274 2.629715 9.86322
0.6197357 2.6943207 9.466003
0.5670929 2.7350006 9.195618
0.5024872 2.7350006 9.413361
0.73220825 2.7565308 10.104889
0.5144501 2.823532 10.470993
-0.055038452 2.7804565 10.210175
-0.39959717 2.9599152 9.040085
-0.1986084 3.5126648 7.893921
0.2679901 3.998413 7.860428
0.55752563 3.8572235 8.882156
0.6795654 3.3403778 9.954147
0.5168457 3.1992035 10.552353
0.3756714 3.1082764 10.715057
0.19142151 3.1752777 10.214966
0.0143585205 3.4767761 9.533005
-0.107681274 3.6897278 8.745773
-0.18902588 3.9673004 7.8269196
0.08375549 4.290329 7.319641
0.46180725 4.4195404 7.893921
0.46420288 4.1395874 8.941986
0.090927124 4.1204376 9.894318
-0.021530151 4.3453674 10.461426
0.0382843 4.532013 10.071396
0.30867004 4.543976 9.327225
0.43310547 4.656433 9.343979
0.8111725 5.1254272 10.167099
0.8877411 4.8047943 10.126419
0.5120697 4.548752 9.284149
0.36131287 4.508072 8.671585
0.34695435 4.472183 8.544769
0.18664551 4.4315033 8.472992
0.028717041 4.4147644 8.774475
0.0047912598 4.4315033 9.116653
0.0023956299 4.524826 9.142975
0.062210083 4.6325073 9.028122
0.2416687 4.7019043 8.805588
0.275177 4.7760773 8.791229
0.093322754 4.7066803 9.0759735
-0.114852905 4.6085815 9.399002
-0.19621277 4.548752 9.688538
-0.5383911 4.565506 9.820145
-1.0432739 4.72583 9.683746
-1.4285126 4.783249 9.556931
-1.4045868 4.5224304 9.793823
-0.92362976 3.912262 10.222137
-0.33021545 3.151352 11.17688
-0.19142151 2.622528 12.26561
-0.5647125 1.9812622 12.191437
-1.4763641 1.9142609 10.731812
-2.2205353 2.4478607 8.975479
-2.572281 2.8905334 8.111664
-2.555542 2.892929 8.398804
-2.2348938 2.5244293 9.655045
-1.8209381 2.239685 10.3992
-1.4787598 2.3497467 10.238892
-1.146164 2.519638 9.592819
-0.8757782 2.670395 8.829514
-0.80877686 2.8330994 8.516052
-0.8159485 2.926422 8.73381
-0.8446655 3.0915222 8.614166
-1.0145569 3.2159576 7.7695007
-1.1509552 3.4337006 7.3986053
-1.2586212 3.4983063 7.7240295
-1.2586212 3.5078735 8.334198
-1.071991 3.534195 8.750549
-0.8518524 3.7040863 8.6931305
-0.5240326 3.900299 8.659622
-0.6197357 4.0821533 8.662018
-0.91645813 4.0486603 8.769699
-1.031311 3.9768677 9.267395
-1.1246338 3.9768677 9.870392
-1.1246338 3.9792633 10.559525
-0.8925171 3.9026947 11.3013
-0.45703125 3.7136536 11.727219
-0.18424988 3.8979034 11.057236
-0.028717041 3.8189392 9.791428
0.15074158 3.6705933 9.724426
0.102890015 3.2039948 10.076172
0.057434082 2.0482635 11.370697
0.14596558 1.3280182 13.634308
-0.27757263 0.98106384 14.653641
-1.2203369 0.9523468 12.339783
-1.586441 1.6199341 9.214767
-1.2394867 2.2875366 7.142578
-0.112457275 2.6057892 6.4055786
1.4045868 3.0867462 6.821945
2.2348938 3.213562 8.140381
1.409378 2.794815 9.578476
-0.2416687 2.395218 10.411179
-1.3639069 2.1750793 10.021149
-1.4787598 2.4789581 8.903687
-0.6771698 2.9312134 8.008774
-0.36849976 3.0436707 8.585449
-0.4737854 3.103485 8.664413
-0.25842285 3.213562 8.516052
-0.059814453 3.4408722 8.377274
0.090927124 3.5748749 8.822342
-0.071777344 3.5653076 9.437286
-0.33021545 3.522232 9.22673
-0.32302856 3.5150604 8.690735
-0.5312042 3.505478 8.769699
-0.71784973 3.4073792 9.293716
-0.82073975 3.3403778 9.894318
-1.0337067 3.2949219 10.301102
-1.0528412 3.3666992 9.4205475
-0.81355286 3.0795593 8.087738
-0.7680969 3.0029907 8.819946
-1.5984039 2.8402863 9.954147
-2.1607208 2.371292 10.918457
-1.174881 1.7108612 10.085754
-0.035888672 1.935791 9.166901
0.17228699 2.4957123 9.827316
0.19621277 2.3330078 10.533203
0.29431152 1.730011 9.544968
-0.8111725 1.5768738 8.604584
-1.1413727 1.907074 8.226532
-1.0408783 1.9884338 9.477966
-0.73220825 1.6462555 10.861023
-0.36610413 1.4907227 11.36351
-0.06700134 1.2562256 11.03331
-0.050247192 1.5361938 10.013962
-0.6077728 2.4311066 9.745972
-0.49531555 2.292328 10.030716
-0.0143585205 1.8257294 10.004395
-0.13639832 2.165512 9.372681
-0.37806702 2.7302094 9.164505
-0.43310547 2.802002 9.406189
-0.08375549 2.5531464 10.035492
-0.100494385 2.5172424 10.401596
-0.28953552 2.411972 10.188644
-0.5934143 2.4478607 9.659821
-0.8111725 2.6273193 9.566513
-0.830307 2.555542 10.284348
-0.9260254 2.3018951 10.734207
-0.8183441 2.2157593 10.573883
-0.33259583 2.313858 10.085754
0.033493042 2.617752 10.29393
-0.1483612 2.519638 11.502304
-0.63409424 2.0602264 11.787048
-0.93559265 1.9429779 11.050049
-1.0169525 2.067398 9.856033
-0.9020996 2.2827454 8.683548
-0.6077728 2.4813538 8.252853
-0.3517456 2.4023895 8.561523
-0.43788147 2.1032867 9.279373
-0.40438843 1.8903351 9.717255
-0.28234863 1.8568268 9.738785
-0.22013855 1.9692993 9.786652
-0.050247192 1.9381866 10.238892
0.110076904 1.9716797 10.645676
0.13877869 1.8592224 10.626526
-0.114852905 1.7276154 10.497314
-0.37806702 1.7706909 10.00679
-0.42591858 1.9118652 9.724426
-0.29431152 1.9477539 10.04747
-0.20578003 1.8520508 10.217346
-0.026321411 1.7778625 9.956543
0.16749573 1.8735809 9.757935
0.39959717 2.0913239 10.205383
0.45942688 2.074585 10.640884
0.47616577 2.067398 10.6336975
0.49531555 2.1104736 10.72702
0.33738708 1.9812622 10.741379
0.18424988 1.9142609 10.681564
0.17228699 1.8903351 10.566711
0.17228699 1.8640137 10.492523
0.21534729 1.861618 10.657639
0.28234863 1.8376923 10.640884
0.22013855 1.7682953 10.236496
0.1651001 1.7108612 9.973282
0.25842285 1.701294 10.246063
0.29431152 1.6749725 10.372879
0.16989136 1.6223297 10.025925
0.15792847 1.5816498 9.932602
0.41156006 1.5194397 10.236496
0.5766754 1.5936127 10.485352
0.36849976 1.5314026 10.710281
0.021530151 1.3591309 10.473389
0.0765686 1.3926239 10.040283
0.29670715 1.5218353 9.76033
0.40438843 1.5601196 9.870392
0.38046265 1.4356995 10.143173
0.21774292 1.3950195 10.298706
0.110076904 1.3950195 10.286743
0.279953 1.5050812 10.262817
0.22970581 1.4691925 10.200607
0.22253418 1.450058 10.092926
0.18902588 1.426117 10.016357
0.16749573 1.4285126 9.879959
0.25125122 1.483551 9.851257
0.28474426 1.5194397 9.98764
0.24406433 1.450058 10.033112
0.279953 1.4045868 10.011566
0.23449707 1.4237366 9.896713
0.18185425 1.3950195 9.968506
0.14356995 1.3399811 9.992432
0.15074158 1.3423767 9.853638
0.26081848 1.385437 9.860825
0.21534729 1.3543396 10.088135
0.098098755 1.2969055 10.217346
-0.04547119 1.2849426 10.128815
-0.021530151 1.277771 10.061813
0.057434082 1.2801666 10.102493
0.1483612 1.277771 10.064209
0.14356995 1.3351898 9.9062805
0.19621277 1.3304138 9.856033
0.27038574 1.3304138 9.9015045
0.25125122 1.3328094 9.994827
0.21534729 1.2969055 10.138397
0.16749573 1.277771 10.162323
0.088531494 1.2873383 9.985245
0.1483612 1.2873383 10.011566
0.22253418 1.3232269 10.188644
0.21296692 1.3232269 10.126419
0.22013855 1.385437 10.097717
0.21774292 1.4021912 10.305893
0.15792847 1.3471527 10.485352
0.07896423 1.3088684 10.392029
0.023925781 1.2586212 10.1527405
0.088531494 1.2801666 9.939789
0.20578003 1.3184509 9.990036
0.31825256 1.3136597 10.136002
0.27038574 1.3567352 10.080963
0.17945862 1.3591309 9.985245
0.19621277 1.3351898 9.961319
0.22732544 1.3304138 9.877579
0.25842285 1.3375854 9.817749
0.24645996 1.306488 9.867996
0.2632141 1.277771 9.846466
0.21057129 1.3304138 9.791428
0.17468262 1.2729797 9.954147
0.112457275 1.2322998 10.080963
0.098098755 1.2562256 10.162323
0.04067993 1.2155609 10.059433
-0.071777344 1.2107697 10.033112
0.06939697 1.1413727 10.138397
0.03111267 1.0911255 10.6026
0.07417297 1.1437683 10.537994
0.15553284 1.1294098 10.116852
0.15074158 1.2012024 9.841675
0.34457397 1.2538452 10.030716
0.3254242 1.0217285 10.45903
-0.2033844 1.0384827 10.37767
-0.13877869 1.0456696 10.13121
0.31585693 1.1557312 10.057037
0.47616577 1.2610168 9.913467
0.29670715 1.2538452 10.025925
0.090927124 1.2681885 10.616959
0.007171631 1.1150513 11.026123
0.0023956299 1.105484 10.80838
0.050247192 1.2227325 10.334595
0.08375549 1.2538452 10.097717
0.17706299 1.2394867 10.162323
0.17945862 1.1676941 10.222137
0.06700134 1.1820526 10.179062
0.071777344 1.1605225 10.1479645
0.071777344 1.2227325 10.057037
0.06460571 1.2131653 9.98764
0.1651001 1.311264 10.174286
0.1986084 1.3088684 10.313065
0.062210083 1.3256226 10.255646
0.093322754 1.3423767 10.200607
0.035888672 1.3710938 10.00679
-0.055038452 1.3974152 9.820145
-0.08375549 1.4644012 9.867996
-0.093322754 1.4404755 10.054642
-0.15792847 1.4596252 10.231705
-0.16989136 1.4596252 10.327423
-0.33021545 1.5314026 10.030716
-0.29670715 1.5792694 9.841675
-0.27278137 1.6103668 9.820145
-0.37327576 1.6223297 9.851257
-0.37088013 1.6151581 9.889542
-0.25125122 1.6725769 9.877579
-0.13400269 1.7611237 9.915863
-0.14117432 1.8233337 10.052246
-0.122039795 1.7970123 9.911072
-0.023925781 1.8879395 9.439682
0.023925781 1.8783722 9.533005
-0.03111267 1.8640137 9.659821
-0.14356995 1.7874451 9.834503
0.37327576 1.5912323 10.447067
-0.4737854 2.0865479 9.578476
-0.13400269 1.7108612 9.619141
-0.071777344 1.8424683 9.722046
-0.21774292 1.758728 9.712463
-0.4139557 1.6678009 9.918243
-0.4737854 1.6319122 10.269989
-0.37088013 1.7491608 10.126419
-0.13877869 1.8496552 9.923035
-0.04067993 1.8735809 9.817749
-0.17228699 1.907074 9.707687
-0.1483612 1.9190369 9.7005005
-0.047851562 1.8711853 9.753143
-0.06700134 1.8305054 9.990036
-0.14117432 1.8305054 10.085754
-0.17706299 1.8376923 10.023529
-0.2679901 1.8759766 9.98764
-0.279953 1.8879395 10.1814575
-0.31825256 1.8544312 10.145569
-0.31825256 1.8903351 9.9062805
-0.22732544 1.9405823 9.12384
0.18902588 1.8592224 11.107483
