5.266571 25.82016 -40.58838
5.3624473 25.650024 -40.563457
5.736923 25.055313 -40.812683
5.736923 25.055313 -40.812683
6.2129974 24.513626 -40.7032
6.762314 23.787308 -41.485596
7.1193695 23.05603 -41.822815
7.4970245 22.956085 -42.19551
7.419586 22.879028 -42.641068
7.5725555 22.958374 -42.232895
7.772064 23.223495 -42.492294
7.1144104 22.86911 -42.306137
6.764984 22.63565 -42.34276
6.614685 22.668457 -42.37938
6.910324 22.380066 -42.715454
7.3806763 22.840118 -42.715836
8.000183 23.15483 -43.236923
8.260727 22.976685 -43.423462
7.993698 22.969055 -43.125153
7.801056 22.851181 -43.421555
7.3669434 22.356033 -43.198395
7.2834015 22.0932 -43.45932
7.4352264 22.060394 -43.79425
7.7796936 22.145462 -43.64662
8.01239 22.301102 -43.610382
7.949829 22.745132 -43.42308
7.2978973 22.576904 -43.235397
7.187271 22.685242 -43.159866
7.183838 22.573853 -43.159866
6.9229126 22.751617 -42.973328
6.5914154 23.073578 -43.158722
6.441498 23.142624 -43.121338
6.741333 23.041153 -42.899704
6.7295074 22.70813 -42.528915
6.7367554 22.968674 -42.04483
7.036972 22.829056 -42.380142
6.9747925 23.234177 -42.564774
7.4378967 23.433685 -42.825317
7.670212 23.552322 -43.160248
7.332611 23.728561 -42.676544
7.5199127 23.661041 -42.565536
7.139969 23.648834 -42.75093
6.934738 23.121643 -43.122864
6.9057465 23.417664 -43.01071
7.1666718 23.239899 -43.19725
7.134247 23.425293 -42.78755
6.949997 23.680878 -42.043686
7.2063446 23.35434 -42.230606
6.828308 23.454666 -41.784286
6.8279266 23.454666 -41.672516
7.313919 23.172379 -42.00859
7.3135376 23.17276 -41.8972
7.2402954 23.244095 -42.082214
7.2360992 23.095322 -42.380142
7.311249 23.06099 -42.343903
7.2841644 23.356247 -42.751694
7.3612213 23.358154 -43.123627
7.511902 23.325348 -43.087006
7.206726 23.316193 -42.974854
7.4943542 22.843552 -42.7536
7.614517 23.03238 -42.7536
7.6511383 22.958755 -43.162537
7.6511383 22.958755 -43.162537
7.9753876 23.56224 -43.273544
7.601166 23.73581 -43.198395
7.4378967 23.398209 -42.938232
7.639694 23.775864 -42.752075
7.639694 23.775864 -42.752075
7.512665 23.362732 -43.01262
7.8552246 23.41156 -42.678833
8.003616 23.304367 -42.827988
7.730484 23.110962 -42.456055
7.619095 23.21968 -42.120743
7.4726105 23.324203 -42.900085
7.820511 23.52066 -42.641068
7.8956604 23.4478 -43.273544
8.153915 23.19603 -43.460083
7.813263 23.297882 -42.827988
7.3329926 23.728561 -42.75093
7.149887 23.983765 -42.192078
6.55365 24.373245 -41.893387
6.824875 24.530792 -41.967773
6.518936 24.484634 -41.930008
6.5109253 24.224472 -42.116165
6.7375183 24.157715 -42.227936
6.5437317 24.001694 -42.599487
6.7344666 24.007034 -42.786407
6.476593 24.258423 -42.711258
6.625366 24.150848 -43.04619
6.552887 24.298477 -42.674255
6.586838 24.188232 -42.451096
6.586838 24.188232 -42.451096
6.586838 24.188232 -42.451096
6.393051 24.07074 -42.450714
6.4380646 24.295044 -42.227554
6.703949 24.227524 -42.97104
6.4712524 24.071503 -43.193817
6.863785 24.454498 -43.379974
6.702423 24.152374 -43.52913
6.584549 24.075317 -42.9718
6.934738 24.346924 -42.712402
7.348633 24.211884 -42.751312
7.2769165 24.357986 -42.63878
7.2704315 24.172974 -42.453384
7.3459625 24.137497 -42.564392
7.1525574 24.057388 -42.377472
7.390213 24.362183 -42.34085
7.819748 24.671555 -42.749786
7.967758 24.489594 -43.308258
7.703781 24.555588 -43.307877
7.891464 24.487686 -43.19687
7.697296 24.407959 -42.63878
7.7754974 24.484634 -42.52777
8.263779 24.276733 -42.67807
8.156204 24.458313 -42.788696
8.045959 24.566269 -43.122864
8.045959 24.566269 -43.122864
8.311462 24.575043 -42.82608
8.167648 24.868011 -42.49115
8.306122 24.464035 -42.529297
8.57048 24.39766 -42.716217
8.424377 24.578857 -42.93785
8.886719 24.779129 -42.938614
8.886719 24.779129 -42.938614
9.352493 25.053406 -43.125534
9.39827 25.277328 -43.08777
9.440994 25.426865 -42.97676
9.088516 25.082016 -42.97638
8.850861 24.777222 -43.013382
8.7451935 25.071716 -42.492676
8.868408 25.334549 -42.67807
9.033585 25.746918 -42.789078
8.8142395 26.037598 -42.75093
8.847046 25.889969 -42.788315
8.83522 25.518799 -42.974854
8.5559845 25.102234 -42.974854
8.749008 25.181961 -42.90085
8.70018 24.809265 -43.161774
8.362198 24.946976 -43.011856
8.410263 25.244522 -43.234253
8.63533 25.14 -43.457794
8.646393 25.473785 -43.64319
8.646393 25.473785 -43.64319
8.869171 25.333023 -43.49556
8.935547 25.076294 -43.013
9.458542 24.83368 -42.642975
10.245514 24.487305 -42.68303
10.804749 24.171066 -42.424774
11.188126 24.256897 -42.611313
11.751938 24.051666 -42.72461
12.589264 24.115753 -42.391968
13.607788 23.850632 -42.617798
14.174271 23.757553 -42.32254
14.174271 23.757553 -42.32254
15.229797 23.493576 -42.214203
15.678024 23.248291 -42.141724
16.101837 23.409271 -42.366028
16.626358 23.166275 -42.44232
16.657257 22.944641 -42.554092
17.210007 22.442245 -42.370605
17.210007 22.442245 -42.370605
17.410278 21.595764 -42.149734
17.697525 21.084976 -42.076874
17.916107 20.79506 -41.96701
17.760086 20.641708 -42.115784
17.804718 20.866013 -41.892624
17.8833 20.942688 -41.893005
17.959595 20.944977 -41.893005
18.178558 20.65506 -41.93077
18.167877 20.320892 -41.81938
18.460083 19.958878 -41.745758
18.670273 19.40918 -41.784286
19.05098 19.421005 -41.859818
19.499207 19.175339 -41.861343
19.468689 19.397736 -41.82396
19.257736 19.948196 -41.41388
19.291687 19.838333 -41.19072
19.231415 20.356369 -40.929794
19.701385 19.628525 -40.895462
20.245743 18.867493 -40.41481
19.869232 19.004059 -40.228653
19.779968 18.592834 -40.452194
19.753265 18.964005 -40.042496
19.753265 18.964005 -40.042496
19.533157 19.17839 -40.636444
19.533157 19.17839 -40.636444
19.731903 19.444656 -40.562057
19.919968 19.376373 -40.45105
19.819641 19.781113 -40.673065
20.047379 19.750977 -40.82184
20.19043 19.45839 -40.93399
19.709015 19.851685 -40.89508
19.464874 19.361496 -40.858078
19.06166 19.831467 -40.819168
18.745804 19.488144 -40.7444
19.148636 19.018173 -40.8947
19.19365 19.242096 -40.9317
19.562912 18.881989 -41.119385
19.458008 19.10019 -41.71295
19.466019 19.360352 -41.526794
19.542313 19.36264 -41.526794
19.622803 19.551468 -41.043472
19.732285 19.481659 -40.449905
19.511032 19.698334 -40.114594
19.515228 19.847107 -40.003204
19.21196 19.874573 -39.965057
19.178772 20.022202 -39.741516
19.057465 19.757462 -40.224457
19.163513 19.501114 -40.22522
19.163513 19.501114 -40.22522
19.268799 19.207382 -40.56053
19.382858 19.210434 -40.63492
19.688797 19.293976 -40.524292
19.688797 19.293976 -40.524292
19.781876 19.816208 -40.634537
19.566727 20.217896 -40.485
19.649506 20.40596 -40.671158
19.651794 20.480728 -40.59677
19.787598 19.927597 -41.11862
20.425797 19.687653 -41.12053
20.462036 19.614029 -41.529465
20.962143 19.77806 -41.753387
20.130157 19.937897 -41.379547
19.372177 20.025635 -41.228867
19.475174 19.695663 -40.858078
19.239807 19.465256 -40.8947
19.505692 19.47403 -40.709686
19.65866 19.478607 -40.895844
19.553757 19.809723 -40.52353
19.437027 19.732285 -40.449142
19.706345 19.814682 -40.709305
19.924927 19.524765 -40.673065
19.841385 19.26155 -41.045
19.538116 19.289017 -41.081238
19.538116 19.289017 -41.081238
19.298172 18.910217 -41.304398
19.19365 19.203568 -41.452408
19.38057 19.060898 -41.749954
19.655228 19.329071 -41.750336
19.78035 19.66629 -41.861725
19.973373 19.74678 -41.750717
19.561768 19.95697 -41.600418
19.320679 19.54155 -41.637802
19.320679 19.54155 -41.637802
19.73648 19.519043 -40.858078
19.398117 19.657516 -40.559387
19.626617 19.701385 -40.41176
19.859314 19.856644 -40.263367
19.254684 19.948578 -40.559387
19.66896 19.812393 -40.969467
19.93637 19.820404 -41.3414
19.739914 19.629288 -41.3414
20.1828 19.23523 -41.15715
19.500732 19.288254 -41.11824
19.421005 19.174576 -41.11862
19.656754 19.40422 -41.19301
19.483948 19.917679 -41.48903
19.940567 19.931793 -41.490173
19.825363 19.92836 -41.22963
19.825363 19.92836 -41.22963
19.595718 19.88411 -41.26625
19.50264 19.361877 -41.267014
19.260025 18.946838 -41.00685
18.997574 19.050217 -40.894318
19.385529 19.322968 -40.33737
19.249725 19.80133 -40.37323
18.989944 19.978333 -40.483856
19.399261 19.694138 -40.745926
19.07959 19.20166 -40.894318
19.301605 19.060135 -40.560913
19.301605 19.060135 -40.560913
19.560242 18.807983 -40.821457
19.535828 19.253159 -40.486145
19.585419 19.625473 -40.597916
19.547653 19.586182 -41.043854
19.596481 19.959259 -40.6353
19.168854 19.648743 -40.78331
18.741608 19.338226 -40.93132
18.706131 19.449234 -40.671158
18.675232 19.67125 -40.70778
19.020844 19.79332 -40.59677
19.446182 20.02945 -40.56015
19.558334 19.92073 -41.00609
19.784546 19.815826 -41.34102
19.784546 19.815826 -41.34102
19.713974 19.961166 -41.638184
19.446564 19.877625 -42.08336
19.221878 19.981766 -42.305756
19.285583 19.612503 -42.41829
19.436646 19.58046 -42.343903
19.51294 19.58313 -42.343903
19.842148 19.223404 -41.750717
19.924545 19.449234 -41.30478
19.71054 19.92569 -40.8947
19.636536 19.997406 -40.820312
19.636536 19.997406 -40.820312
19.29741 20.098114 -40.745163
19.363785 19.765472 -41.116714
19.12651 19.460678 -41.451263
19.355392 19.50531 -41.228867
19.433975 19.582367 -41.117096
19.358444 19.580078 -41.228867
19.391632 19.43283 -41.080856
19.502258 19.324875 -41.11824
19.729614 19.256592 -41.78772
19.498825 19.213104 -41.378784
19.675827 18.811035 -41.305542
19.55185 18.5112 -41.083145
19.316101 18.319702 -40.41443
19.59076 18.587494 -40.488815
19.524384 18.881607 -40.59944
19.617844 19.403458 -40.784454
19.678497 20.109558 -41.00609
19.415283 20.17479 -41.30249
19.639206 20.033646 -41.451645
19.669724 19.81163 -41.37764
19.652557 19.292068 -41.19301
20.179367 19.123459 -41.269302
20.030975 19.229889 -41.26854
20.034409 19.379425 -40.896988
20.114517 19.493103 -40.896606
19.71054 19.963455 -40.485764
19.79599 20.300674 -39.928818
20.13359 20.125198 -40.26413
20.329285 20.279312 -40.524292
20.501709 19.690323 -40.971375
20.037842 19.415283 -41.453552
19.662476 19.551468 -41.56418
19.581985 19.400406 -41.56418
19.22226 20.056915 -41.376114
19.421005 20.323181 -41.376114
19.387436 20.47081 -41.412735
19.092178 20.796585 -41.04042
19.288254 20.988464 -40.855408
19.288254 20.988464 -40.855408
19.745636 21.077728 -40.37361
20.19043 20.720673 -40.37552
20.712662 20.365524 -40.711212
20.169449 20.014954 -40.82184
20.169449 20.014954 -40.82184
20.053864 19.93637 -41.19301
19.452286 20.140076 -41.1541
19.07196 20.127487 -41.265106
19.524002 20.030594 -41.080856
19.670868 19.887161 -40.932846
19.858551 19.818878 -40.74745
20.079422 19.603348 -40.673447
20.15152 19.456482 -40.859222
19.770813 19.444656 -40.85846
19.812012 19.557571 -40.895462
19.329071 19.913864 -40.78293
19.141006 19.982529 -40.671158
19.52362 19.99321 -41.340637
19.400406 19.69223 -41.48941
19.956207 19.226837 -41.714478
20.2919 19.014359 -41.975784
20.121002 18.453598 -41.56761
20.353699 18.60962 -41.30783
20.251846 19.01474 -41.083908
20.13321 18.863297 -40.972137
20.338821 19.31343 -41.34369
20.487976 19.205856 -41.715622
20.524216 19.17038 -41.45546
20.548248 19.950104 -41.26854
20.661545 19.9543 -41.082764
20.279312 19.905853 -40.859222
19.966507 19.59877 -41.30516
20.158005 19.60411 -41.677475
20.228195 19.421005 -41.752625
20.455933 19.39125 -41.79039
20.800781 19.476318 -41.679382
20.800781 19.476318 -41.679382
20.365906 18.98079 -41.34445
20.365143 18.98117 -41.08429
20.132828 18.862915 -40.97252
20.143509 19.196701 -41.083908
20.112991 19.418716 -41.157913
19.701004 19.628525 -40.896225
20.163345 19.79065 -41.342926
20.082092 19.64035 -41.15677
20.643997 19.398117 -41.046906
20.65239 19.65828 -40.972137
20.65239 19.65828 -40.972137
19.888306 19.560242 -40.59868
19.773865 19.556808 -40.486908
19.356918 19.580078 -40.70854
19.392395 19.469833 -41.04309
19.968414 19.67392 -40.858078
20.046997 19.71283 -41.192627
20.326614 20.129776 -41.192245
20.50476 19.763947 -41.19377
20.101929 20.19577 -41.786575
19.952774 20.3022 -41.74919
20.12291 19.715118 -41.305542
19.937897 19.895554 -40.932465
20.231628 19.608688 -40.45105
20.231628 19.608688 -40.45105
20.231628 19.608688 -40.45105
20.240784 19.868088 -40.82222
20.013428 19.897842 -40.93361
19.742203 19.74144 -40.74707
19.812775 19.5961 -40.449905
19.210434 19.800186 -40.11345
19.364548 19.841766 -40.188217
19.781494 19.779205 -40.672302
19.68155 20.220947 -40.81993
20.397568 19.982529 -41.379547
20.397568 19.982529 -41.379547
20.776367 19.919968 -41.64009
20.972443 20.112228 -41.566467
21.271896 19.93637 -41.604614
20.700455 19.956589 -41.083145
20.619583 19.805145 -41.2323
20.238113 19.79332 -40.859604
20.155334 19.604874 -40.7856
20.12825 19.900513 -41.119003
19.834137 20.226288 -40.708923
20.03975 20.677185 -41.1541
20.04013 20.677185 -41.228104
19.841385 20.4113 -41.1541
20.289993 20.164871 -41.527176
20.748901 19.104385 -41.122437
20.597458 19.13681 -40.97328
20.800018 19.4767 -41.41922
20.534134 19.468307 -41.530228
20.657349 19.731522 -41.789246
20.656967 19.731903 -41.60347
20.457077 19.466019 -41.343307
20.578003 19.69223 -41.306305
20.35942 19.981766 -41.342545
20.104218 20.30754 -41.415787
20.067596 20.3434 -41.378403
19.98825 20.267105 -41.080856
19.677734 20.071793 -41.192245
19.706726 19.775772 -41.34102
19.635391 19.922256 -41.26625
19.294357 19.94896 -41.30249
19.294357 19.94896 -41.30249
19.515228 19.73381 -41.15448
19.817352 19.669342 -41.155243
20.566559 19.321442 -41.269302
20.906067 19.220352 -41.530228
21.144485 19.52362 -41.865158
21.03424 19.668198 -41.679764
20.586777 19.913864 -41.864014
20.706558 20.103073 -41.789627
20.703506 20.029068 -41.49208
20.362091 20.018005 -41.862488
20.362091 20.018005 -41.862488
20.197678 19.641495 -41.825485
20.082474 19.601059 -41.7881
19.815826 19.593048 -41.713333
19.927979 19.55986 -41.490555
19.9749 19.858551 -41.3414
19.821167 19.81659 -41.304016
19.54918 19.622421 -41.37764
19.733429 19.442749 -41.378403
19.73381 19.442368 -41.452408
19.651413 19.254303 -41.45279
19.8555 19.706345 -41.378784
19.487 20.06607 -41.26587
19.763947 20.40863 -41.26587
19.763947 20.40863 -41.26587
20.225143 20.534134 -41.340637
20.30754 20.721436 -41.41426
20.761108 20.62378 -41.78734
20.415497 20.539856 -41.527176
20.37239 20.39032 -41.601944
20.312119 19.721603 -41.194534
20.195389 19.68155 -40.59944
20.227432 19.459152 -40.8226
19.861603 19.892883 -40.709305
20.132065 20.012283 -40.895844
20.132065 20.012283 -40.895844
20.20607 19.940186 -40.896225
20.248413 20.090103 -40.74745
20.172882 20.087051 -41.044617
20.167542 19.901276 -41.230392
19.980621 19.969177 -41.71295
20.013428 19.82193 -41.67633
20.223999 19.272232 -41.71486
20.00351 19.487 -42.12227
20.085144 19.638062 -42.233658
19.742203 19.55223 -42.715836
19.735718 19.366837 -42.53044
19.696426 19.329071 -42.308044
19.294357 18.686676 -41.862106
19.402695 18.542099 -41.714096
19.181824 18.757248 -41.861725
19.177628 18.645859 -41.78772
19.265747 19.018936 -41.973114
19.145203 18.83049 -41.638947
19.033813 18.901062 -41.824722
18.76297 18.74466 -41.82434
19.059753 18.494034 -41.89949
18.598557 18.293 -42.381287
18.367767 18.249512 -41.934204
19.121933 18.049622 -42.15927
19.008255 18.045425 -42.53044
19.550705 18.396759 -42.34581
20.119858 18.340302 -42.533493
19.644928 18.956375 -42.308426
19.68422 18.994904 -42.271423
19.837189 19.036484 -42.197037
19.15512 19.12651 -42.08374
18.889618 19.118118 -42.34276
18.538284 18.848038 -42.082596
18.803787 18.781662 -42.45491
18.870163 18.524933 -42.010117
19.109726 18.90297 -41.93573
19.32602 18.539047 -41.713715
18.914032 18.749237 -41.452026
18.82782 18.4124 -41.637802
18.82782 18.4124 -41.637802
18.632889 18.258667 -41.563034
18.445206 18.32695 -41.674423
18.619537 17.811966 -42.15927
19.08226 18.011856 -42.234802
19.298935 17.609406 -42.570877
19.449615 17.5766 -42.60826
19.4458 17.465591 -42.422485
19.09256 17.120361 -42.38472
18.604279 17.328262 -42.23442
18.073273 17.38739 -41.71295
17.964172 17.53273 -41.749573
18.310165 17.616653 -42.307663
18.379593 17.39502 -42.642593
18.190384 17.388153 -43.08777
18.042755 17.493439 -43.60733
17.733383 17.373657 -43.012238
17.436981 17.625046 -42.825317
17.643738 18.151093 -42.63878
17.388535 18.514633 -42.2657
17.329788 19.031525 -42.450333
17.183304 19.212723 -42.263794
16.854477 19.57283 -42.894363
16.714859 19.939423 -43.11676
16.267395 20.184708 -43.30101
16.212463 20.812988 -43.634415
16.171646 20.700073 -43.857193
16.131973 20.662308 -43.70804
16.131973 20.662308 -43.70804
16.468048 20.487595 -43.597794
16.27388 20.370483 -43.44864
16.690063 20.346832 -43.115616
16.844177 20.388031 -43.37654
16.844177 20.388031 -43.37654
16.354752 20.521164 -43.523407
16.497421 20.266724 -43.15262
16.42418 20.41397 -42.520523
16.527176 20.121384 -41.88919
16.641235 20.124817 -41.889572
16.611862 20.345688 -42.483902
16.298676 20.000458 -43.040848
16.220474 19.9234 -43.226624
16.706467 19.716644 -42.819595
16.901016 19.87114 -42.559814
17.54036 19.707108 -42.07878
17.848969 19.827652 -42.15393
18.122482 20.02182 -42.340088
18.34259 19.73114 -42.935562
17.771149 19.675827 -43.157196
17.432404 19.776917 -43.15605
17.00058 19.35463 -43.37845
17.10167 18.987656 -42.858887
17.56401 19.187164 -42.85965
17.191696 19.43512 -42.93251
17.198944 19.620132 -43.30368
16.599655 19.860077 -43.672943
15.805435 19.945908 -43.9312
15.805435 19.945908 -43.9312
15.805435 19.945908 -43.9312
15.499115 19.861221 -44.264984
14.625931 19.94629 -43.742752
14.1441345 20.37735 -43.33229
13.399124 20.83664 -43.44101
12.336731 20.877838 -43.47496
11.630249 21.299744 -44.141388
10.54039 21.635437 -44.77005
9.712219 21.868896 -45.064163
9.151077 22.148132 -45.10002
8.388519 22.087097 -45.023727
7.403946 22.205353 -44.8349
6.5174103 21.843338 -44.6476
5.1841736 21.765137 -44.347
3.6701202 22.016525 -43.5627
2.671051 21.688461 -43.4494
1.7532349 21.474838 -43.63327
1.4377594 21.131134 -43.55812
1.0879517 20.859528 -43.854523
0.54397583 20.509338 -43.48221
0.08354187 20.421219 -42.923737
-0.30975342 20.000458 -43.035126
-0.9914398 20.090866 -42.95845
-1.2851715 20.378113 -43.25447
-1.7864227 20.139313 -43.588257
-2.3025513 20.642471 -43.58635
-2.153778 20.536041 -43.55011
-2.5848389 20.151901 -43.512344
-2.9945374 20.43686 -43.17627
-3.23143 20.13321 -43.32466
-3.6628723 19.711304 -43.473053
-3.6628723 19.711304 -43.473053
-3.9020538 19.369125 -43.621826
-3.8253784 19.371033 -43.807983
-4.1374207 19.138336 -43.65883
-4.567337 18.753433 -43.69545
-4.798889 18.635178 -43.546295
-5.311203 18.06221 -43.582916
-5.4634094 18.019867 -43.916702
-5.886841 17.858505 -43.878937
-6.2778473 17.512512 -43.878937
-6.6688538 17.16652 -43.878937
-7.3619843 16.92276 -43.543625
-7.85141 17.055893 -43.69049
-8.272934 16.931152 -43.87474
-9.220505 17.012787 -43.909073
-9.5386505 16.519547 -44.31839
-9.745789 15.9935 -44.207764
-10.134888 15.721893 -44.133377
-10.4587555 15.156555 -43.539047
-11.079025 14.842224 -42.757416
-11.706924 14.229202 -42.49649
-11.984253 13.886642 -42.3851
-12.004852 13.179016 -43.12935
-12.295914 12.390137 -43.315506
-12.490082 12.272644 -43.57567
-13.146591 11.993408 -43.128586
-13.679123 11.977386 -43.053055
-13.482666 12.168884 -43.239212
-13.712311 12.125397 -42.829514
-13.875198 11.748505 -43.12668
-13.875198 11.748505 -43.12668
-14.108658 11.6306305 -42.68036
-15.008163 10.860825 -42.530823
-15.327835 10.368347 -42.568207
-15.407562 10.254669 -42.567825
-15.263367 9.999466 -42.56897
-15.610123 9.877777 -42.308044
-15.623093 9.468842 -42.420197
-15.665054 9.356308 -42.383575
-16.215134 8.820343 -42.12265
-15.91568 8.643723 -42.235184
-15.91568 8.643723 -42.235184
-16.608429 8.400345 -41.89949
-16.998291 8.12912 -41.45317
-17.40532 8.488083 -41.228485
-17.830658 8.251572 -41.30249
-17.575073 7.925415 -41.303635
-18.09578 7.093048 -41.155243
-18.433762 6.0058594 -41.267776
-19.194794 6.020355 -40.81993
-19.849014 5.739975 -41.004562
-20.150375 5.842209 -40.966415
-20.114517 5.8063507 -40.929794
-19.904709 5.2570343 -40.81993
-19.756699 5.1883698 -40.2256
-19.756699 5.1883698 -40.2256
-19.699097 4.5959473 -40.412903
-20.129013 4.211426 -40.449524
-20.15152 3.5053253 -40.45067
-20.256042 2.6111603 -40.675354
-20.565796 2.4536133 -40.41443
-20.424652 2.123642 -40.37819
-20.844269 2.073288 -40.302658
-20.734787 1.8901825 -40.674973
-20.632172 1.5220642 -40.750122
-20.643997 1.1890411 -40.193176
-20.643997 1.1890411 -40.193176
-20.0428 0.9853363 -40.1577
-20.246506 0.57144165 -39.860535
-20.095825 0.5393982 -39.526367
-19.791794 0.51116943 -40.047455
-19.944382 0.46958923 -40.195847
-19.77539 1.0322571 -39.897537
-19.934464 0.8041382 -40.306473
-20.1622 0.8342743 -39.971542
-20.307922 1.0520935 -39.822006
-20.65506 0.8922577 -39.933395
-20.568848 1.19133 -40.081787
-20.137787 1.6139984 -39.74762
-19.72313 1.4778137 -39.972305
-19.72313 1.4778137 -39.972305
-19.227219 1.5686035 -39.489746
-19.160461 1.3122559 -38.9328
-19.347763 1.379776 -39.229584
-19.607925 1.5575409 -39.22844
-20.058823 1.6910553 -39.598846
-20.537567 2.1583557 -39.74533
-21.067429 2.2159576 -39.743423
-21.591187 2.5348663 -39.18419
-21.515656 2.499771 -39.40773
-21.258163 2.248001 -39.297867
-21.258163 2.248001 -39.297867
-21.45462 2.0942688 -39.11209
-21.652985 1.8280029 -39.112473
-21.87004 2.1930695 -38.887787
-22.245407 2.3296356 -38.99727
-21.909332 2.1167755 -39.147186
-21.704865 2.5684357 -39.146805
-21.710205 2.420044 -38.961792
-21.478271 2.5764465 -38.628387
-21.476364 2.6508331 -38.44223
-21.601486 2.3132324 -38.55362
-21.339035 2.2102356 -38.44261
-21.45691 2.0572662 -38.776398
-21.33522 2.2838593 -38.81378
-21.199036 1.8062592 -38.48076
-22.001648 1.669693 -38.44223
-22.156143 1.6284943 -38.18245
-21.957016 1.8943787 -38.256836
-21.406174 2.4303436 -38.740158
-20.711517 2.7484894 -38.890076
-20.250702 2.873993 -39.076614
-20.724869 2.3399353 -38.81607
-20.848846 2.0385742 -38.742065
-21.087646 1.7353058 -38.296127
-21.094894 1.5499115 -37.73918
-20.909882 1.3694763 -38.186264
-20.684052 1.3404846 -37.703705
-20.32051 0.8327484 -37.519455
-20.588303 0.749588 -37.815857
-20.54367 0.9738922 -37.51793
-20.54367 0.9738922 -37.51793
-20.960617 0.99754333 -37.739944
-21.32988 1.3195038 -38.035965
-21.246338 1.5830994 -37.85019
-21.201324 1.807785 -37.701416
-20.959473 2.2613525 -37.552643
-20.763779 2.4532318 -37.255478
-20.990753 2.483368 -37.031555
-21.05751 2.8160095 -36.54785
-21.314621 3.0670166 -36.7321
-21.384811 3.2505035 -36.917496
-20.964813 3.3000946 -37.1418
-20.928955 3.1887054 -37.773514
-20.928955 3.1887054 -37.773514
-20.674515 2.8636932 -37.40387
-20.671844 2.9376984 -37.40387
-20.622253 3.3100128 -37.44049
-20.471954 3.2779694 -37.18109
-20.92781 3.263092 -37.291336
-20.468521 3.351593 -37.40349
-20.512772 3.1654358 -37.18071
-20.866394 2.8205872 -36.95717
-20.298004 2.8018951 -36.698532
-20.5616 2.9052734 -36.400604
-20.836258 2.6371002 -36.400223
-20.641708 2.7549744 -36.511993
-21.014786 2.9659271 -36.584473
-21.634293 2.6126862 -36.545944
-21.554184 2.7641296 -36.24878
-21.860504 2.7179718 -36.099625
-21.711731 2.6111603 -36.174774
-21.711731 2.6111603 -36.174774
-21.331024 2.6229858 -36.286926
-21.557999 2.6527405 -36.24916
-21.55838 2.6527405 -36.13777
-21.791077 2.5352478 -35.617447
-21.899796 2.7175903 -35.432053
-21.37947 2.362442 -35.39734
-21.339417 2.4002075 -35.54573
-21.33789 2.4749756 -35.28557
-21.299744 2.5146484 -34.765244
-21.594238 2.840805 -34.392166
-21.938705 2.7935028 -34.24301
-22.288513 2.521515 -34.614563
-22.755432 2.1720886 -34.799576
-22.568512 2.0282745 -35.43167
-21.924591 1.9363403 -35.619354
-21.734238 1.9424438 -35.69374
-21.092224 1.776123 -36.141586
-21.753693 1.3103485 -35.955048
-22.019958 1.3023376 -35.879898
-22.10846 0.92926025 -35.582733
-22.3835 0.66185 -35.2108
-22.193146 0.6679535 -35.32257
-22.201538 0.40740967 -35.39734
-21.81282 0.6790161 -35.472107
-21.961594 0.8239746 -35.06241
-21.637726 0.27770996 -34.841156
-21.64154 0.20484924 -34.209824
-21.657944 -0.31547546 -34.321976
-21.052551 -0.4459381 -34.73282
-21.382904 -0.08506775 -34.657288
-21.346283 -0.1209259 -34.620285
-21.2677 -0.04425049 -34.806442
-21.2677 -0.04425049 -34.806442
-21.493912 0.022888184 -34.880066
-21.448135 0.24642944 -35.028458
-21.757889 0.012588501 -35.696793
-22.286987 0.10795593 -35.50949
-22.315979 0.40359497 -35.360336
-22.39685 0.25291443 -35.360718
-22.204971 0.333786 -35.10132
-22.15767 0.6313324 -35.13832
-22.389603 0.4749298 -35.546494
-22.472 0.28648376 -35.471344
-22.472 0.28648376 -35.471344
-22.771454 0.46348572 -35.172653
-22.891235 0.3124237 -34.651947
-23.075867 0.4928589 -34.46579
-23.070526 0.6793976 -34.169006
-22.966003 0.3479004 -34.355927
-23.320007 -0.034713745 -34.50508
-23.304367 -0.7019043 -34.283066
-23.500824 -0.89378357 -34.282684
-23.779297 -1.2729645 -34.207916
-23.60382 -1.7116547 -34.022903
-24.161911 -2.507782 -33.911896
-24.181747 -3.1013489 -33.652878
-24.115753 -3.3584595 -33.17032
-23.917389 -4.242325 -32.652664
-24.157715 -4.620743 -32.429123
-24.157715 -4.620743 -32.429123
-23.94905 -5.207443 -32.09648
-23.513794 -5.8612823 -32.024765
-23.448944 -6.230545 -32.136536
-22.440338 -6.755066 -31.806183
-22.586823 -7.7991486 -32.17888
-23.091888 -8.111191 -31.843948
-23.142624 -8.483505 -31.69632
-23.413467 -8.602905 -31.50978
-23.413467 -8.602905 -31.50978
-22.99385 -8.515167 -31.176376
-22.100067 -9.118271 -31.551361
-21.609497 -9.251785 -31.887054
-21.248627 -9.909058 -32.44667
-21.376038 -10.321045 -32.29866
-21.875 -10.448074 -31.888962
-22.04094 -10.860443 -31.51741
-22.047806 -11.045837 -31.14624
-22.17331 -11.383057 -30.960464
-21.92955 -12.080383 -31.036377
-21.856308 -12.189865 -31.222916
-21.970367 -12.193298 -31.222534
-21.941757 -12.489319 -31.111908
-21.675491 -12.480545 -30.852127
-21.314621 -13.062668 -30.668259
-21.23108 -13.986969 -30.298615
-21.13266 -14.503479 -30.485535
-21.686554 -15.18898 -30.745697
-21.83342 -15.0455475 -30.967712
-22.170258 -14.870834 -30.854797
-22.170258 -14.870834 -30.854797
-22.403336 -15.026855 -30.892181
-22.54982 -14.845657 -30.78003
-23.02742 -15.491104 -30.408478
-23.02742 -15.491104 -30.408478
-22.719193 -16.557312 -30.448532
-22.286224 -17.210007 -29.707336
-21.48056 -18.11142 -29.153824
-21.496964 -18.631363 -29.154587
-21.678162 -18.377686 -29.413605
-21.668243 -18.11905 -29.97055
-22.325134 -18.511581 -30.526733
-22.365952 -18.549347 -30.11818
-22.8611 -18.526459 -29.522324
-23.291779 -18.87207 -28.92723
-23.325348 -18.724823 -28.852844
-23.44513 -18.91365 -28.92685
-23.344421 -19.356918 -29.262543
-23.770905 -19.66896 -29.85611
-24.282455 -20.166016 -29.446793
-24.329376 -20.46547 -29.85611
-24.147797 -20.719147 -29.856873
-23.704529 -21.113205 -29.85878
-23.066711 -21.390915 -30.009842
-22.825623 -22.161484 -29.64096
-22.686386 -22.56546 -29.605103
-22.556305 -23.228455 -29.27208
-22.642517 -23.56491 -29.346466
-22.486496 -23.487473 -30.052185
-22.379684 -23.706055 -29.904556
-21.68808 -23.537445 -30.798721
-20.919418 -23.291397 -31.134796
-20.471954 -23.537064 -30.950928
-19.71054 -23.513412 -31.02684
-19.466019 -24.13559 -30.358887
-19.26651 -24.98207 -29.766083
-19.037247 -24.937057 -29.543304
-18.67981 -25.63095 -29.50821
-18.74199 -25.187683 -29.433441
-18.764496 -24.705887 -29.395676
-18.736649 -25.001907 -29.17366
-18.844223 -24.819946 -29.32167
-18.540955 -24.847794 -29.471207
-18.593979 -25.33226 -29.768753
-18.613815 -25.963593 -29.844284
-18.387985 -25.993347 -29.436111
-18.480682 -26.515198 -29.325104
-18.059158 -26.428223 -29.58641
-17.860794 -26.162338 -29.58603
-17.790222 -26.307678 -29.401016
-17.331696 -26.219177 -29.141617
-17.09938 -26.02501 -28.435898
-16.709518 -25.753403 -28.733444
-16.898346 -25.76027 -29.17862
-16.898346 -25.76027 -29.17862
-17.093658 -25.914764 -29.252625
-16.9487 -26.171112 -29.62532
-16.573334 -26.270294 -29.292679
-16.222763 -25.961685 -28.884506
-15.923309 -26.10054 -28.737259
-16.305542 -26.149368 -28.58696
-16.305542 -26.149368 -28.58696
-16.164017 -26.440811 -28.253174
-16.21666 -26.925278 -28.402328
-16.405106 -26.856613 -28.216171
-15.913773 -26.952362 -28.180695
-16.378021 -27.226639 -28.179932
-16.503143 -27.56424 -28.180313
-16.124344 -27.62642 -28.292465
-16.16478 -27.664185 -27.958298
-16.15181 -27.256012 -27.883148
-15.948868 -26.841736 -27.696991
-16.167831 -26.5522 -27.658844
-16.352844 -26.409912 -27.76947
-16.250229 -26.777649 -27.807617
-16.28685 -26.74179 -28.030396
-16.065598 -26.957703 -28.142548
-15.83519 -26.913452 -28.440475
-15.871811 -26.877975 -28.774643
-15.871811 -26.877975 -28.774643
-15.2565 -26.673126 -28.850555
-15.29541 -26.711273 -28.925323
-15.2668 -27.007675 -29.07486
-15.111542 -26.890945 -28.74031
-15.280914 -27.415848 -28.666306
-15.504456 -27.274704 -28.702545
-15.314484 -27.268982 -28.814316
-15.686417 -27.021027 -28.998947
-15.988159 -26.956558 -28.997803
-15.850449 -27.397537 -28.887558
-15.850449 -27.397537 -28.887558
-15.966415 -27.475357 -28.961182
-15.327072 -27.715683 -29.223251
-15.03067 -27.966309 -29.48494
-15.016174 -27.520752 -29.484177
-15.046692 -27.2995 -29.52118
-15.232849 -27.194595 -29.706573
-15.720367 -26.987076 -29.593277
-15.422821 -27.238464 -30.26352
-15.610504 -27.170181 -30.263138
-15.649796 -27.208328 -30.337524
-14.8750305 -26.776886 -30.747604
-14.867401 -26.516342 -30.449677
-14.569855 -26.6922 -30.264664
-14.569855 -26.6922 -30.264664
-14.871216 -26.589966 -30.003738
-15.336227 -26.86348 -29.70543
-15.497208 -27.165222 -29.965591
-15.488815 -26.90506 -29.96521
-15.230179 -27.15683 -30.151749
-15.153503 -27.155304 -30.449677
-15.294647 -26.788712 -30.114746
-15.412903 -26.9413 -30.226135
-15.338898 -27.013779 -30.412292
-15.222549 -26.935959 -30.48668
-15.222549 -26.935959 -30.48668
-15.2217865 -26.93634 -30.74646
-15.264893 -27.085876 -30.783844
-15.44342 -26.758194 -30.968857
-15.7951355 -27.065659 -31.04248
-15.737534 -27.619934 -30.820465
-15.728378 -27.360535 -31.117249
-15.5807495 -27.466965 -31.080246
-15.198135 -27.380753 -31.08139
-15.139008 -26.748657 -31.4888
-15.110397 -27.044296 -31.526566
-15.150833 -27.119446 -31.377792
-15.346527 -27.27356 -31.00586
-15.3541565 -27.534103 -31.192017
-15.3541565 -27.534103 -31.192017
-15.428543 -27.462006 -30.894089
-15.233231 -27.269745 -30.5233
-15.034485 -27.004242 -30.783463
-14.910126 -26.66626 -30.85785
-14.942551 -26.519012 -31.118011
-15.010834 -26.298904 -31.451797
-15.282059 -26.492691 -31.562805
-15.130997 -26.5625 -31.785965
-14.977646 -26.483536 -31.488419
-14.746857 -26.440048 -31.897354
-14.746857 -26.440048 -31.897354
-13.983536 -26.305008 -31.564331
-14.146423 -26.60675 -31.341934
-14.289093 -26.351929 -31.712723
-14.234161 -26.98021 -31.305313
-14.980316 -26.595688 -31.823349
-14.67247 -26.47438 -31.637955
-14.451981 -26.68991 -31.490707
-14.854813 -26.258087 -32.008743
-14.823532 -26.480484 -32.120514
-15.012741 -26.48735 -32.67746
-15.094376 -26.675797 -32.937622
-14.832687 -26.816177 -32.938766
-14.300919 -26.799011 -32.68013
-14.421463 -26.987457 -32.382965
-14.458084 -26.951218 -32.23419
-14.609528 -26.918793 -32.270813
-15.262604 -27.124786 -32.157898
-15.073395 -27.118301 -31.786728
-14.513779 -27.472305 -32.16057
-14.512634 -27.397537 -31.71463
-14.051056 -27.272415 -32.198715
-13.811493 -26.969528 -32.71904
-13.98735 -26.530075 -32.717514
-13.803864 -26.784897 -33.275986
-13.803864 -26.784897 -33.275986
-14.020157 -26.420975 -33.423233
-14.434433 -26.285172 -33.45871
-14.441299 -26.470566 -33.161545
-13.803101 -26.709747 -33.052063
-13.170242 -27.09732 -32.757187
-13.215637 -27.321243 -32.4234
-13.106155 -27.503586 -32.94449
-13.5204315 -27.368164 -32.720566
-13.588715 -27.11029 -32.534027
-13.030243 -27.463531 -32.648087
-13.030243 -27.463531 -32.648087
-13.175201 -27.207947 -32.201385
-13.248825 -27.13623 -32.27501
-13.669205 -27.223587 -32.31125
-14.034271 -26.790237 -32.569122
-14.103699 -26.607132 -32.865906
-14.133072 -26.31073 -32.45659
-14.140701 -26.571274 -32.82852
-13.771439 -26.893616 -32.64427
-13.708878 -27.337265 -32.793808
-13.717651 -27.672195 -33.463287
-13.522339 -27.480316 -33.203888
-13.624954 -27.150345 -33.574677
-13.53302 -26.628113 -33.49991
-13.53302 -26.628113 -33.49991
-13.602066 -26.408005 -33.610916
-13.793945 -26.488495 -33.68454
-13.991928 -26.678848 -33.052444
-13.993835 -26.677704 -32.383728
-13.850403 -26.89476 -31.90155
-13.630676 -27.10991 -31.679535
-13.555145 -27.145004 -31.82869
-13.838577 -27.672577 -31.568527
-14.125061 -27.124786 -31.417847
-14.572144 -26.87912 -31.602478
-14.572144 -26.87912 -31.602478
-14.990234 -26.854706 -31.266785
-15.2469635 -26.60408 -31.711197
-15.2217865 -26.973724 -31.489182
-15.068817 -26.932144 -31.34079
-14.975739 -26.40953 -31.525803
-14.851379 -26.109314 -31.748962
-14.961624 -26.039886 -32.30591
-14.684677 -25.696945 -32.305527
-14.456558 -25.727844 -32.714462
-14.040375 -25.751495 -32.492447
-13.962555 -25.712204 -32.604218
-13.781738 -26.041412 -33.089066
-13.976669 -26.19629 -33.200836
-13.976669 -26.19629 -33.200836
-13.373947 -26.400757 -33.425903
-12.911224 -26.200867 -33.538437
-12.68158 -26.156998 -33.501053
-11.993027 -26.023865 -33.353806
-12.133026 -25.65689 -33.427048
-11.82785 -25.609589 -33.20465
-11.571884 -25.935364 -33.465958
-11.428833 -26.227951 -33.69026
-11.438751 -26.5625 -33.951187
-11.446381 -26.823044 -34.21173
-11.446381 -26.823044 -34.21173
-11.6306305 -26.643372 -34.322357
-11.687088 -26.052094 -34.506226
-11.603165 -25.78926 -34.319687
-11.58905 -25.343704 -34.318924
-11.162186 -25.033188 -33.98552
-11.557007 -25.453186 -33.72574
-11.655045 -24.974442 -34.059143
-11.734009 -25.088882 -34.17015
-11.911011 -24.68605 -34.057236
-10.99205 -24.50943 -34.24492
-11.0004425 -24.769592 -34.2453
-10.918045 -24.581528 -34.617233
-10.774612 -24.874496 -34.952164
-10.776901 -24.948502 -34.952545
-10.581207 -24.79477 -35.21309
-10.581207 -24.79477 -35.21309
-10.508728 -24.866104 -34.73015
-10.964966 -24.8806 -34.729004
-10.948563 -24.360657 -34.801865
-11.031342 -24.54834 -34.578705
-10.804367 -24.615479 -34.802246
-10.454178 -24.343872 -34.617233
-11.076355 -24.771118 -34.46808
-10.849762 -24.838257 -34.617996
-10.849762 -24.838257 -34.617996
-11.079788 -24.882889 -34.505844
-10.815048 -24.950027 -34.87854
-10.426331 -24.678421 -34.87892
-10.43129 -24.827194 -34.879303
-10.0811 -24.594498 -35.362625
-10.310745 -24.637985 -35.21347
-10.313034 -24.712753 -35.32486
-10.113144 -24.3721 -35.02693
-10.267258 -24.412918 -34.617996
-10.115814 -24.446106 -34.87854
-9.926224 -24.439621 -34.693527
-10.345459 -24.489975 -34.841156
-10.533142 -24.421692 -34.840393
-10.4839325 -24.048615 -34.579468
-10.668182 -23.86818 -34.39293
-10.32753 -23.89412 -34.171295
-10.332489 -24.042892 -34.171677
-10.562134 -24.086761 -34.059525
-10.723877 -24.388885 -34.096527
-11.09848 -24.253082 -34.466934
-10.51712 -23.900604 -34.467697
-10.530853 -24.346542 -34.653854
-10.300446 -24.302673 -34.989166
-9.885788 -24.400711 -34.841537
-9.885788 -24.400711 -34.841537
-10.347748 -24.600983 -34.76677
-9.930801 -24.625015 -34.619522
-10.166168 -24.855042 -34.656143
-10.56633 -24.274445 -34.9144
-10.471344 -24.86496 -34.915924
-10.471344 -24.86496 -34.915924
-10.084915 -24.742126 -35.43663
-10.020065 -25.073624 -35.177612
-9.518814 -24.798203 -34.95598
-9.636307 -24.913025 -35.10437
-9.369278 -24.905014 -35.1799
-9.547424 -24.577713 -35.73532
-9.590912 -24.726486 -35.214615
-9.810257 -24.43657 -35.06546
-9.810257 -24.43657 -35.06546
-10.117722 -24.520111 -35.027695
-10.017014 -24.887085 -34.32274
-9.976959 -24.84932 -34.731674
-9.757614 -25.139236 -34.76944
-9.952545 -25.29335 -34.65767
-10.178375 -25.263977 -35.177994
-10.333252 -25.380325 -35.326767
-10.430527 -24.863815 -35.325623
-9.925842 -24.551773 -35.47516
-9.925842 -24.551773 -35.47516
-9.772491 -24.509811 -35.437775
-9.718704 -24.025726 -35.585785
-9.6138 -24.282074 -35.40039
-9.918594 -24.253845 -34.990692
-9.738922 -24.58229 -35.066223
-9.549713 -24.576187 -34.76944
-9.51004 -24.53804 -34.9926
-9.851837 -24.549103 -35.251617
-10.105515 -24.14856 -34.98993
-10.155487 -24.559402 -35.32448
-10.494232 -24.458313 -35.211563
-10.006714 -24.665451 -35.1017
-9.935379 -24.811935 -35.102463
-9.930801 -24.625397 -34.656906
-9.777451 -24.583817 -34.583282
-10.029221 -24.14627 -34.76715
-10.245895 -23.781967 -34.802628
-10.180664 -24.113846 -34.877014
-10.046005 -24.666595 -35.13832
-10.046005 -24.666595 -35.13832
-9.9170685 -25.367737 -34.843063
-9.672928 -26.065063 -34.919357
-9.267807 -26.459885 -34.772873
-8.967972 -26.560974 -34.254074
-8.967972 -26.560974 -34.254074
-8.5243225 -26.95465 -34.25598
-8.1214905 -27.386475 -33.77495
-7.858658 -27.452087 -33.330154
-7.649231 -28.001404 -32.99713
-7.4497223 -28.848267 -32.479095
-7.250595 -29.694366 -31.774902
-6.9351196 -30.500412 -31.442642
-5.818939 -31.206131 -30.740738
-4.88739 -31.73256 -30.149841
-3.697586 -32.510376 -29.56009
-2.4684906 -33.250046 -29.006577
-1.499176 -33.813095 -28.824615
-0.1712799 -33.882523 -28.679657
1.197815 -33.839798 -28.571701
2.187729 -33.733368 -27.943039
3.7406921 -33.869934 -27.686691
5.596161 -34.033203 -27.208328
7.2086334 -33.499527 -26.803207
8.776093 -33.190155 -26.509476
10.020828 -32.26013 -25.916672
10.732651 -31.346893 -25.396729
11.445618 -30.39589 -24.801636
12.736511 -29.242325 -24.80278
12.736511 -29.242325 -24.80278
12.736511 -29.242325 -24.80278
13.912201 -28.129578 -24.915695
14.908981 -26.650238 -24.581528
15.88707 -25.804138 -24.991608
16.754532 -24.812698 -24.917984
16.90483 -23.61908 -24.061584
17.573929 -22.893143 -24.061966
18.01796 -22.062683 -23.838806
18.123627 -21.093369 -23.353958
18.593979 -20.633316 -23.428345
18.495941 -20.116806 -23.241043
19.120789 -19.652939 -23.873138
19.560623 -19.009018 -24.281693
20.237732 -18.061066 -24.57962
21.067429 -17.146301 -25.286484
21.825409 -16.00914 -25.026321
22.498703 -15.209961 -25.398636
22.828674 -14.458466 -25.881195
23.083496 -13.633728 -26.028824
23.874664 -12.681961 -26.400757
24.56131 -11.436462 -26.697159
25.107574 -11.049652 -27.514648
25.938797 -10.060501 -28.071976
25.896835 -9.06105 -28.739166
26.37062 -8.565521 -29.48265
26.921082 -6.842041 -29.963684
27.408981 -5.899811 -30.52063
27.514267 -4.9690247 -30.407333
27.105331 -3.496933 -30.478287
27.20642 -2.71492 -30.403519
26.92604 -1.9821167 -30.62439
26.991272 -1.1642456 -31.106186
27.268219 -0.82206726 -31.105804
27.064896 -0.08659363 -31.512451
26.757431 0.97961426 -31.73294
26.631546 1.7917633 -31.69403
26.333237 3.1169891 -32.322693
26.296234 4.3022156 -32.98874
26.103973 5.3710938 -33.506393
25.68512 6.4697266 -34.357834
25.40474 7.1273804 -35.21042
24.100113 7.9021454 -35.31761
23.905182 8.896637 -35.723877
23.60611 10.18486 -36.27777
23.249435 10.95314 -36.016083
23.659515 11.856079 -36.387253
22.966766 12.800217 -36.123276
22.611618 13.568497 -36.307526
22.063446 14.181137 -37.08458
21.863937 15.065002 -37.156677
21.743393 15.987778 -37.897873
21.458817 16.609955 -37.635803
21.29898 17.570114 -37.373734
21.08879 18.120575 -37.483597
20.658112 17.735672 -37.595367
20.786667 18.146515 -38.114548
20.520782 18.137741 -38.29918
20.520782 18.137741 -38.29918
19.718933 18.000412 -38.557434
19.383621 18.21289 -38.33313
18.31665 18.104935 -38.70201
18.1427 18.619156 -38.58986
18.1427 18.619156 -38.58986
17.705917 19.19899 -38.772964
17.507553 20.082474 -39.291
17.207336 20.222092 -38.918686
16.038132 20.444489 -39.39781
15.730286 20.285416 -39.99214
15.081406 20.153427 -40.39917
14.708328 20.36438 -40.5468
14.673996 20.473862 -40.843964
14.49852 20.988846 -40.17372
14.764023 20.997238 -39.91432
14.3016815 20.796585 -40.17372
13.886261 20.85762 -40.507126
13.500595 20.659256 -40.841293
13.012695 20.828629 -41.24832
13.246918 20.983887 -41.508484
12.604904 21.11206 -41.43181
12.212753 20.728683 -41.431427
11.756134 20.714188 -41.430283
11.035919 20.766068 -41.50238
10.914993 20.539474 -41.61415
10.960007 20.688248 -42.393875
10.654831 20.604324 -42.83943
10.427856 20.633698 -42.87567
10.422897 20.485306 -42.689896
9.7782135 20.539474 -42.613983
9.3875885 20.230103 -42.316055
9.189224 19.964218 -42.428207
9.444046 19.600677 -42.7269
9.567642 19.939804 -42.39235
9.041595 20.108795 -42.576218
8.268738 20.863724 -42.832947
7.9574585 20.630646 -43.055344
7.0106506 20.711899 -43.27545
7.0220947 21.045685 -43.53485
7.3158264 20.758438 -43.313217
7.559967 21.248245 -43.535614
7.9071045 21.407318 -43.610764
7.832718 21.479416 -43.499374
7.421875 21.689224 -43.460846
6.6726685 22.036743 -43.421173
6.326294 21.877289 -43.53218
5.983734 21.866608 -43.531036
5.869293 21.825027 -43.93959
6.432724 21.620178 -43.793106
6.6223145 21.626663 -43.60733
7.0308685 21.305084 -43.720245
7.2704315 21.684265 -43.497086
7.1857452 21.422195 -43.497467
7.4069977 21.205902 -43.57338
7.1086884 21.382141 -43.572617
7.170868 20.975876 -43.46199
7.371521 21.240997 -44.018936
7.371521 21.240997 -44.018936
7.5286865 21.393967 -44.241714
8.172989 21.339798 -44.24324
8.176804 21.413422 -44.615173
8.176804 21.413422 -44.615173
8.015823 21.186447 -44.09523
8.185577 21.710968 -44.35501
8.613968 22.021103 -44.615555
9.185028 22.076416 -44.319153
9.889984 22.76764 -43.724823
9.875107 22.322083 -43.465424
9.603119 22.127533 -43.35327
9.326172 21.784973 -43.42804
9.334564 20.857239 -43.653107
9.340286 21.043396 -43.541336
9.4127655 20.972443 -43.356705
9.8789215 21.321487 -42.985535
9.896469 21.840668 -43.281555
10.350037 21.743393 -43.468475
10.655975 21.789932 -43.431854
10.801315 21.572113 -43.395233
10.478973 21.00563 -43.172836
10.385132 20.483398 -42.913437
10.110855 20.215225 -42.987442
9.9105835 19.874191 -43.358994
9.9105835 19.874191 -43.358994
10.49118 20.188904 -43.65692
10.066986 19.990158 -43.693542
10.1875305 20.178223 -44.065094
10.003281 20.358658 -43.878555
9.308624 20.04013 -43.84079
9.430313 20.30449 -43.39447
9.30748 20.042038 -43.02292
9.634018 19.569778 -43.061447
10.447311 18.890762 -42.766953
10.554123 18.671417 -42.656708
10.660934 18.452072 -42.546463
10.964966 18.424225 -42.696
10.699081 18.415451 -42.955017
10.770416 18.269348 -43.066406
10.388947 18.22052 -43.102264
10.33783 17.811203 -43.2518
10.372162 17.700958 -43.140793
10.292435 17.58728 -43.10379
10.43663 17.331696 -43.29071
10.470963 17.22107 -43.14232
10.544205 17.148972 -43.14308
10.173035 17.434692 -42.993164
10.177994 17.583466 -42.992783
10.377884 17.9245 -42.695236
10.206223 18.513489 -42.395782
10.042572 18.136597 -42.656326
10.124207 18.362808 -42.13562
10.037613 18.02597 -42.061996
10.782242 17.529678 -42.251205
11.270905 17.397308 -41.732025
11.381531 17.28897 -41.76941
11.461639 17.440414 -41.471863
11.461639 17.440414 -41.471863
10.560226 17.745209 -41.765976
10.155487 18.140793 -41.98761
9.327698 18.336868 -42.617416
9.335327 18.59703 -42.54265
9.6458435 18.830109 -42.282867
9.988785 18.878174 -42.06047
10.59227 18.785858 -41.76483
10.837936 18.125153 -42.02652
11.089325 17.68837 -41.767883
11.046219 17.538834 -41.61949
10.991669 16.97998 -41.843033
10.646439 16.85791 -42.028427
10.371017 16.513824 -42.585373
10.057831 16.168594 -43.328476
9.566498 16.302872 -42.918777
8.973694 16.766357 -42.990875
8.597946 16.94107 -42.50679
8.384705 17.417145 -42.35611
8.314896 17.562866 -42.72728
8.571625 17.235947 -43.28575
8.381271 17.19284 -43.545914
7.8510284 17.250824 -43.544388
7.672882 17.615509 -43.728256
7.201004 18.343735 -43.279266
6.913376 18.85376 -43.53752
6.9587708 19.07692 -43.61229
6.808853 19.184875 -43.01758
6.46286 19.062042 -43.128967
6.760788 18.886566 -42.75856
6.71463 18.587875 -43.2415
6.71463 18.587875 -43.2415
6.1683655 18.125153 -43.426895
5.8639526 18.116379 -43.240356
5.068207 18.20259 -43.200684
4.8107147 18.529892 -42.456818
4.827881 19.049454 -42.716217
5.243683 18.950272 -43.125916
5.278015 18.840027 -43.089294
5.4920197 18.363571 -43.536377
5.519104 18.068314 -43.128204
5.479431 18.030548 -42.905426
5.670166 18.03627 -43.091583
5.139923 18.131638 -42.718887
5.322647 17.877197 -43.016815
4.9438477 17.940521 -42.718506
4.601288 17.92984 -42.717743
4.2354584 17.176819 -42.56897
4.111862 16.838074 -42.940903
4.312134 17.177963 -42.754745
4.6527863 17.114258 -43.016052
5.3569794 17.766953 -42.979813
5.134964 17.983246 -42.6445
4.9263 17.383194 -42.83104
4.354477 17.290497 -43.16368
3.3267975 17.220688 -43.457794
3.0647278 17.361832 -43.159485
2.9132843 17.35611 -43.530655
2.5348663 17.456436 -42.972183
2.3548126 17.784882 -42.71164
2.0183563 17.959595 -42.821884
2.0183563 17.959595 -42.821884
1.802063 18.362045 -42.22603
2.096939 18.074417 -42.19055
2.885437 17.765427 -42.19284
3.2585144 17.554855 -42.045975
3.2585144 17.554855 -42.045975
3.7406921 17.161179 -42.38243
3.7063599 17.271423 -42.492676
3.137207 17.290497 -42.639923
2.8682709 17.207718 -42.63916
1.9916534 17.143631 -42.48848
1.5281677 16.94374 -42.116165
1.6292572 16.576004 -41.856766
2.1232605 16.553879 -42.08069
2.8083801 16.612625 -41.859436
3.1894684 16.624832 -41.97235
2.9632568 16.654587 -42.121124
2.5585175 15.90004 -41.89911
2.39563 15.523148 -42.308044
2.4593353 15.116882 -42.56859
3.0239105 14.949036 -42.569733
3.1986237 15.659714 -42.56897
3.376007 15.294647 -42.198563
3.2131195 16.217804 -41.565323
2.9994965 16.69426 -41.34102
3.0780792 16.80832 -41.117477
2.994156 17.733383 -41.26396
2.8339386 17.469025 -41.152573
2.262497 17.451477 -40.96527
2.262497 17.451477 -40.96527
2.262497 17.451477 -40.96527
1.31073 17.38472 -40.999985
0.50964355 17.323303 -40.66429
0.19950867 17.165375 -40.478134
0.37193298 16.576385 -40.73944
0.39215088 16.020584 -40.592194
0.2571106 15.348053 -40.62996
-0.36354065 14.882278 -41.186142
-0.9326935 14.901733 -41.334152
-1.5472412 14.734268 -41.03546
-2.0114899 14.45961 -41.220093
-2.0225525 14.1254425 -41.03508
-2.1438599 13.935852 -40.66353
-1.7730713 13.613129 -41.222763
-1.6757965 13.134384 -40.815353
-1.3484955 12.699509 -40.92827
-1.5285492 11.841583 -40.668488
-2.0000458 11.382294 -40.110397
-2.2838593 10.855103 -39.738846
-3.2901764 10.304642 -39.36577
-3.2588959 10.083008 -39.21776
-2.9785156 9.3875885 -38.77411
-3.2154083 9.082413 -39.183426
-2.9262543 8.60939 -39.222336
-2.9262543 8.60939 -39.222336
-2.9094696 7.9792023 -39.00032
-2.5714874 7.8407288 -39.261627
-2.1766663 7.1113586 -39.151764
-1.7662048 6.939316 -38.44719
-1.9237518 6.786728 -38.298798
-1.9237518 6.786728 -38.298798
-2.3216248 6.255722 -38.00125
-2.4765015 6.214905 -37.480927
-2.4539948 5.7338715 -37.44507
-2.4700165 5.213928 -37.520218
-2.0896912 5.225754 -37.446976
-1.9470215 4.9331665 -37.410736
-2.0282745 4.7447205 -37.521744
-2.0614624 4.8915863 -37.670135
-2.4600983 4.2850494 -37.85553
-2.381897 4.3613434 -37.930298
-2.5726318 4.3556213 -37.818527
-2.471161 3.988266 -37.633896
-2.7664185 4.275894 -37.48436
-3.043747 3.9337158 -37.298584
-3.1337738 3.4851074 -37.410736
-3.0254364 3.3031464 -37.4485
-3.1860352 3.0765533 -37.039948
-3.263855 2.999878 -37.225723
-3.263855 2.999878 -37.225723
-3.2917023 3.3332825 -37.150574
-4.01001 3.4591675 -37.0739
-3.5614014 3.212738 -37.14943
-3.485489 3.2150269 -37.075043
-3.151703 2.9663086 -37.002182
-2.9727936 2.6382446 -36.70616
-2.5440216 2.9483795 -37.041092
-2.5081635 2.9136658 -36.706543
-2.4665833 3.0258179 -36.55777
-2.191162 3.2936096 -36.855316
-2.191162 3.2936096 -36.855316
-2.8835297 3.049469 -36.631012
-3.1013489 3.3382416 -36.964798
-3.1463623 3.1139374 -37.18834
-3.2253265 3.038025 -37.002182
-3.1497955 3.0403137 -36.890793
-2.9678345 2.786255 -36.891556
-2.956009 3.1581879 -36.816406
-2.4669647 3.025055 -36.595535
-1.9615173 3.3752441 -36.74507
-1.6269684 3.1635284 -36.486053
-1.486206 2.83432 -36.264038
-1.7147064 2.7900696 -36.300278
-1.6139984 2.3471832 -36.487198
-1.4526367 2.6115417 -36.85875
-1.7181396 2.602768 -37.11815
-1.4015198 2.9830933 -37.527084
-1.7688751 3.4175873 -37.228394
-2.0244598 3.7433624 -37.22725
-2.3960114 3.9913177 -37.337112
-2.3536682 4.140854 -37.18834
-2.672577 3.6483765 -37.262344
-2.720642 3.3504486 -37.039948
-2.30484 3.2520294 -37.152863
-2.6241302 2.759552 -37.22725
-2.31781 2.8808594 -36.894226
-2.2579193 2.362442 -37.192154
-2.6245117 2.7957916 -37.302017
-3.2627106 3.035736 -37.374496
-3.901291 3.200531 -38.00354
-4.341507 3.7071228 -37.70485
-4.341507 3.7071228 -37.70485
-4.563141 3.8856506 -37.740707
-4.563141 3.8856506 -37.740707
-4.399109 4.2995453 -37.405777
-4.722595 4.8828125 -37.51526
-4.8301697 5.102539 -37.291336
-5.035019 4.689026 -36.920547
-4.615402 4.73938 -36.884308
-4.071045 3.9402008 -36.66458
-3.767395 3.9115906 -36.999893
-3.458023 4.0691376 -36.925507
-3.6167145 3.8406372 -37.148666
-3.6476135 4.0626526 -37.185287
-3.4957886 4.030609 -37.29706
-3.0109406 3.749466 -37.22458
-3.0845642 3.8215637 -37.223816
-2.4780273 3.804016 -36.890793
-2.9354095 3.7899017 -36.81526
-3.1711578 3.559494 -36.777878
-3.1124115 3.042221 -36.593628
-3.2241821 3.1124115 -36.593246
-3.2596588 3.2234192 -35.998154
-2.910614 3.4194946 -36.296463
-2.8217316 3.793335 -36.592865
-3.0448914 3.9352417 -36.740494
-2.513504 3.8764954 -37.374115
-2.513504 3.8764954 -37.374115
-2.972412 3.7887573 -37.186813
-2.9094696 3.3821106 -37.22534
-2.7114868 3.647995 -37.039948
-2.7114868 3.647995 -37.039948
-2.5745392 3.1700134 -37.003708
-2.1636963 2.9598236 -37.042618
-2.3513794 3.0281067 -36.96747
-2.4433136 2.5058746 -37.153625
-2.5440216 2.947998 -37.041473
-2.878189 3.1978607 -36.85417
-2.6371002 3.6140442 -36.59401
-2.783966 3.7944794 -36.444473
-2.6420593 3.4648895 -36.519623
-3.025055 3.3786774 -36.704636
-3.0433655 2.783966 -37.002563
-3.011322 2.6000977 -37.04033
-3.202057 2.5943756 -36.74202
-2.6809692 2.2388458 -36.818314
-2.603531 2.3159027 -36.63292
-2.531433 2.1686554 -36.96823
-2.6691437 2.571869 -37.487793
-2.8068542 3.0132294 -37.412262
-3.1074524 3.1150818 -37.373734
-3.2871246 3.4439087 -37.186813
-3.0784607 2.8949738 -36.59401
-2.8072357 3.0895233 -36.22322
-3.0014038 3.0101776 -35.7399
-3.0204773 2.4158478 -35.666275
-3.142929 2.1148682 -35.889053
-3.276825 1.4793396 -36.149597
-3.1269073 1.3721466 -36.484528
-3.1116486 1.8928528 -35.92682
-2.91214 2.2335052 -35.55565
-2.91214 2.2335052 -35.55565
-3.1265259 2.6351929 -35.62851
-2.6695251 2.6489258 -35.889816
-2.6695251 2.6489258 -35.889816
-2.5951385 2.576828 -36.14998
-2.7832031 2.56958 -36.89232
-2.9022217 2.4169922 -37.11548
-3.0902863 2.4856567 -36.92932
-2.9102325 2.1568298 -37.11548
-2.7908325 2.3845673 -36.52115
-2.260971 2.3269653 -36.3369
-2.1457672 2.3674011 -36.486053
-2.173996 2.6634216 -36.70883
-2.3395538 2.212143 -37.080765
-2.380371 2.099228 -37.303543
-2.235794 1.8817902 -36.969757
-2.1251678 1.8112183 -36.561584
-1.9649506 2.0759583 -36.375427
-2.2205353 2.4021149 -36.300278
-2.135849 2.6641846 -36.59706
-2.5169373 2.614975 -36.819077
-2.6630402 2.7965546 -36.89308
-2.2583008 2.4009705 -36.82022
-2.7671814 1.9397736 -36.671066
-2.2830963 1.6590118 -36.375427
-1.9161224 1.2619019 -36.33957
-1.6048431 1.4942169 -36.22818
-1.6048431 1.4942169 -36.22818
-1.4408112 1.8707275 -36.079407
-2.0191193 1.5926361 -36.15303
-2.0191193 1.5926361 -36.15303
-2.173233 1.5140533 -36.15265
-3.1723022 1.1489868 -36.411285
-3.4080505 0.9189606 -36.374283
-3.0963898 1.1131287 -37.043
-3.0620575 1.0028839 -37.00638
-2.704239 1.5342712 -36.44905
-2.7496338 1.31073 -36.300278
-2.9830933 1.1550903 -36.040115
-3.5800934 1.5071869 -35.96382
-3.8150787 1.2767792 -36.1866
-3.9142609 1.7181396 -36.55739
-3.911209 1.8302917 -36.296844
-3.3439636 1.7745972 -35.85205
-3.4305573 1.4381409 -35.96344
-3.1742096 1.1119843 -36.261368
-2.8297424 1.197052 -36.262512
-3.5316467 0.61798096 -36.48529
-3.074646 0.63171387 -36.56082
-3.2035828 0.2204895 -35.855484
-3.3248901 -0.0061035156 -35.892487
-2.5184631 0.2796173 -35.707855
-2.5184631 0.2796173 -35.707855
-2.3097992 -0.26893616 -35.22644
-1.5945435 -0.50697327 -35.5999
-1.0360718 -0.86021423 -35.453796
-0.29067993 -1.3195038 -35.49385
0.9502411 -0.5767822 -35.718918
2.5802612 0.47569275 -35.758972
4.0599823 1.5602112 -36.13205
5.747223 3.1700134 -36.690903
5.747223 3.1700134 -36.690903
6.9122314 5.135727 -36.764526
13.911438 15.171814 -46.79718
14.012146 15.91568 -46.944427
14.316304 16.666666 -47.48891
14.515686 17.340088 -47.611618
15.732574 18.565369 -47.537613
16.52832 19.665909 -47.834778
16.775513 20.30449 -47.499847
16.997528 20.164108 -47.092056
16.383743 19.958878 -47.239685
16.128922 19.135284 -46.943283
16.111374 18.615723 -46.64688
16.40358 18.253708 -46.5744
16.355515 17.918015 -46.797943
16.46614 17.847824 -46.426773
16.992188 17.603302 -47.097015
16.926575 17.93518 -47.09587
17.075348 17.82837 -47.245026
16.902924 18.341064 -47.800827
16.902924 18.341064 -47.800827
16.590881 18.109512 -47.39189
16.590881 18.109512 -47.39189
16.156769 17.538452 -47.912216
15.917587 17.23442 -47.57805
15.345764 17.17987 -47.502518
15.089035 17.43126 -47.872925
15.232849 17.21344 -47.65091
14.818954 17.31186 -47.686386
14.652252 16.823578 -48.020935
13.621902 16.717148 -47.906876
12.9535675 17.178345 -48.126602
12.693024 17.355728 -48.125458
12.226105 17.007065 -48.236465
12.675476 16.760635 -48.721695
12.134171 16.48407 -48.646545
12.06131 16.555786 -48.94409
12.82692 16.765976 -48.50006
12.730408 17.319489 -48.42415
13.468552 17.787552 -48.796844
13.474274 17.972565 -48.87047
13.222885 18.409729 -49.166107
