56
67
86
102
128
140
160
180
201
229
240
262
280
300
320
340
360
380
400
420
440
460
480
500
520
541
560
580
600
620
639
658
678
697
716
747
757
774
794
815
837
855
872
893
910
931
961
981
1001
1021
1040
1060
1080
1101
1120
1140
1160
1182
1200
1220
1240
1260
1279
1298
1317
1337
1356
1385
1404
1414
1433
1454
1472
1503
1518
1543
1556
1569
1615
1622
1640
1660
1680
1700
1720
1740
1761
1782
1802
1822
1840
1859
1878
1897
1916
1936
1956
1977
1995
2014
2044
2064
2081
2105
2120
2142
2160
2180
2200
2220
2240
2260
2280
2304
2324
2342
2361
2381
2401
2420
2439
2458
2479
2497
2518
2536
2556
2576
2594
2613
2635
2653
2672
2698
2747
2762
2775
2789
2796
2832
2846
2854
2867
2884
2904
2923
2960
2980
3000
3019
3039
3060
3079
3098
3117
3139
3155
3176
3194
3213
3232
3251
3271
3291
3309
3332
3350
3369
3389
3407
3427
3460
3486
3500
3520
3539
3559
3580
3600
3622
3639
3661
3678
3696
3716
3736
3757
3774
3793
3813
3844
3851
3872
3890
3909
3930
3948
3968
3988
4008
4030
4049
4065
4083
4114
4129
4160
4175
4187
4199
4219
4238
4259
4279
4317
4336
4356
4375
4395
4413
4432
4451
4470
4490
4510
4529
4548
4568
4586
4615
4632
4646
4665
4683
4702
4723
4741
4764
4781
4820
4852
4860
4879
4896
4915
4935
4955
4974
4994
5012
5032
5051
5070
5091
5115
5129
5147
5169
5188
5207
5225
5247
5265
5283
5302
5322
5342
5363
5381
5400
5433
5449
5466
5483
5499
5535
5554
5573
5593
5613
5632
5651
5670
5689
5709
5728
5748
5767
5786
5805
5826
5845
5864
5883
5903
5923
5941
5988
5995
6000
6038
6060
6076
6123
6135
6140
6166
6173
6193
6212
6231
6251
6271
6290
6309
6328
6348
6366
6386
6405
6425
6445
6464
6482
6503
6538
6558
6577
6598
6617
6638
6657
6678
6697
6716
6735
6754
6773
6793
6814
6831
6854
6870
6890
6910
6930
6949
6967
6986
7005
7037
7058
7078
7097
7118
7156
7171
7190
7205
7217
7238
7258
7277
7297
7316
7337
7353
7374
7393
7419
7433
7451
7470
7490
7515
7527
7548
7567
7588
7604
7624
7643
7663
7682
7705
7721
7741
7761
7780
7801
7818
7845
7915
7934
7953
7972
7992
8012
8031
8050
8069
8089
8109
8127
8147
8167
8187
8208
8224
8248
8263
8282
8302
8321
8340
8360
8379
8398
8418
8441
8458
8477
8497
8517
8537
8557
8576
8596
8617
8639
8656
8676
8697
8718
8749
8766
8790
8804
8823
8843
8862
8882
8901
8921
8941
8960
8981
8997
9017
9037
9061
9078
9097
9118
9136
9156
9176
9196
9216
9251
9269
9288
9307
9348
9377
9393
9406
9424
9444
9463
9502
9506
9521
9540
9560
9580
9602
9619
9641
9662
9676
9696
9736
9756
9778
9798
9819
9850
9864
9876
9896
9915
9936
9956
9976
9997
10017
10038
10060
10076
10101
10122
10139
10158
10178
10197
10217
10236
10256
10278
