67
87
107
124
142
162
181
200
220
239
258
278
297
316
336
355
375
394
414
433
452
471
491
510
530
550
568
588
607
626
646
665
684
704
723
773
779
788
803
820
839
860
879
898
917
936
956
975
994
1017
1035
1054
1075
1095
1115
1137
1155
1175
1196
1215
1236
1255
1275
1296
1316
1336
1355
1375
1402
1418
1436
1456
1475
1496
1515
1534
1555
1576
1596
1615
1634
1652
1671
1691
1710
1729
1750
1768
1787
1811
1826
1845
1865
1885
1904
1923
1942
1961
1981
2000
2020
2039
2058
2077
2098
2118
2144
2158
2175
2194
2213
2234
2252
2271
2290
2312
2329
2348
2368
2387
2407
2427
2450
2490
2496
2508
2525
2542
2563
2581
2600
2619
2644
2659
2678
2698
2717
2736
2759
2778
2795
2819
2834
2854
2874
2894
2924
2937
2955
2974
2993
3013
3034
3054
3074
3094
3114
3134
3154
3174
3193
3213
3234
3254
3295
3314
3333
3355
3374
3393
3412
3431
3452
3470
3490
3510
3529
3548
3568
3587
3606
3646
3650
3664
3683
3703
3724
3741
3760
3781
3799
3819
3838
3857
3876
3898
3916
3940
3957
3975
3995
4013
4036
4051
4072
4089
4110
4132
4148
4167
4188
4206
4227
4244
4263
4283
4305
4322
4341
4360
4380
4400
4419
4495
4515
4648
4672
4689
4704
4753
4773
4794
4813
4833
4853
4873
4894
4913
4937
4953
4975
4992
5013
5032
5052
5073
5093
5113
5134
5168
5174
5194
5211
5232
5250
5273
5290
5310
5328
5348
5366
5386
5405
5424
5445
5463
5484
5503
5522
5540
5559
5579
5599
5618
5637
5657
5676
5696
5715
5754
5759
5773
5792
5814
5831
5850
5870
5889
5914
5929
5948
5967
5987
6005
6025
6043
6064
6082
6101
6121
6140
6160
6190
6204
6222
6238
6256
6275
6295
6314
6333
6353
6373
6394
6413
6433
6453
6471
6492
6512
6532
6552
6572
6593
6612
6632
6652
6672
6692
6713
6732
6752
6771
6792
6812
6832
6852
6872
6892
6913
6932
6953
6973
6992
7011
7030
7050
7069
7089
7131
7159
7204
7223
7243
7263
7287
7301
7320
7340
7360
7396
7400
7417
7437
7456
7475
7494
7513
7533
7552
7572
7593
7611
7631
7650
7677
7689
7710
7727
7747
7765
7786
7804
7823
7843
7864
7882
7906
7925
7941
7960
7978
7999
8020
8036
8056
8075
8097
8115
8134
8153
8171
8191
8211
8231
8251
8272
8291
8311
8331
8351
8371
8393
8411
8433
8451
8486
8502
8515
8536
8553
8571
8592
8612
8631
8652
8673
8693
8712
8731
8751
8774
8790
8810
8829
8849
8869
8888
8907
8927
8945
8965
8984
9005
9024
9042
9061
9081
9101
9126
9148
9163
9179
9198
9216
9235
9257
9282
9294
9313
9334
9351
9371
9391
9410
9429
9448
9468
9487
9508
9529
9545
9565
9583
9603
9623
9649
9661
9681
9700
9720
9741
9765
9785
9802
9817
9837
9855
9874
9894
9912
9932
9951
9971
9991
10011
10030
10050
10071
10090
10110
10130
10150
10170
10192
10214
10233
10266
10271
10290
10310
10330
10350
10370
10390
10415
10430
10450
10470
10491
10510
10530
10549
10570
10590
10609
10628
10648
10668
10687
10706
10725
10744
10767
10784
10803
10822
10841
10861
10880
10899
10919
10938
10960
10977
10996
11015
11035
11054
11075
11094
11125
11153
11173
11191
11199
11211
11228
11247
11267
11286
11306
11325
11344
11363
11383
11403
11422
11441
11460
11479
11500
11518
11537
11558
11576
11595
11616
11634
11654
11674
11692
11714
11731
11760
11779
11799
11809
11830
11850
11881
11889
11909
11930
11951
11971
11989
12010
12029
12051
12069
12089
12110
12129
12151
12169
12189
12210
12230
12252
12269
12289
12310
12329
12350
12369
12389
12411
12431
12447
12466
12485
12505
12524
12545
12563
12583
12602
12621
12640
12660
12679
12698
12718
12737
12756
12777
12795
12816
12836
12853
12876
12892
12913
12931
12950
12970
13003
13011
13027
13055
13072
13086
13106
13127
13144
13164
13184
13205
13221
13240
13259
13280
13298
13318
13338
13356
13376
13396
13414
13434
13454
13473
13493
13511
13530
13552
13570
13589
13608
13629
13649
13670
13696
13712
13730
13748
13788
13797
13818
13829
13847
13868
13889
13908
13929
13948
13968
13989
14010
14028
14048
14068
14089
14119
14128
14151
14168
14188
14208
14228
14247
14266
14284
14304
14324
14355
14373
14390
14402
14421
14441
14459
14479
14498
14517
14536
14555
14575
14594
14615
14633
14653
14672
14691
14710
14729
14749
14768
14790
14809
14827
14846
14866
14885
14904
14924
14943
14962
14982
15007
15021
15043
15060
15080
15099
15129
15138
15155
15174
15194
15213
15234
15252
15272
15292
15311
15330
15349
15369
15390
15409
15427
15447
15467
15504
15528
15534
15547
15567
15587
15608
15627
15648
15668
15687
15708
15728
15747
15767
15788
15809
15827
15847
15867
15887
15907
15927
15947
15967
15988
16008
16027
16045
16064
16085
16106
16127
16144
16162
16181
16202
16219
16239
16258
16278
16300
16342
16355
16361
16381
16394
16413
16432
16451
16471
16491
16513
16531
16549
16567
16587
16607
16630
16645
16665
16683
16703
16723
16742
16761
16780
16800
16820
16839
16858
16877
16898
16916
16936
16955
16976
16994
17013
17032
17051
17070
17091
17109
17131
17149
17167
17187
17209
17227
17246
17266
17286
17306
17326
17346
17367
17399
17409
17433
17448
17466
17486
17514
17528
17546
17566
17592
17611
17633
17649
17684
17707
17714
17729
17746
17766
17786
17806
17827
17846
17867
17884
17902
17922
17941
17960
17980
18000
18019
18038
18057
18077
18097
18116
18156
18175
18195
18213
18261
18339
18352
18367
18381
18393
18397
18405
18425
18446
18465
18483
18503
18524
18541
18560
18580
18599
18630
18639
18659
18680
18697
18715
18735
18754
18773
18794
18813
18835
18854
18871
18899
18911
18930
18948
18968
18986
19006
19025
19045
19065
19085
19105
19125
19144
19165
19185
19205
19225
19245
19265
19285
19305
19325
19345
19365
19385
19405
19425
19445
19465
19486
19505
19531
19550
19564
19592
19605
19703
19721
19747
19761
19781
19799
19825
19840
19857
19877
19895
19916
19935
19953
19973
19992
20016
20055
20059
20070
20090
20109
20127
20148
20167
20186
20205
20225
20243
20263
20284
20302
20321
20359
20371
20381
20398
20417
20438
20459
20475
20495
20514
20534
20553
20577
20593
20611
20630
20652
20670
20689
20708
20727
20753
20766
20785
20807
20829
20845
20867
20886
20904
20924
20944
20964
20992
21006
21024
21044
21065
21084
21104
21124
21144
21164
21184
21204
21225
21244
21264
21284
21307
21324
21344
21365
21385
21404
21424
21443
21483
21501
21520
21563
21578
21597
21617
21637
21656
21677
21753
21772
21791
21812
21945
21977
21984
22004
22024
22046
22064
22082
22103
22127
22142
22160
22179
22197
22216
22236
22255
22275
22295
22314
22333
22353
22371
22391
22410
22429
22449
22468
22488
22507
22527
22546
22565
22584
22604
22625
22643
22663
22683
22703
22723
22749
22764
22784
22803
22823
22843
22864
22883
22905
22925
22943
22963
22985
23003
23024
23043
23063
23096
23105
23123
23145
23165
23183
23203
23222
23242
23261
23281
23300
23320
23340
23359
23377
23403
23421
23436
23455
23474
23493
23513
23532
23551
23571
23590
23610
23629
23649
23668
23687
23707
23725
23745
23764
23784
23804
23823
23842
23861
23881
23900
23919
23938
23958
23978
23999
24020
24042
24055
24074
24093
24114
24132
24164
24172
24200
24211
24236
24248
24268
24287
24307
24325
24345
24364
24383
24406
24423
24443
24463
24482
24502
24523
24542
24562
24582
24602
24622
24642
24662
24682
24702
24722
24743
24762
24782
