-0.15553284 3.6825562 9.853638
-0.15553284 3.6825562 9.853638
-0.48335266 4.065399 8.970688
-0.7034912 4.1515503 9.154938
-0.68196106 4.228119 9.107086
-0.7010956 4.2137604 9.064011
-0.43310547 4.130005 9.032898
-0.5383911 4.1802673 9.339188
-0.68673706 4.208969 9.162125
-0.7082825 4.1563263 9.090332
-0.6915283 4.199402 9.238693
-0.7010956 4.2951202 8.994614
-0.727417 4.2711945 8.889343
-0.62931824 4.1850433 9.037689
-0.6077728 4.137192 9.257828
-0.51924133 4.146759 9.322433
-0.6388855 4.1395874 9.200409
-0.65802 4.187439 9.138184
-0.71066284 4.199402 9.212372
-0.62213135 4.2017975 9.265015
-0.66760254 4.1778717 9.281754
-0.5934143 4.134796 9.214767
-0.6771698 4.2113647 9.236298
-0.7728882 4.2352905 9.193222
-0.5647125 4.2065887 9.147766
-0.6460571 4.2233276 9.217148
-0.6699829 4.2472534 9.214767
-0.68673706 4.2017975 9.250656
-0.6029968 4.1563263 9.339188
-0.68673706 4.1563263 9.188446
-0.6388855 4.19223 9.054443
-0.65802 4.2520447 9.231506
-0.68673706 4.261612 9.138184
-0.65563965 4.2424774 9.183655
-0.653244 4.2711945 9.1453705
-0.66041565 4.1802673 8.958725
-0.62931824 4.19223 9.068802
-0.65563965 4.2831573 9.276978
-0.6699829 4.163513 9.174088
-0.624527 4.0534363 9.298508
-0.5407715 4.0247345 9.365509
-0.63409424 4.1228333 9.253052
-0.68673706 4.199402 9.114258
-0.70588684 4.1683044 9.107086
-0.68673706 4.067795 9.193222
-0.67477417 4.060623 9.260223
-0.66760254 4.1156616 9.169296
-0.68196106 4.137192 9.114258
-0.68673706 4.1084747 9.276978
-0.62931824 4.0917206 9.214767
-0.62931824 4.1204376 9.217148
-0.69392395 4.1611176 9.296112
-0.727417 4.220932 9.241089
-0.67477417 4.199402 9.219543
-0.65563965 4.199402 9.238693
-0.62213135 4.1204376 9.164505
-0.6699829 4.1324005 9.305695
-0.6771698 4.163513 9.365509
-0.62931824 4.163513 9.147766
-0.653244 4.094116 9.107086
-0.6508484 4.0773773 9.241089
-0.62931824 4.1395874 9.200409
-0.68673706 4.19223 9.032898
-0.6699829 4.194626 9.047256
-0.64845276 4.2137604 9.195618
-0.63409424 4.23291 9.22673
-0.67477417 4.199402 9.241089
-0.6412811 4.141983 9.300903
-0.624527 4.19223 9.193222
-0.6652069 4.197006 9.131012
-0.5886383 4.1683044 9.128616
-0.64845276 4.170685 9.253052
-0.5766754 4.2017975 9.375076
-0.6652069 4.216156 9.162125
-0.58384705 4.2137604 9.107086
-0.6699829 4.194626 9.133408
-0.6125641 4.2065887 9.181259
-0.6412811 4.187439 9.174088
-0.5886383 4.1443634 9.162125
-0.6077728 4.1826477 9.073578
-0.6125641 4.2257233 9.253052
-0.624527 4.2185516 9.269791
-0.6269226 4.2759705 9.111862
-0.6891327 4.256836 9.116653
-0.61735535 4.187439 9.198013
-0.68196106 4.2257233 9.169296
-0.63409424 4.2472534 9.245865
-0.6460571 4.2544403 9.219543
-0.5766754 4.220932 9.054443
-0.5742798 4.1730804 9.111862
-0.59580994 4.094116 9.221939
-0.5934143 4.094116 9.219543
-0.66041565 4.187439 9.214767
-0.65802 4.2137604 9.212372
-0.63409424 4.130005 9.217148
-0.66041565 4.134796 9.236298
-0.62931824 4.1491547 9.154938
-0.64367676 4.1730804 9.171692
-0.59580994 4.204193 9.214767
-0.62213135 4.216156 9.245865
-0.5766754 4.197006 9.236298
-0.58384705 4.163513 9.214767
-0.5742798 4.197006 9.269791
-0.54556274 4.163513 9.221939
-0.5383911 4.125229 9.190826
-0.52163696 4.141983 9.212372
-0.5383911 4.208969 9.205185
-0.5742798 4.2137604 9.171692
-0.59820557 4.1730804 9.198013
-0.59103394 4.141983 9.157333
-0.58384705 4.175476 9.102295
-0.5623169 4.163513 9.193222
-0.55513 4.118042 9.334396
-0.5359955 4.0821533 9.384644
-0.5742798 4.106079 9.262619
-0.5670929 4.165909 9.214767
-0.5120697 4.2185516 9.286545
-0.550354 4.2711945 9.308075
-0.5288086 4.220932 9.229111
-0.49291992 4.165909 9.169296
-0.5001068 4.1898346 9.147766
-0.4785614 4.237686 9.195618
-0.45942688 4.2520447 9.207581
-0.44267273 4.228119 9.147766
-0.46420288 4.2305145 9.174088
-0.46180725 4.2352905 9.18605
-0.5096741 4.1898346 9.135803
-0.5024872 4.1228333 9.08316
-0.5024872 4.165909 9.085556
-0.5240326 4.23291 9.154938
-0.5312042 4.228119 9.221939
-0.5120697 4.1611176 9.327225
-0.50727844 4.130005 9.303299
-0.5144501 4.1228333 9.169296
-0.48095703 4.158722 9.142975
-0.5001068 4.158722 9.176468
-0.5431671 4.141983 9.2482605
-0.54556274 4.216156 9.358322
-0.44984436 4.2424774 9.334396
-0.4905243 4.256836 9.207581
-0.50727844 4.237686 9.131012
-0.51924133 4.249649 9.092728
-0.49531555 4.273575 9.059235
-0.52163696 4.2759705 9.097519
-0.5288086 4.244873 9.190826
-0.4737854 4.2185516 9.147766
-0.5024872 4.237686 9.18605
-0.5048828 4.2257233 9.202789
-0.5144501 4.194626 9.152542
-0.55274963 4.1898346 9.1453705
-0.5312042 4.204193 9.212372
-0.5096741 4.1898346 9.142975
-0.5479584 4.163513 9.0759735
-0.5264282 4.141983 9.111862
-0.59580994 4.1324005 9.324829
-0.48335266 4.141983 9.413361
-0.4905243 4.1228333 9.332016
-0.5742798 4.1563263 9.255432
-0.52163696 4.1515503 9.291336
-0.5359955 4.106079 9.205185
-0.5024872 4.113266 9.147766
-0.5407715 4.1802673 9.169296
-0.5383911 4.23291 9.205185
-0.52163696 4.204193 9.157333
-0.5096741 4.2017975 9.059235
-0.53359985 4.2592316 9.119049
-0.5001068 4.2831573 9.255432
-0.5024872 4.3094788 9.22673
-0.5168457 4.3214417 9.202789
-0.5048828 4.2807617 9.202789
-0.5383911 4.240082 9.195618
-0.5264282 4.208969 9.212372
-0.5048828 4.2807617 9.159729
-0.44267273 4.256836 9.157333
-0.4283142 4.2257233 9.152542
-0.5024872 4.175476 9.138184
-0.43788147 4.19223 9.138184
-0.37088013 4.1898346 9.092728
-0.46420288 4.2352905 9.188446
-0.4019928 4.228119 9.207581
-0.39242554 4.2424774 9.095123
-0.36610413 4.199402 9.037689
-0.33499146 4.1802673 9.1453705
-0.38046265 4.2137604 9.224335
-0.44506836 4.220932 9.298508
-0.35653687 4.261612 9.193222
-0.37327576 4.237686 9.207581
-0.34457397 4.175476 9.286545
-0.29670715 4.1826477 9.159729
-0.3062744 4.2520447 9.147766
-0.35414124 4.2185516 9.217148
-0.275177 4.197006 9.152542
-0.3397827 4.2544403 9.195618
-0.31825256 4.240082 9.207581
-0.29670715 4.278366 9.001801
-0.22253418 4.2640076 9.016159
-0.28474426 4.2305145 9.157333
-0.32063293 4.1778717 9.200409
-0.33738708 4.23291 9.276978
-0.279953 4.2711945 9.303299
-0.2632141 4.2807617 9.126221
-0.275177 4.1898346 9.025726
-0.39720154 4.199402 9.250656
-0.29431152 4.1826477 9.339188
-0.29910278 4.261612 9.18605
-0.16749573 4.266403 9.001801
-0.24406433 4.273575 9.193222
-0.22732544 4.1850433 9.413361
-0.17228699 4.19223 9.131012
-0.1603241 4.290329 8.884552
-0.27757263 4.307083 9.166901
-0.28953552 4.2137604 9.346359
-0.32302856 4.228119 9.284149
-0.29670715 4.194626 9.245865
-0.31825256 4.170685 9.236298
-0.28474426 4.170685 9.231506
-0.21296692 4.2424774 8.989838
-0.22732544 4.19223 9.126221
-0.27757263 4.1108704 9.365509
-0.25842285 4.1204376 9.279373
-0.30867004 4.134796 9.276978
-0.31106567 4.1228333 9.279373
-0.35414124 4.1204376 9.28894
-0.33499146 4.063019 9.339188
-0.27757263 4.094116 9.195618
-0.20100403 4.0989075 9.004196
-0.16270447 4.165909 8.846268
-0.21774292 4.2927246 9.111862
-0.21057129 4.278366 9.334396
-0.20817566 4.285553 9.18605
-0.27757263 4.23291 9.152542
-0.29193115 4.1084747 9.324829
-0.28474426 4.141983 9.468399
-0.2368927 4.2257233 9.394226
-0.19621277 4.2305145 9.238693
-0.25602722 4.244873 9.128616
-0.2416687 4.228119 9.068802
-0.2632141 4.2257233 9.133408
-0.24885559 4.1515503 9.154938
-0.20100403 4.153946 9.0759735
-0.18185425 4.175476 8.968292
-0.22732544 4.1036835 9.049652
-0.33738708 3.9505463 9.243469
-0.3756714 3.9649048 9.477966
-0.39482117 3.969696 9.592819
-0.33738708 3.9505463 9.363113
-0.2679901 4.060623 8.9730835
-0.39959717 3.9960175 8.941986
-0.5407715 4.084549 9.253052
-0.55274963 3.9792633 9.542572
-0.6269226 3.8524475 9.726822
-0.6699829 3.8165588 9.717255
-0.46420288 3.7495575 9.559326
-0.42352295 3.706482 9.310471
-0.49771118 3.7304077 9.334396
-0.4283142 3.7782745 9.365509
-0.39242554 3.7567291 9.255432
-0.4737854 3.780655 9.265015
-0.5024872 3.7495575 9.413361
-0.55752563 3.780655 9.298508
-0.5766754 3.883545 9.308075
-0.5623169 3.8811646 9.377472
-0.653244 3.8428802 9.375076
-0.6053772 3.8763733 9.382263
-0.58384705 3.809372 9.355942
-0.6628113 3.7615204 9.434906
-0.6628113 3.7495575 9.480362
-0.6316986 3.677765 9.499512
-0.7776642 3.7471619 9.477966
-0.58384705 3.8117676 9.360718
-0.624527 3.8404846 9.238693
-0.6006012 3.8500519 9.217148
-0.6029968 3.7567291 9.346359
-0.65563965 3.8117676 9.446869
-0.6795654 3.8045807 9.437286
-0.5934143 3.8189392 9.408585
-0.55752563 3.797409 9.355942
-0.5934143 3.763916 9.353546
-0.6029968 3.7591248 9.363113
-0.6460571 3.7304077 9.310471
-0.6125641 3.878769 9.188446
-0.550354 3.9625092 9.243469
-0.55274963 3.8907318 9.449265
-0.624527 3.7615204 9.652649
-0.7034912 3.780655 9.698105
-0.5862427 3.878769 9.466003
-0.4785614 3.9840546 9.291336
-0.30389404 3.9050903 9.346359
-0.16270447 3.7782745 9.303299
-0.12921143 3.768692 9.229111
-0.050247192 4.027115 8.98027
-0.0143585205 4.302292 8.872589
0.098098755 4.491333 8.963516
0.12921143 4.4147644 9.047256
0.090927124 4.2831573 9.293716
0.093322754 4.2424774 9.607178
0.15074158 3.9960175 9.257828
0.08135986 4.153946 8.941986
0.086135864 4.2137604 8.968292
0.102890015 4.2257233 9.087936
0.18664551 4.1802673 9.195618
-0.0143585205 4.285553 8.985046
-0.114852905 4.369293 9.233902
-0.110076904 4.3860474 9.267395
-0.033493042 4.3573303 9.147766
-0.04067993 4.2927246 9.150162
-0.06460571 4.2305145 9.434906
0.105285645 4.1515503 9.260223
0.035888672 4.08934 9.159729
-0.007171631 4.163513 9.286545
0.01675415 4.19223 9.322433
0.009567261 4.2137604 9.147766
0.06460571 4.158722 9.152542
0.08375549 4.1730804 9.284149
0.08135986 4.1563263 9.217148
0.17468262 4.2065887 9.233902
0.22970581 4.2233276 9.195618
0.23449707 4.134796 9.190826
0.19142151 4.060623 9.207581
0.22732544 4.1276245 9.150162
0.21534729 4.163513 9.028122
0.1268158 4.1036835 9.073578
0.088531494 4.0343018 9.296112
0.093322754 3.9960175 9.384644
0.13160706 4.003189 9.236298
0.14356995 4.022339 9.188446
0.090927124 4.0390778 9.243469
0.071777344 4.0127563 9.389435
0.0765686 4.0486603 9.382263
0.086135864 4.0390778 9.217148
0.112457275 4.0366974 9.142975
0.098098755 4.043869 9.181259
0.122039795 4.0079803 9.174088
0.098098755 4.0055847 9.193222
0.06460571 4.0055847 9.279373
0.047851562 4.0534363 9.231506
0.052642822 4.0582275 9.284149
0.071777344 4.0701904 9.229111
0.059814453 4.1036835 9.291336
0.102890015 4.0989075 9.437286
0.052642822 4.1443634 9.403793
0.01675415 4.1228333 9.372681
0.052642822 4.0869446 9.257828
0.055038452 4.0534363 9.188446
0.071777344 4.043869 9.22673
0.026321411 4.096512 9.212372
0.033493042 4.1395874 9.188446
0.057434082 4.146759 9.152542
0.050247192 4.096512 9.159729
0.026321411 4.063019 9.183655
0.0143585205 4.101303 9.272186
-0.011962891 4.1084747 9.217148
-0.01675415 4.106079 9.183655
0.0047912598 4.0773773 9.262619
0.0047912598 4.065399 9.291336
0.0023956299 4.0582275 9.281754
0.0143585205 4.065399 9.286545
-0.026321411 4.0773773 9.233902
-0.023925781 4.094116 9.233902
-0.011962891 4.1084747 9.262619
-0.009567261 4.118042 9.279373
-0.0047912598 4.1443634 9.157333
-0.0023956299 4.19223 9.131012
-0.009567261 4.2065887 9.257828
-0.04067993 4.2113647 9.300903
0.026321411 4.197006 9.255432
-0.01914978 4.1898346 9.200409
-0.007171631 4.163513 9.205185
-0.033493042 4.170685 9.142975
-0.035888672 4.199402 9.154938
-0.0143585205 4.2065887 9.224335
-0.028717041 4.2065887 9.214767
-0.071777344 4.220932 9.162125
-0.035888672 4.220932 9.166901
-0.035888672 4.2137604 9.207581
-0.01914978 4.1898346 9.279373
0.04067993 4.1443634 9.3511505
-0.007171631 4.1276245 9.138184
0.059814453 4.1491547 9.054443
0.011962891 4.134796 9.157333
0.007171631 4.130005 9.209976
-0.021530151 4.1491547 9.102295
0.01914978 4.158722 9.0711975
0.026321411 4.187439 9.140579
0.055038452 4.1276245 9.212372
0.047851562 4.08934 9.2482605
0.052642822 4.0797577 9.265015
0.0023956299 4.0917206 9.209976
-0.01914978 4.113266 9.243469
0.007171631 4.1826477 9.243469
-0.007171631 4.170685 9.214767
0.0143585205 4.1276245 9.363113
0.026321411 4.0773773 9.257828
0.055038452 4.0773773 9.061615
0.057434082 4.060623 9.267395
0.021530151 4.043869 9.389435
0.026321411 4.015152 9.241089
0.06460571 4.0749817 9.159729
0.088531494 4.0989075 9.0759735
0.102890015 4.1324005 9.114258
0.105285645 4.0773773 9.276978
0.071777344 4.031906 9.267395
0.098098755 4.0079803 9.147766
0.055038452 3.9864502 9.281754
0.033493042 4.0127563 9.375076
-0.01914978 4.0247345 9.286545
0.028717041 4.0055847 9.257828
-0.0047912598 3.998413 9.308075
-0.026321411 4.0247345 9.353546
-0.0382843 3.9601288 9.324829
0.062210083 3.952942 9.310471
-0.021530151 3.9625092 9.327225
-0.009567261 3.9840546 9.32962
-0.01914978 3.998413 9.315262
-0.011962891 4.019943 9.320038
-0.011962891 4.022339 9.300903
-0.0023956299 4.0007935 9.308075
0.007171631 3.9361877 9.293716
0.0023956299 3.9266205 9.305695
0.0 3.9266205 9.305695
-0.009567261 3.9457703 9.305695
-0.023925781 3.9481506 9.253052
-0.055038452 3.9553375 9.250656
-0.033493042 3.9601288 9.327225
-0.0143585205 3.9864502 9.410965
-0.035888672 3.9314117 9.358322
-0.105285645 3.940979 9.276978
-0.023925781 3.9361877 9.281754
0.0023956299 3.9098663 9.253052
-0.047851562 3.9266205 9.224335
-0.011962891 3.952942 9.281754
0.0023956299 3.9601288 9.396622
0.0047912598 3.9385834 9.334396
-0.028717041 3.9146576 9.241089
0.03111267 3.9050903 9.2482605
-0.06939697 3.907486 9.298508
-0.026321411 3.9385834 9.315262
-0.06939697 3.9314117 9.358322
-0.033493042 3.9338074 9.384644
0.0047912598 3.9433746 9.312866
0.007171631 3.8931274 9.2482605
-0.0023956299 3.8524475 9.312866
0.0 3.8548431 9.348755
-0.07417297 3.8763733 9.253052
-0.062210083 3.900299 9.284149
-0.06939697 3.9050903 9.384644
-0.0047912598 3.907486 9.442078
-0.007171631 3.8859406 9.480362
-0.011962891 3.8500519 9.43251
-0.021530151 3.8644104 9.348755
-0.035888672 3.8931274 9.284149
-0.04307556 3.9170532 9.236298
-0.033493042 3.8979034 9.272186
-0.04067993 3.8979034 9.363113
-0.035888672 3.883545 9.437286
-0.01675415 3.8572235 9.39183
-0.0023956299 3.8404846 9.298508
-0.009567261 3.8356934 9.303299
-0.021530151 3.8045807 9.274582
-0.0023956299 3.8165588 9.343979
-0.04547119 3.838089 9.363113
-0.052642822 3.8548431 9.413361
-0.06460571 3.871582 9.382263
-0.01914978 3.8644104 9.355942
-0.057434082 3.8237305 9.363113
-0.04067993 3.8213348 9.4205475
-0.047851562 3.830902 9.389435
-0.052642822 3.8165588 9.384644
-0.114852905 3.8572235 9.384644
-0.059814453 3.878769 9.382263
-0.052642822 3.8524475 9.355942
-0.03111267 3.8739777 9.336792
-0.08375549 3.8428802 9.322433
-0.086135864 3.8739777 9.334396
-0.059814453 3.883545 9.358322
-0.007171631 3.900299 9.317657
-0.059814453 3.8811646 9.293716
-0.0143585205 3.8237305 9.389435
-0.026321411 3.8428802 9.406189
0.052642822 3.7782745 9.322433
0.059814453 3.8045807 9.269791
-0.059814453 3.8524475 9.310471
-0.31585693 3.8548431 9.530609
-0.50727844 4.0582275 9.645462
-0.100494385 4.134796 9.092728
0.071777344 3.9050903 8.824738
-0.2871399 3.694519 9.602402
-0.62213135 3.8739777 9.956543
-0.275177 3.8189392 9.595215
-0.24406433 3.7615204 9.016159
-0.3254242 3.8524475 9.358322
-0.22013855 3.7926178 10.004395
-0.26081848 3.7519531 9.894318
-0.25125122 3.763916 9.667007
-0.19142151 3.797409 9.540192
-0.16749573 3.8141632 9.413361
-0.14596558 3.8739777 9.485153
-0.13877869 4.043869 9.631119
-0.062210083 4.118042 9.611969
-0.086135864 4.307083 9.667007
0.01675415 4.1276245 9.573685
0.0047912598 4.003189 9.5234375
-0.124420166 3.9601288 9.401398
-0.32781982 3.9242249 9.32962
-0.1651001 3.9433746 9.312866
-0.21534729 3.8811646 9.442078
-0.27038574 3.7998047 9.796219
-0.24406433 3.6993103 10.011566
-0.112457275 3.5246277 9.805786
-0.41635132 3.677765 9.360718
-0.20578003 3.661026 9.257828
-0.052642822 3.7926178 9.63829
-0.14356995 3.9433746 9.757935
-0.28234863 3.7423706 9.458832
-0.33738708 3.7926178 9.379868
-0.35653687 3.9553375 9.82254
-0.36610413 3.9936218 9.942184
-0.41874695 4.0917206 9.489929
-0.34217834 4.1611176 9.044876
-0.27038574 4.3501587 9.107086
-0.32302856 4.1108704 9.219543
-0.2536316 3.9553375 9.260223
-0.17945862 4.0773773 8.992233
-0.32302856 4.175476 8.941986
-0.4402771 4.2807617 9.336792
-0.18902588 4.2424774 9.284149
-0.21057129 4.261612 9.212372
-0.47616577 4.19223 9.080765
-0.7513428 4.1802673 9.052048
-0.74894714 4.3501587 9.238693
-0.68434143 4.2807617 9.454041
-0.48095703 4.1276245 9.554535
-0.4091797 3.723236 9.399002
-0.9068756 3.5365906 9.485153
-1.0504456 3.653839 9.324829
-0.9451599 3.780655 8.958725
-1.1365967 4.1898346 9.056839
-0.75613403 4.5750732 9.418152
-0.36849976 4.7641144 8.745773
-0.7992096 4.72583 7.5924225
-1.036087 4.606186 7.2095795
-1.1868439 4.4985046 8.566299
-1.3040924 4.441086 9.848862
-0.71066284 4.462616 9.867996
-0.22013855 4.881363 9.052048
-0.18664551 5.1876373 8.724228
-0.3134613 5.1756744 8.752945
-0.6006012 5.21875 8.717056
-0.8805542 5.2666016 8.413162
-0.7130585 5.190033 7.996811
-0.6269226 4.9794617 8.372482
-0.45942688 4.8957214 8.867798
-0.4091797 4.6779633 9.260223
-0.8183441 4.369293 9.559326
-1.1940155 4.433899 9.590439
-1.3567352 4.237686 10.198212
-0.124420166 3.9792633 10.451843
0.15074158 4.4769745 10.236496
0.4019928 4.2137604 10.502106
0.13639832 3.5485535 9.970886
-1.0337067 3.2662048 8.729019
-2.2037964 4.2472534 8.597412
-1.5481567 3.9673004 11.107483
-0.91166687 3.1130676 11.44487
-0.9667053 3.3188477 10.851456
-1.1892395 4.003189 9.200409
-0.6316986 4.165909 8.006378
-0.69392395 3.8763733 7.6402893
-1.380661 4.051056 8.499313
-1.6247253 4.175476 8.968292
-0.9882355 4.680359 8.657227
-0.035888672 4.1084747 8.408386
0.0023956299 3.2853394 8.432312
-0.5742798 2.904892 8.851059
-1.6534424 3.012558 9.454041
-2.1631165 4.175476 9.092728
-1.5696869 4.003189 7.8221436
-1.1246338 3.4863434 8.075775
-1.0624084 4.3908234 9.308075
-1.0193481 4.371689 9.3511505
-0.73698425 3.929016 8.721832
-0.5431671 3.2781677 7.9704895
-0.8494568 4.268799 8.267197
-1.0839539 3.7184448 8.307877
-1.0169525 3.247055 8.377274
-0.7346039 3.1633148 8.834305
-0.90448 3.349945 9.489929
-0.9451599 3.390625 9.762711
-0.81355286 2.7996063 9.856033
-0.65563965 2.3186493 9.279373
-0.8566284 2.5100708 8.975479
-0.77049255 3.3308105 9.217148
-0.27278137 3.7854462 10.269989
-0.3397827 3.6586304 10.372879
-0.5479584 4.043869 9.954147
-0.40438843 4.58226 8.626129
-0.38046265 4.721039 8.391632
-0.5144501 4.462616 9.140579
-0.5623169 3.9840546 9.932602
0.026321411 3.8428802 9.867996
0.64845276 4.7234344 9.592819
1.134201 5.391037 9.777069
0.95951843 4.9818573 10.3992
0.26560974 3.6466675 10.887344
0.08375549 3.0771637 10.207779
0.39242554 3.1920319 8.740982
0.899704 3.866806 8.008774
1.0648041 3.8165588 8.003998
0.72502136 3.8356934 8.865402
0.64845276 3.9385834 9.949356
1.1270142 3.5461578 9.961319
1.0504456 2.6799622 9.001801
0.31106567 2.5411835 8.370087
-0.047851562 3.0149536 8.317459
-0.009567261 3.397812 8.458633
0.033493042 3.048462 8.927628
0.14117432 2.6368866 8.934799
-0.19142151 2.938385 9.008972
-0.5359955 3.2638092 9.336792
-0.7417755 3.2781677 9.800995
-0.6508484 3.3714905 10.310669
-0.5934143 3.1824493 10.516449
-0.5096741 3.2374878 10.52124
-0.3134613 3.694519 10.033112
-0.5120697 3.9242249 9.827316
-0.6125641 4.1730804 10.21257
-0.29910278 4.2185516 9.942184
-0.007171631 3.9098663 9.889542
-0.55274963 3.665802 9.891922
-0.76091003 3.184845 10.545166
-0.46899414 2.9407806 11.514267
0.098098755 3.1011047 11.791824
0.21296692 3.2087708 11.270203
-0.23210144 3.0245209 9.74118
-0.84706116 2.6440735 8.678772
-1.4069824 2.457428 8.496918
-1.311264 2.376068 8.848663
-0.95951843 2.423935 9.104691
-0.39482117 2.4813538 9.068802
-0.28474426 2.5435638 8.920441
-0.49531555 2.4358978 8.934799
-0.39959717 2.6368866 9.04248
-0.15553284 2.9910278 9.066406
-0.3254242 3.0556335 8.659622
-0.74894714 2.7708893 7.9872437
-0.8638153 2.835495 8.008774
-0.49291992 2.8402863 8.688339
-0.21774292 2.9981995 9.63829
-0.3756714 2.8091736 9.839294
-0.17228699 3.0101776 9.399002
-0.21296692 3.156128 9.023331
-0.45463562 3.103485 8.719452
-0.8829498 2.8905334 9.353546
-0.7130585 2.658432 10.595413
-0.119644165 2.892929 11.645874
0.62931824 2.7684937 12.117249
0.7896271 2.6847534 11.885147
0.011962891 3.1465607 10.167099
-0.086135864 2.9694977 9.554535
0.17706299 3.2398834 9.913467
0.55274963 3.0628204 10.473389
0.91166687 2.6081696 11.026123
0.71066284 2.383255 11.399414
0.16270447 2.622528 11.11705
-0.18902588 2.4502563 10.29631
-0.49771118 2.490921 9.506683
-0.14117432 2.5387878 9.343979
0.73698425 2.3306122 10.085754
1.1629181 2.388031 10.872986
0.6053772 2.5028992 10.494919
-0.047851562 2.3306122 8.9730835
-0.70588684 2.3928223 7.8053894
-0.89730835 2.6847534 7.4392853
-0.5096741 2.8115692 7.6857452
-0.023925781 2.9001007 8.3198395
0.24406433 2.938385 9.0711975
0.17706299 2.9742737 9.238693
0.19621277 2.995819 9.044876
-0.011962891 2.9335938 9.013763
-0.41874695 2.8402863 9.253052
-0.6915283 2.8091736 9.800995
-0.5431671 3.081955 10.710281
-0.2416687 3.2949219 11.07637
0.18185425 3.3403778 11.2582245
0.14356995 3.4241333 11.387436
-0.39959717 3.3523407 11.21756
-0.7513428 3.3523407 9.949356
-0.28234863 2.9599152 10.159927
-0.5742798 3.225525 10.454239
-0.8757782 2.950348 11.009384
-0.9499512 2.3736877 11.545364
-1.0193481 2.3234253 11.480759
-0.9068756 2.4406738 10.39682
-1.0480499 2.567505 9.209976
-1.3639069 2.4047852 8.583054
-1.7467651 2.383255 8.566299
-1.7539368 2.2947235 8.516052
-1.3926239 2.2660065 8.453842
-0.83987427 2.2612152 8.566299
-0.48095703 2.3521423 9.365509
-0.40438843 2.4191437 10.09053
-0.6077728 2.4646149 9.772293
-0.7680969 2.4933167 8.561523
-0.97387695 2.7565308 7.738388
-0.99302673 2.8498535 7.762314
-0.9020996 2.8737793 8.494522
-0.7154541 2.8666077 9.427719
-0.65802 3.0293121 9.659821
-0.7010956 3.1465607 9.116653
-0.73220825 3.3475647 8.729019
-0.5383911 3.6083832 8.506485
-0.45224 3.637085 8.772095
-0.39482117 3.5605164 9.4253235
-0.38523865 3.397812 10.260422
-0.059814453 3.3236237 10.980667
0.0047912598 3.3595276 10.983063
-0.52163696 3.694519 10.02832
-0.5407715 3.8117676 9.008972
-0.17468262 3.596405 9.389435
0.33499146 3.6969147 10.853836
0.80877686 3.275772 12.428314
0.7298126 2.7924194 12.433105
0.102890015 2.5292206 10.863419
-0.5623169 2.6081696 8.98027
-0.65802 2.7397766 7.932205
-0.48812866 2.8211365 8.362915
0.0143585205 2.7014923 9.549759
0.59103394 2.3090668 10.619354
0.5264282 2.354538 10.492523
0.66760254 2.3569336 9.662216
0.77049255 2.5770721 9.04248
0.46899414 2.8785706 8.721832
0.28234863 2.904892 8.396408
0.119644165 2.9001007 8.271988
0.23449707 3.0436707 8.453842
0.6795654 3.1944122 8.681168
0.7513428 3.402588 8.750549
0.59580994 3.3475647 8.7960205
0.38523865 3.3379822 9.116653
0.275177 3.397812 9.272186
0.1483612 3.5772705 9.377472
0.18902588 3.6155548 9.707687
0.2033844 3.5748749 9.970886
0.1651001 3.694519 10.021149
0.27278137 3.8165588 9.978073
0.24645996 3.9433746 9.908676
0.31585693 3.9625092 9.717255
0.16749573 4.063019 9.032898
0.5934143 3.3762665 10.004395
0.28953552 3.3547363 11.27977
-0.14117432 2.7804565 11.593231
-0.55752563 2.4693909 11.519043
-0.39720154 2.428711 10.693527
-0.19621277 2.5818634 9.360718
-0.08135986 2.5052795 8.3437805
-0.086135864 2.3617096 8.537598
-0.059814453 1.9836426 9.848862
-0.55992126 2.0602264 11.097916
-1.1150513 2.067398 9.990036
-0.8518524 2.0865479 8.934799
-0.2679901 2.325821 8.635696
0.75613403 2.514862 10.626526
0.14117432 2.6775665 10.822739
0.062210083 2.3090668 9.592819
-0.2536316 2.3976135 8.355743
-0.0765686 2.9144592 7.3339996
0.24885559 3.184845 8.233704
0.086135864 2.8809662 9.57608
-0.110076904 2.531601 10.3992
0.095718384 2.531601 10.021149
-0.19621277 2.5794678 8.918045
-0.29910278 2.6321106 8.487335
0.105285645 3.1130676 9.303299
-0.36849976 3.6634064 10.4231415
-0.8111725 2.9312134 10.341782
-0.090927124 2.383255 10.403992
0.098098755 2.8139648 10.78923
0.119644165 3.2733765 10.143173
0.34695435 3.316452 9.150162
0.75613403 3.7016907 9.427719
0.42591858 4.520035 9.894318
0.34695435 4.1395874 9.3703
0.06700134 3.2303162 9.59761
-0.34934998 3.2973022 10.504486
-0.20578003 3.3260193 10.616959
0.098098755 3.007782 9.978073
0.06460571 3.151352 9.116653
0.2632141 3.2686005 8.729019
0.21534729 3.2111664 8.123627
0.49291992 3.000595 8.291138
0.2632141 2.658432 8.98027
0.4402771 2.3473663 10.339386
1.4620209 2.5411835 11.638687
1.6103668 2.4789581 11.91626
2.033905 3.2518463 10.9088745
2.1631165 4.199402 9.221939
1.071991 3.390625 9.454041
0.5479584 2.428711 9.623932
0.43788147 2.646469 8.997009
0.4283142 2.8378906 8.573486
0.9762726 2.6153564 9.1453705
1.277771 2.2133636 9.994827
1.002594 2.3306122 10.169495
0.7896271 2.7182465 9.891922
0.94277954 2.7445679 9.470795
1.1820526 2.8211365 9.415756
0.928421 2.8426666 9.461227
0.71784973 2.7110748 9.549759
1.1844482 2.5052795 9.406189
1.4596252 2.634491 9.324829
1.4644012 2.7421722 9.317657
1.2538452 2.7373962 9.3511505
1.0959167 2.7062836 9.121445
1.2179413 2.7756805 8.896515
1.2849426 2.9288177 9.434906
1.0241241 2.5842438 10.255646
0.59820557 2.2540436 10.236496
1.1126556 2.411972 9.324829
1.6175537 2.5124664 9.102295
1.2322998 2.725418 9.671783
0.66041565 3.0101776 10.269989
0.3517456 3.0628204 10.468597
-0.0143585205 2.8570251 10.112076
0.30389404 2.945572 9.640686
0.624527 3.1369934 9.085556
0.40678406 3.493515 9.142975
0.35891724 3.4743805 9.360718
0.6795654 2.9981995 9.193222
1.2155609 2.7996063 9.171692
1.3639069 2.8666077 9.731613
0.8829498 2.7182465 10.671997
0.5431671 2.7397766 11.124237
1.4285126 2.383255 10.066605
1.701294 2.8737793 10.066605
1.4596252 3.1011047 9.734009
1.2586212 3.1824493 9.332016
0.77049255 3.4145508 8.922836
0.94277954 3.6634064 8.389236
1.4069824 3.8237305 8.315063
0.9786682 4.2137604 9.305695
0.122039795 4.381256 10.241287
0.31585693 4.0079803 10.023529
0.7800598 3.603592 8.8701935
1.3830566 3.7734833 7.9944153
2.2133636 3.8979034 7.613968
2.2348938 3.8117676 7.3962097
1.6821594 3.5413818 9.722046
1.5984039 2.5651093 10.758133
1.4883423 2.703888 9.71965
0.7680969 3.5198364 9.485153
0.3062744 3.8428802 8.946762
-0.03111267 3.9050903 8.396408
0.18424988 3.8979034 8.606979
1.0671997 3.4384918 8.587845
1.7180481 3.1537476 9.006592
1.2562256 3.254242 9.865616
0.6388855 3.385849 10.248459
0.4665985 3.282959 10.5260315
0.32302856 3.4217377 10.1766815
0.7417755 3.6227264 9.401398
0.73220825 3.7543335 8.946762
0.114852905 3.9218292 8.877365
-0.39959717 4.134796 9.28894
-0.4785614 4.019943 9.734009
-0.34934998 3.6969147 9.918243
-0.38046265 3.5126648 10.222137
-0.51924133 3.3547363 10.454239
-0.18424988 3.151352 10.298706
0.047851562 2.8522491 10.210175
-0.13639832 2.9240265 10.262817
-0.119644165 3.110672 10.066605
0.0382843 2.9072723 9.556931
0.01914978 3.0053864 9.377472
-0.052642822 3.2686005 9.530609
0.090927124 3.122635 9.767502
0.033493042 2.938385 9.958923
0.07896423 3.0029907 9.817749
0.17468262 3.0747833 9.63829
0.279953 3.069992 9.6957245
0.42591858 3.2279205 9.521042
0.5647125 3.2901306 9.511475
0.49291992 3.1250305 9.633499
0.4905243 3.2063751 9.810577
0.624527 3.0053864 10.040283
0.68434143 2.761322 9.92543
0.80877686 2.8546448 9.437286
0.6628113 3.0747833 9.401398
0.46180725 3.0245209 9.573685
0.33021545 2.9144592 9.769897
0.41635132 2.9072723 10.025925
0.35653687 2.7158508 10.013962
0.29670715 2.7493591 9.640686
0.3397827 2.9288177 9.372681
0.28953552 2.9766693 9.157333
0.20100403 2.9431763 9.310471
0.25125122 2.868988 9.690933
0.34695435 2.794815 9.958923
0.27757263 2.6823578 10.116852
0.275177 2.7924194 10.088135
0.16749573 2.7684937 10.054642
0.100494385 2.7876434 9.982849
0.3014984 2.8211365 9.891922
0.5001068 2.658432 9.717255
0.59820557 2.5076752 9.683746
0.55992126 2.5914307 9.647858
0.3397827 2.6799622 9.939789
0.30867004 2.6871338 10.0785675
0.43070984 2.6081696 9.808182
0.5120697 2.6536407 9.609573
0.42591858 2.5698853 9.918243
0.34695435 2.5435638 10.214966
0.38523865 2.5746765 9.94696
0.40438843 2.663208 9.745972
0.43310547 2.6057892 9.74118
0.49531555 2.5459595 9.643082
0.5383911 2.5100708 9.734009
0.55992126 2.4598236 9.937393
0.6771698 2.4885406 9.985245
0.68673706 2.5028992 9.978073
0.5359955 2.5866394 9.951752
0.42352295 2.651245 9.827316
0.5048828 2.7134552 9.683746
0.55274963 2.6895294 9.712463
0.53359985 2.6321106 9.743576
0.6316986 2.6416779 9.690933
0.5742798 2.5866394 9.918243
0.5886383 2.567505 9.944565
0.48095703 2.5363922 9.865616
0.5383911 2.531601 9.631119
0.6029968 2.4933167 9.461227
0.4737854 2.514862 9.607178
0.3637085 2.5076752 9.762711
0.41156006 2.5363922 9.7986145
0.44984436 2.4550323 9.889542
0.5407715 2.4430695 9.765106
0.5766754 2.4646149 9.542572
0.55513 2.5411835 9.595215
0.4355011 2.5244293 9.848862
0.41874695 2.526825 9.963715
0.6269226 2.5028992 9.817749
0.9260254 2.313858 9.501892
0.94755554 2.2899323 9.415756
0.4091797 2.7900238 10.17189
0.16270447 2.8953094 10.080963
0.047851562 2.725418 10.186249
0.1483612 2.6656036 10.188644
0.3014984 2.5866394 10.279572
0.653244 2.4143524 9.997208
0.5479584 2.519638 9.856033
0.33021545 2.634491 9.889542
0.24645996 2.5028992 9.954147
0.47616577 2.4406738 9.743576
0.5479584 2.5076752 9.552155
0.33021545 2.6440735 9.662216
0.2632141 2.6273193 9.82254
0.48335266 2.4478607 9.913467
0.6795654 2.3593292 9.86322
0.624527 2.567505 9.676575
0.6149597 2.7684937 9.714859
0.7154541 2.572281 9.693329
0.7154541 2.423935 9.750748
0.65563965 2.457428 9.86322
0.7680969 2.6153564 9.76033
0.9451599 2.600998 9.446869
0.9834442 2.526825 9.466003
0.72502136 2.4693909 9.7986145
0.6628113 2.285141 9.887146
0.6077728 2.2875366 10.1479645
0.5670929 2.3353882 10.547562
0.74894714 2.3066864 10.29631
0.8949127 2.376068 9.853638
0.62931824 2.3162537 9.57608
0.35414124 2.486145 9.549759
0.1986084 2.4741821 10.092926
-0.16749573 2.0243225 10.640884
-0.2871399 1.8305054 11.112274
-0.023925781 1.7036896 11.207977
0.29910278 1.6486511 10.49971
0.5048828 1.8975067 9.858429
0.5670929 2.100891 9.894318
0.4665985 1.9621124 10.033112
0.17228699 1.8855438 9.755539
0.31106567 1.9956207 9.451645
0.3637085 2.297104 9.489929
0.07896423 2.514862 9.982849
-0.20578003 2.555542 10.58107
-0.4665985 2.3282166 10.537994
-0.5359955 1.8017883 10.370499
-0.07896423 1.3686981 10.516449
0.45463562 1.529007 10.887344
0.5742798 1.627121 10.887344
0.38523865 1.380661 10.607376
0.41156006 1.2897339 10.492523
0.093322754 1.1820526 10.82753
-0.21057129 0.9140625 11.121841
-0.18424988 0.899704 10.693527
0.059814453 1.146164 10.045074
0.32302856 1.277771 9.681366
0.33021545 1.3280182 10.042679
0.18664551 1.2155609 10.29393
0.06460571 1.2634125 10.372879
-0.0023956299 1.1126556 10.284348
0.17228699 0.91166687 10.387238
0.33021545 0.62931824 10.49971
0.34695435 0.59103394 9.870392
0.5024872 0.74417114 9.298508
0.91166687 1.031311 9.506683
1.0911255 0.9188385 9.88475
0.78723145 1.2394867 10.547562
0.48095703 1.3926239 10.284348
0.46180725 1.2275238 9.9062805
0.4355011 0.72262573 9.51387
1.2969055 1.0480499 9.501892
1.414154 1.2634125 9.588043
0.83987427 1.306488 9.879959
1.0384827 1.277771 10.387238
1.5409851 0.83987427 10.248459
1.4237366 1.2873383 9.446869
0.64845276 2.2037964 9.734009
0.33021545 2.0482635 9.676575
0.58384705 1.4476624 9.516251
1.0384827 1.2179413 9.655045
1.1270142 1.0552368 9.834503
0.93559265 1.076767 9.956543
0.38523865 1.3543396 9.851257
-0.090927124 1.6175537 9.860825
0.090927124 1.4021912 9.853638
0.40438843 1.2418823 10.17189
0.22253418 1.4739838 10.269989
-0.33499146 1.8161469 10.310669
-0.5766754 2.096115 10.368103
-0.2632141 2.0219421 10.260422
-0.25125122 1.627121 9.94696
-0.28234863 1.6127625 9.466003
-0.3637085 1.9621124 9.114258
-0.55513 2.2061768 8.755341
-0.62931824 2.6871338 8.807983
-0.6077728 2.6105652 8.994614
-0.44506836 2.244461 9.174088
-0.23449707 2.2612152 9.171692
-0.12921143 2.5435638 9.078369
-0.18424988 2.7469635 9.382263
-0.34457397 3.0293121 9.994827
-0.32063293 3.081955 10.164719
-0.28234863 2.9694977 9.731613
0.01914978 2.9814606 9.099899
0.29193115 3.0460663 8.855835
0.46899414 3.180069 9.102295
0.3517456 3.1417694 9.477966
0.04067993 3.1250305 9.824936
-0.42591858 3.103485 9.762711
-0.5694885 3.122635 9.291336
-0.74417114 3.4360962 8.906082
-0.89730835 3.7328033 9.028122
-0.78245544 3.5102692 9.286545
-0.5048828 3.151352 9.583252
-0.23210144 3.0173492 9.793823
-0.13877869 3.1944122 9.750748
0.007171631 3.4863434 9.552155
0.26081848 3.3020935 9.066406
0.38523865 3.1968079 9.918243
0.13877869 3.2805634 11.983261
0.13160706 2.7517395 12.83989
0.2536316 2.2037964 11.406586
0.3062744 2.7373962 9.858429
0.825531 3.3882294 9.200409
0.66760254 3.3643036 10.001999
0.117248535 2.876175 10.676773
0.021530151 2.342575 10.430313
0.059814453 2.383255 10.045074
-0.124420166 2.5866394 9.908676
-0.14356995 2.5292206 9.705292
0.32781982 2.3904266 9.18605
0.5934143 2.273178 8.609375
0.4905243 2.4311066 8.449051
0.26081848 2.7134552 8.398804
0.21534729 3.0245209 8.391632
0.2679901 3.1704865 8.846268
0.2632141 3.0723877 9.394226
0.2368927 3.1298065 9.750748
0.2536316 3.2326965 9.800995
0.06460571 3.316452 9.549759
-0.100494385 3.4743805 9.092728
0.06700134 3.5820618 8.822342
0.052642822 3.5868378 9.135803
-0.3397827 3.5772705 9.640686
-0.5359955 3.7662964 9.588043
-0.41156006 3.797409 9.068802
-0.48335266 3.826126 8.863022
-0.42591858 3.6155548 9.061615
-0.55752563 3.4695892 9.710068
-0.89730835 3.550949 10.322632
-0.7776642 3.8117676 10.571487
-0.90927124 3.7710876 10.102493
-1.3232269 3.5700989 10.514069
-1.7515411 3.5820618 11.758331
-1.7324066 3.2326965 12.801605
-1.1222382 2.600998 13.368698
-0.098098755 1.4931183 12.031113
0.68196106 1.3495483 9.729218
0.6149597 1.9716797 8.248062
-0.0143585205 2.967102 8.195419
-1.6845398 2.995819 9.67897
-2.2540436 2.6368866 10.877777
-1.9238281 2.2061768 10.798813
-1.0504456 2.1248322 9.702896
-0.18664551 2.3042908 8.633301
-0.028717041 2.3473663 8.341385
0.0047912598 2.285141 8.683548
-0.06939697 2.2588196 9.1453705
0.40678406 2.1296082 8.458633
0.6006012 2.3090668 8.008774
0.2536316 2.5076752 8.370087
-0.43788147 2.9144592 9.126221
-0.91166687 3.2063751 9.509079
-0.6316986 2.9981995 9.353546
0.035888672 2.8498535 9.255432
0.25125122 2.835495 9.315262
0.1483612 2.9623108 9.525833
0.009567261 3.1680908 9.757935
-0.06460571 3.2781677 10.114456
0.07417297 3.2566376 10.4566345
0.119644165 3.1417694 9.944565
-0.04067993 3.1537476 9.5234375
0.3254242 3.6083832 10.372879
0.39482117 3.180069 12.179474
0.8566284 2.3018951 13.143768
0.87098694 1.6725769 12.602997
0.7010956 1.7922211 10.765305
0.81355286 2.2085724 9.367905
0.9403839 2.3928223 8.719452
1.0169525 2.4430695 8.611771
0.5024872 2.4957123 9.394226
-0.22013855 2.6081696 10.688736
-0.57188416 2.3665009 11.090729
-0.45463562 2.136795 10.246063
-0.15553284 2.136795 8.803192
0.0143585205 2.7828522 7.8963165
0.007171631 3.3427734 7.602005
0.0765686 3.3690948 7.728821
0.35414124 3.048462 8.111664
0.8422699 2.8450623 8.654846
1.1485596 2.6967163 9.28894
0.6269226 2.498108 9.736389
0.04067993 2.6321106 9.96611
-0.36610413 2.864212 9.628723
-0.5479584 3.1274261 9.150162
-0.5312042 3.1489563 9.518646
-0.43310547 2.8594208 11.145767
-0.13639832 2.6416779 11.961716
-0.48095703 2.1391907 10.968704
-0.48095703 2.4023895 10.080963
-0.5383911 2.950348 10.95195
-0.5647125 2.2037964 12.57428
-0.16989136 1.6295166 13.143768
0.5623169 1.3686981 12.234497
0.8877411 1.5553284 10.29393
0.7992096 1.7180481 9.107086
0.124420166 1.9860382 8.645264
-1.1964111 2.1391907 8.355743
-1.9860382 2.4526367 8.810379
-1.7204437 2.4406738 10.059433
-0.933197 1.696518 10.092926
-0.36610413 1.5888367 9.025726
-0.17706299 2.0769653 8.044662
-0.20817566 2.519638 7.3244324
0.110076904 2.7565308 6.982254
0.70588684 2.5028992 7.125824
0.9571228 2.2779694 7.800598
0.55274963 2.4526367 8.812759
-0.090927124 2.773285 9.865616
-0.21296692 2.7876434 10.454239
0.08375549 2.773285 10.298706
0.45224 2.6823578 9.755539
0.41156006 2.8259277 9.609573
0.40678406 3.053238 9.968506
0.44506836 2.945572 10.765305
1.2203369 2.7684937 11.736801
1.4739838 2.3928223 11.509476
1.3136597 2.5220337 10.980667
1.282547 2.847458 10.368103
1.2562256 2.560318 10.3992
1.076767 1.9238281 11.502304
1.2059784 1.8568268 12.119644
1.1700897 2.1391907 11.397018
1.4811554 2.0650024 9.238693
2.0171509 2.847458 8.152344
1.0624084 2.7637177 8.382065
0.18424988 2.5363922 10.210175
-0.13639832 2.3617096 11.660233
-0.1651001 2.0937195 11.617157
-0.14596558 1.9477539 10.387238
0.090927124 2.4933167 9.066406
0.40678406 2.904892 8.109283
0.5766754 3.0436707 8.027924
0.5288086 3.1944122 8.350952
0.5001068 3.3690948 8.563919
0.5790558 3.5437775 8.717056
0.59580994 3.4145508 9.121445
0.45942688 3.144165 9.4205475
0.1651001 3.172882 9.444473
0.122039795 3.2925262 9.171692
-0.009567261 3.0604248 9.774673
0.028717041 2.7014923 10.600204
0.20100403 2.8666077 10.774887
0.093322754 2.8713837 9.458832
0.035888672 3.242279 9.879959
-0.47616577 2.9575348 11.34198
-0.5024872 1.9333954 12.916458
-0.08135986 1.0600128 13.476379
0.41874695 1.3734741 11.643478
0.9068756 2.0171509 8.496918
1.4859467 2.7637177 7.1569366
0.46899414 2.864212 8.712265
-0.98106384 2.050644 10.593033
-1.2873383 1.3088684 11.07637
-1.1413727 1.2227325 10.224533
-0.5240326 1.8424683 9.147766
-0.25125122 2.2133636 8.451447
0.0382843 2.1272125 7.9178467
0.5288086 2.0410767 7.6546326
0.77049255 1.935791 7.8891296
0.6891327 1.9477539 8.585449
0.59580994 1.935791 9.468399
0.6508484 1.8687897 10.332214
0.77049255 1.7324066 10.609772
0.63648987 1.8759766 10.454239
0.38763428 2.3617096 10.021149
0.36131287 2.7134552 9.549759
0.3014984 2.9120636 9.518646
0.112457275 2.9551392 9.870392
0.15553284 2.9240265 10.231705
0.48335266 2.8163452 10.6289215
0.89730835 2.897705 10.650452
0.8231354 2.897705 10.052246
0.72502136 3.1202393 9.662216
0.6316986 3.0053864 9.76033
0.3900299 2.399994 10.35614
0.0 1.8448639 11.310867
-0.16270447 1.3878326 11.770294
-0.011962891 1.3399811 10.9782715
0.4091797 1.7084808 9.281754
0.8446655 2.1296082 8.293518
1.0337067 2.3353882 8.437088
1.0073853 2.2253265 8.915665
0.550354 2.1320038 10.382462
0.22732544 1.7108612 11.3013
0.13400269 1.4955139 10.95195
0.14596558 1.8209381 9.939789
0.3517456 2.2037964 9.200409
0.7728882 2.634491 8.884552
0.90927124 2.7565308 8.5902405
0.8566284 2.823532 8.441879
0.34695435 3.0891266 8.434708
0.0765686 3.3188477 8.791229
-0.028717041 3.3356018 9.367905
0.06700134 3.2638092 9.78186
0.009567261 3.3188477 9.877579
0.0047912598 3.4624176 9.63829
-0.1531372 3.6275177 9.243469
-0.098098755 3.5700989 9.255432
-0.011962891 3.081955 9.930222
0.07896423 3.0101776 10.569092
-0.22013855 3.0269165 10.140778
-0.3900299 3.3427734 9.817749
-0.7992096 3.952942 10.205383
-1.0887299 3.4671936 10.322632
-0.20578003 2.567505 11.243881
0.6412811 1.935791 11.77269
0.7465668 2.074585 10.748566
0.39720154 2.7302094 9.47319
-0.2368927 3.287735 8.5902405
-0.6652069 3.041275 8.233704
-0.51924133 2.457428 8.752945
-0.18185425 2.0602264 10.128815
0.08375549 1.6390839 11.050049
-0.0143585205 1.7946167 10.734207
-0.19142151 2.4669952 9.705292
0.06700134 2.8498535 8.628525
0.4091797 2.8163452 7.984848
0.47138977 2.6153564 7.975281
0.45224 2.670395 8.523239
0.20817566 2.7804565 8.961121
-0.22253418 2.9192505 9.2482605
-0.3900299 3.0293121 9.343979
-0.21774292 2.9981995 9.399002
-0.047851562 2.9192505 9.389435
0.110076904 2.9981995 9.482758
0.1483612 3.0795593 9.717255
-0.04307556 3.0317078 9.994827
-0.055038452 2.926422 9.867996
-0.023925781 2.9168549 9.540192
0.03111267 3.053238 9.3511505
0.08135986 3.053238 9.51387
-0.34457397 2.7756805 9.521042
-0.69869995 2.7469635 9.221939
-0.28474426 2.725418 9.293716
0.023925781 2.691925 10.394424
0.011962891 2.7086792 11.035706
-0.102890015 2.7110748 10.444672
0.16749573 2.7134552 9.657425
0.42114258 2.6105652 9.693329
0.6699829 2.514862 9.851257
0.77526855 2.3665009 10.011566
0.7992096 2.2588196 9.918243
0.45942688 2.3856506 10.102493
-0.110076904 2.560318 10.116852
-0.6891327 2.7972107 9.877579
-0.8183441 2.8187408 9.61676
-0.48335266 2.617752 9.9756775
-0.22492981 2.4478607 10.559525
-0.26081848 2.2420807 11.028519
-0.36131287 1.9980011 11.119446
-0.49531555 1.964508 10.54039
-0.3637085 2.325821 9.688538
-0.2536316 2.2253265 9.4253235
-0.01675415 2.1391907 9.633499
-0.098098755 2.120041 9.949356
-0.31106567 2.2468567 10.200607
-0.7393799 2.423935 10.279572
-1.0337067 2.7278137 10.198212
-0.6771698 2.732605 9.49472
-0.41156006 2.7158508 9.437286
-0.16270447 2.629715 9.63829
-0.04547119 2.6105652 9.774673
0.059814453 2.6488495 9.7005005
0.102890015 2.6967163 9.554535
0.25842285 2.7708893 9.300903
0.38285828 2.892929 9.176468
0.39959717 2.9312134 9.207581
0.13400269 2.9144592 9.339188
-0.33021545 2.9718933 9.396622
-0.6915283 3.0771637 9.585648
-0.89730835 2.995819 9.942184
-0.8638153 2.876175 10.411179
-0.75852966 2.7684937 10.954346
-0.44984436 2.6368866 11.07399
-0.16270447 2.5292206 10.533203
-0.086135864 2.7230377 9.872787
-0.18664551 2.8594208 9.470795
-0.27278137 2.9766693 9.406189
-0.42352295 2.9910278 9.753143
-0.4355011 2.9766693 10.114456
-0.4139557 2.9240265 9.990036
-0.4355011 2.9886322 9.664612
-0.4355011 3.0293121 9.588043
-0.44506836 2.9886322 9.736389
-0.4665985 2.9312134 9.836899
-0.43070984 2.8833466 9.777069
-0.33738708 2.778061 9.664612
-0.28474426 2.7278137 9.650253
-0.2033844 2.7302094 9.710068
-0.114852905 2.6871338 9.659821
-0.07896423 2.6488495 9.571289
-0.107681274 2.6775665 9.499512
-0.23449707 2.7517395 9.619141
-0.27757263 2.7182465 9.729218
-0.37327576 2.802002 9.628723
-0.38763428 2.8833466 9.525833
-0.41874695 2.8618164 9.674179
-0.5359955 2.892929 9.841675
-0.5694885 2.9335938 9.829712
-0.46899414 2.8737793 9.595215
-0.4402771 2.8857422 9.475586
-0.45703125 2.9599152 9.590439
-0.36131287 2.8426666 9.894318
-0.30867004 2.761322 9.949356
-0.3900299 2.7804565 9.824936
-0.5168457 2.8857422 9.724426
-0.55513 2.9072723 9.793823
-0.6508484 2.9120636 9.918243
-0.55752563 2.8450623 9.927826
-0.4402771 2.7684937 9.839294
-0.45942688 2.8737793 9.772293
-0.4905243 2.8809662 9.702896
-0.43070984 2.8546448 9.631119
-0.39959717 2.8115692 9.76033
-0.38763428 2.7828522 9.908676
-0.33738708 2.7684937 9.872787
-0.3637085 2.7541351 9.671783
-0.45703125 2.8450623 9.631119
-0.5383911 2.8330994 9.705292
-0.5431671 2.847458 9.664612
-0.52163696 2.8498535 9.698105
-0.5120697 2.8618164 9.736389
-0.41156006 2.8330994 9.71965
-0.46180725 2.8187408 9.762711
-0.5264282 2.8594208 9.635895
-0.4737854 2.864212 9.676575
-0.32302856 2.7350006 10.0785675
-0.028717041 2.4358978 9.98764
-0.13160706 2.531601 9.516251
-0.4355011 3.0197449 9.174088
-0.9308014 3.1058807 10.061813
-1.4189453 2.8522491 11.0811615
-0.42352295 2.7397766 9.138184
-1.0097656 2.8618164 10.13121
-0.7896271 2.4765778 10.372879
-0.34217834 2.3042908 10.155136
-0.15792847 2.210968 9.920639
-0.3254242 2.3090668 9.951752
-0.8374939 2.490921 10.238892
-1.0432739 2.4837494 10.387238
-0.8422699 2.3473663 10.291534
-0.62213135 2.2014008 9.958923
-0.550354 2.4550323 9.4205475
-0.6891327 2.7278137 9.260223
-0.6963043 2.6656036 9.487549
-0.6125641 2.600998 9.731613
-0.117248535 2.4406738 9.588043
-0.22970581 2.3353882 9.817749
-0.41156006 2.297104 10.021149
-0.5096741 2.325821 10.332214
-0.5168457 2.292328 10.662415
-0.64367676 2.285141 10.638489
-0.81355286 2.2636108 10.37767
-0.9140625 2.1559296 10.071396
-1.1437683 2.1463623 9.992432
-1.1844482 2.0027924 10.243668
-1.2897339 1.8065796 10.614563
-1.2418823 1.7084808 10.616959
-1.0480499 1.7156525 10.061813
-1.1700897 1.8592224 9.623932
-1.6678009 1.9956207 9.640686
-2.165512 2.153534 9.927826
-2.005188 2.045868 10.198212
-1.2921295 1.7156525 10.073776
-0.8518524 1.7132568 9.791428
-0.5168457 2.0123596 9.506683
-0.44267273 2.5459595 9.501892
-0.71066284 2.7110748 9.808182
-0.69392395 2.560318 9.94696
-0.22732544 2.5172424 9.690933
0.29193115 2.445465 9.4205475
0.41635132 2.5052795 9.518646
-0.035888672 2.7230377 9.829712
-0.68673706 3.048462 10.346573
-0.7298126 2.945572 10.518845
-0.3397827 2.5579224 9.913467
-0.03111267 2.498108 9.198013
-0.08375549 2.7421722 8.906082
-0.29670715 2.8809662 8.93959
-0.37806702 2.9599152 9.080765
-0.33499146 2.9718933 9.12384
-0.2632141 3.0341034 9.056839
-0.1986084 3.0939178 9.037689
-0.3254242 3.0843506 9.236298
-0.40678406 3.0460663 9.554535
-0.39482117 3.041275 9.836899
-0.279953 3.0723877 10.030716
-0.45224 3.0963135 10.02832
-0.78245544 3.1704865 9.858429
-0.96191406 3.3427734 9.750748
-0.96191406 3.3882294 9.7005005
-0.83270264 3.345169 9.688538
-0.7465668 3.2853394 9.573685
-0.55752563 3.2518463 9.303299
-0.38523865 3.1896362 9.011368
-0.5479584 3.2111664 9.059235
-0.95951843 3.2063751 9.365509
-0.8949127 2.9623108 9.71965
-0.6029968 2.5076752 9.9756775
0.22253418 2.280365 9.985245
1.3016968 2.3282166 9.415756
1.5840454 2.7589264 8.683548
1.1485596 3.098709 8.291138
-0.18424988 3.1417694 9.604797
-1.1652985 2.7756805 12.24408
-0.7920227 2.3066864 13.533798
0.35414124 1.7946167 12.457031
0.6628113 1.6462555 10.511673
0.6029968 2.0626068 9.4253235
0.43070984 2.3234253 9.623932
0.3014984 1.8496552 10.68396
0.49531555 1.8903351 10.183853
0.41635132 2.0626068 9.379868
0.2632141 2.4813538 8.863022
0.5144501 2.6679993 8.678772
0.727417 2.560318 8.721832
0.6149597 2.5746765 9.087936
0.3637085 2.6608124 9.621536
0.5934143 2.6105652 9.980469
0.7298126 2.5914307 9.753143
0.55274963 2.8785706 9.358322
0.550354 3.1465607 8.98027
0.79441833 3.2853394 8.537598
0.96191406 3.3595276 8.338989
0.91166687 3.500702 8.592621
0.78245544 3.6107635 8.877365
0.5790558 3.7830505 9.128616
0.2871399 4.19223 9.332016
0.20578003 4.553543 9.320038
0.100494385 4.8694 9.32962
0.06939697 4.9387817 9.655045
0.124420166 4.5750732 10.384857
-0.16749573 4.256836 11.083557
0.08135986 4.347763 11.274979
0.3134613 4.216156 10.339386
0.16270447 4.175476 8.750549
-0.25842285 4.3980103 7.4847565
-1.1174469 3.9505463 7.9896393
-1.3399811 3.2326965 10.597809
-0.19381714 2.4311066 12.232117
0.8183441 1.7324066 12.26561
1.0671997 1.8065796 11.200806
0.5264282 2.1104736 9.9015045
-0.7657013 2.285141 8.93959
-2.148758 3.069992 8.047058
-2.950348 3.5988007 8.872589
-2.9359894 2.8594208 10.229324
-1.3639069 2.4478607 9.805786
-0.22732544 2.4023895 8.779266
-0.01914978 2.4717865 8.135605
-0.20100403 2.6799622 7.963318
-0.4857483 3.0029907 8.037491
-0.42352295 3.1465607 8.169098
-0.17228699 3.012558 8.379669
-0.18185425 2.9838562 8.757736
-0.6149597 3.2733765 9.008972
-1.0839539 3.6107635 9.18605
-0.87338257 3.6466675 9.336792
-0.550354 3.3332062 9.446869
-0.73220825 3.3523407 9.602402
-0.6412811 3.5772705 9.705292
-0.4019928 3.6705933 9.942184
-0.5024872 3.6131592 10.097717
-0.34695435 3.838089 10.463806
-0.3517456 3.9505463 10.121643
-0.37327576 3.7016907 9.918243
0.1651001 4.113266 10.645676
0.34217834 3.7567291 11.3563385
0.29193115 2.622528 11.499908
-0.3014984 1.7108612 11.203201
-0.34457397 1.8735809 11.212769
0.5790558 2.2588196 10.758133
1.529007 2.170288 9.49472
2.0003967 2.0530396 8.020737
1.8831482 2.3306122 6.726227
1.6079712 2.7541351 7.657028
0.5383911 2.074585 10.549957
0.27278137 1.7754669 11.313263
-0.4091797 1.9046936 9.872787
-1.0983124 2.0602264 8.116455
-1.1102753 2.3736877 7.903488
0.21534729 2.6823578 8.757736
1.2227325 2.4741821 9.298508
0.80158997 1.9190369 10.179062
0.54556274 2.100891 10.033112
0.3517456 2.4550323 9.181259
0.64367676 2.7014923 8.133209
0.47138977 2.4358978 8.819946
0.28474426 2.3042908 9.774673
-0.0143585205 2.416748 9.817749
0.033493042 2.4095764 9.343979
0.15792847 2.2588196 9.162125
0.22013855 2.1104736 9.415756
0.062210083 2.2324982 9.968506
0.1483612 2.251648 10.018753
0.4283142 2.2779694 9.336792
0.29910278 2.2301178 8.398804
-0.30867004 2.5627136 9.068802
-0.9714813 2.2301178 10.667206
-0.81355286 1.3997955 11.018951
-0.1603241 1.036087 10.839493
0.6652069 0.9882355 10.650452
0.90448 0.42352295 8.843872
-0.42114258 0.72024536 7.910675
-1.3567352 1.4763641 7.6402893
-1.5481567 1.655838 9.265015
-1.2969055 0.8566284 11.306091
-0.76091003 0.44506836 11.796616
-0.43310547 0.38763428 10.590637
-0.15553284 0.6508484 9.12384
0.22492981 0.75613403 8.638092
0.1483612 0.7776642 10.069
-0.098098755 0.38763428 11.60997
-0.050247192 -0.0765686 11.782257
0.3517456 -0.18664551 11.334808
0.45703125 -0.0047912598 10.717453
0.08375549 0.4091797 10.107285
-0.22970581 0.64367676 9.671783
-0.1651001 0.66041565 9.39183
-0.114852905 0.55513 8.831909
-0.04547119 0.5814514 9.327225
0.18424988 0.16749573 10.229324
0.3014984 -0.3637085 10.368103
0.43070984 -0.42352295 10.167099
0.83987427 -0.40438843 10.241287
1.3184509 -0.55274963 10.796417
1.351944 -0.8111725 11.339584
0.76091003 -0.57188416 11.274979
0.06700134 -0.1531372 10.99263
-0.23928833 -0.011962891 10.810776
-0.45463562 0.047851562 10.777267
-0.29193115 0.21534729 10.846664
0.26081848 0.15074158 10.78923
0.727417 -0.15792847 11.078766
0.7992096 -0.29193115 11.306091
0.67477417 -0.100494385 11.370697
0.39242554 0.2536316 11.093124
0.39482117 0.32781982 10.817947
0.55992126 0.22732544 10.604996
0.6795654 0.19381714 11.040482
0.53359985 0.1986084 11.373093
0.32063293 0.33499146 10.669601
0.34457397 0.5359955 9.958923
0.36610413 0.6006012 9.913467
0.38763428 0.4905243 9.9756775
0.33259583 0.4091797 10.04985
0.22253418 0.32781982 10.655243
0.07417297 0.28953552 10.9782715
0.29193115 0.34457397 10.518845
0.45463562 0.35891724 10.112076
0.39720154 0.35414124 10.104889
0.35414124 0.41156006 10.162323
0.42591858 0.33021545 10.179062
0.5407715 0.36849976 10.1766815
0.5048828 0.46899414 10.128815
0.5168457 0.46420288 9.915863
0.5694885 0.48095703 10.073776
0.6006012 0.39720154 10.609772
0.67477417 0.2416687 10.791626
0.7417755 0.28953552 10.403992
0.69869995 0.32781982 10.073776
0.5647125 0.36131287 10.023529
0.42114258 0.37327576 10.265213
0.33021545 0.23928833 10.566711
0.2033844 0.2536316 10.3992
0.16270447 0.39242554 10.15036
0.15792847 0.3397827 10.021149
0.117248535 0.39482117 9.934998
0.100494385 0.43310547 10.073776
0.19142151 0.3014984 10.241287
0.22970581 0.19142151 10.15036
0.18424988 0.32302856 9.891922
0.19381714 0.34217834 9.789032
0.14356995 0.38285828 9.92543
0.06460571 0.40678406 10.19342
0.18185425 0.3900299 10.198212
0.1651001 0.43310547 10.179062
0.1531372 0.44267273 10.231705
0.19142151 0.4139557 10.198212
0.27278137 0.38285828 10.116852
0.28953552 0.37806702 10.145569
0.25842285 0.33499146 10.145569
0.19621277 0.34457397 10.09053
0.119644165 0.42114258 10.069
0.1603241 0.44506836 10.27478
0.23449707 0.37806702 10.4231415
0.29193115 0.31825256 10.320251
0.24885559 0.39959717 10.183853
0.25602722 0.39959717 10.258026
0.25842285 0.42114258 10.2341
0.28234863 0.48095703 10.071396
0.27757263 0.42352295 10.13121
0.27278137 0.43788147 10.116852
0.14596558 0.5001068 10.126419
0.090927124 0.5168457 10.303497
0.14356995 0.54556274 9.999603
0.14596558 0.5001068 10.092926
0.20817566 0.42352295 10.19104
0.27757263 0.3756714 10.15036
0.2368927 0.447464 10.104889
0.22492981 0.48335266 10.104889
0.1603241 0.46180725 10.174286
0.17706299 0.48095703 10.162323
0.30389404 0.43788147 10.088135
0.2416687 0.41874695 10.183853
0.27278137 0.41874695 10.138397
0.45463562 0.31825256 10.124039
0.6652069 0.057434082 9.994827
0.8039856 0.098098755 9.712463
-0.01914978 0.9762726 9.647858
-1.1820526 0.75613403 11.502304
-0.5383911 0.4857483 10.939987
0.95951843 0.117248535 9.092728
0.8614197 0.29193115 8.98027
-0.19142151 0.64845276 10.45903
-0.61016846 0.45942688 11.32283
-0.19621277 0.35653687 10.470993
0.34934998 0.46420288 9.647858
0.20578003 0.5479584 9.96611
-0.04547119 0.55274963 10.442276
-0.03111267 0.550354 10.372879
0.06460571 0.5120697 10.179062
0.2033844 0.48812866 10.229324
0.26081848 0.5144501 10.339386
0.16989136 0.55274963 10.35614
0.023925781 0.62213135 10.013962
-0.07417297 0.6699829 9.832108
-0.13877869 0.653244 10.368103
-0.08375549 0.5670929 10.693527
-0.03111267 0.6006012 10.621735
-0.08375549 0.7010956 10.4231415
-0.1483612 0.7346039 10.169495
-0.06700134 0.7465668 10.186249
-0.095718384 0.65802 10.585846
-0.071777344 0.6197357 10.638489
-0.021530151 0.6460571 10.420746
0.06700134 0.7082825 10.080963
-0.026321411 0.78723145 9.877579
-0.20100403 0.8494568 9.710068
-0.4019928 1.0815582 9.643082
-0.43070984 1.1198425 9.94696
-0.31585693 1.0408783 10.289139
-0.16749573 0.9762726 10.241287
-0.21534729 1.0217285 10.040283
-0.28234863 1.1724854 9.879959
-0.119644165 1.0504456 9.949356
-0.059814453 0.99780273 10.030716
-0.16749573 0.9954071 9.662216
-0.38046265 1.2442627 8.487335
-0.38046265 0.8039856 10.851456
-0.22013855 0.90927124 10.820343
