-22.084045 -6.716156 -36.9339
-21.878561 -6.66097 -37.33012
-21.321869 -6.693268 -37.529373
-21.458054 -6.2152863 -37.937164
-21.455383 -6.141281 -37.937164
-21.829987 -5.967331 -37.93602
-22.401047 -5.9848785 -37.74948
-22.534561 -6.620407 -37.898636
-22.724533 -6.626129 -37.823486
-22.577667 -6.7691803 -37.49008
-23.025894 -6.5231323 -37.3024
-22.85881 -5.9970856 -36.558914
-22.85881 -5.9970856 -36.558914
-23.246384 -6.2316895 -36.595535
-23.249054 -6.3064575 -36.66992
-22.842026 -6.703186 -37.26616
-23.159027 -7.12204 -37.786102
-22.631454 -7.25441 -37.78763
-22.479248 -7.249069 -37.713623
-22.479248 -7.249069 -37.713623
-22.659683 -6.882477 -37.229538
-22.589874 -7.0655823 -36.933136
-22.966385 -6.928253 -36.634827
-23.429108 -7.128525 -36.522675
-23.725128 -6.9156647 -36.78131
-23.700333 -6.1351776 -36.70578
-24.201584 -5.186081 -36.814117
-24.702072 -4.2373657 -37.182617
-24.883652 -3.9836884 -37.25624
-25.370407 -3.7765503 -37.477875
-25.365067 -3.5907745 -37.366104
-25.808334 -3.1589508 -37.104034
-26.817322 -2.558136 -36.50589
-27.63977 -2.1015167 -36.353683
-28.08609 -1.7810822 -36.166
-28.277588 -1.7864227 -35.79445
-28.125763 -1.7814636 -35.68344
-27.853775 -1.5872955 -35.49843
-27.668762 -1.7669678 -35.610962
-27.790451 -2.0687103 -36.20529
-28.054428 -2.0030975 -36.130524
-28.28064 -1.9737244 -36.27777
-28.28064 -1.9737244 -36.27777
-28.951263 -1.5117645 -35.94055
-28.951263 -1.5117645 -35.94055
-29.122543 -0.9235382 -35.939026
-29.018784 -1.253891 -36.014175
-28.684616 -1.5029907 -36.127472
-27.786255 -1.9958496 -36.79962
-27.077866 -2.4181366 -36.616516
-26.502228 -2.2518158 -36.580658
-26.753998 -1.81427 -36.6539
-27.161026 -1.4183044 -36.13243
-27.492523 -1.0574341 -35.759735
-27.55127 -0.54016113 -36.055374
-27.558899 -0.7255554 -35.497665
-27.299881 -0.9777069 -35.944366
-26.948166 -0.7072449 -36.3163
-26.959991 -1.0787964 -36.39145
-26.80626 -1.0368347 -36.61499
-26.825714 -0.48065186 -36.688232
-27.174377 -0.67749023 -36.6127
-26.987076 -0.7461548 -36.42769
-26.723099 -0.81214905 -36.354828
-26.101303 -1.5720367 -36.432266
-25.587463 -2.1499634 -36.6951
-25.658798 -2.0412445 -37.10327
-25.43335 -2.1839142 -37.80899
-25.43335 -2.1839142 -37.80899
-25.691605 -1.9325256 -37.807846
-25.751114 -1.4144897 -37.54654
-25.66986 -1.1878967 -36.87744
-25.66986 -1.1878967 -36.87744
-25.48027 -1.1810303 -36.50627
-25.52452 -1.4045715 -36.543655
-25.485992 -1.3664246 -36.46965
-25.34523 -1.771164 -37.028503
-25.605774 -1.594162 -37.02774
-25.251007 -1.1379242 -36.65619
-25.487137 -1.442337 -37.17575
-25.302887 -1.6223907 -37.176514
-25.189972 -1.6559601 -37.288666
-25.4982 -1.8138885 -37.436676
-25.498962 -1.8135071 -37.176895
-25.569534 -1.6296387 -37.064743
-25.751114 -1.3755798 -37.174988
-25.938416 -1.2702942 -36.98845
-25.857925 -1.1192322 -36.690903
-26.304626 -0.7991791 -36.428833
-26.428223 -1.0997772 -36.4666
-26.511002 -1.3626099 -37.024307
-26.393127 -1.2477875 -37.210846
-25.972366 -1.197815 -37.43477
-25.85373 -1.007843 -36.84044
-26.189041 -0.7205963 -36.05919
-26.298523 -0.57525635 -35.983658
-26.777649 -1.2954712 -35.983658
-26.790237 -1.7044067 -36.2442
-26.148224 -1.8703461 -36.803055
-25.885391 -2.0114899 -37.250137
-25.497818 -1.776123 -37.213516
-25.192642 -1.7669678 -37.400055
-25.192642 -1.7669678 -37.400055
-25.379944 -1.6986847 -37.399292
-25.378418 -1.6242981 -37.213516
-25.48523 -1.405716 -37.5103
-25.684738 -1.6716003 -37.324524
-26.024246 -1.5705109 -36.95221
-26.291656 -1.5781403 -36.50551
-26.478958 -1.5098572 -36.505127
-26.665878 -1.4408112 -36.616135
-26.757812 -1.9256592 -36.579895
-26.757812 -1.9256592 -36.579895
-26.974869 -2.786255 -36.655045
-26.82724 -2.892685 -36.43303
-26.833725 -3.0788422 -36.32164
-26.45111 -2.99263 -36.210632
-26.01471 -2.4223328 -36.433792
-26.135254 -2.6107788 -36.17325
-25.828552 -2.5268555 -36.136627
-26.06392 -2.7568817 -36.17363
-26.563644 -2.9201508 -35.87532
-27.011871 -2.6748657 -35.762405
-27.573395 -2.39563 -35.797882
-27.527618 -2.1717072 -35.945892
-27.513504 -1.726532 -35.83374
-27.009964 -1.4137268 -35.7975
-26.971817 -1.3744354 -35.20317
-27.145767 -0.8605957 -35.202026
-27.37999 -1.0154724 -34.867477
-27.61383 -1.2084961 -34.90448
-27.531052 -1.020813 -35.201263
-27.531052 -1.020813 -35.201263
-27.528 -0.9086609 -34.9411
-27.095413 -0.48713684 -35.27565
-26.556396 -0.28457642 -35.313416
-26.433563 -0.020980835 -35.387802
-26.433563 -0.020980835 -35.387802
-26.049805 0.064468384 -35.759735
-25.939941 -0.08125305 -35.983276
-26.31569 0.09307861 -35.72197
-26.311111 0.24147034 -35.72159
-26.158142 0.28381348 -35.46219
-26.449966 0.68359375 -35.163116
-26.177979 0.87776184 -34.977722
-26.402664 1.0196686 -34.64241
-27.194977 1.2176514 -34.52835
-26.924515 1.3744354 -34.343338
-27.34909 1.2134552 -33.93402
-27.392197 1.0643005 -33.711243
-27.470016 1.0631561 -32.96814
-28.005981 0.9727478 -32.595444
-28.104782 1.4522552 -32.631683
-28.094864 1.7868042 -32.37114
-27.919388 1.3473511 -32.372665
-27.687454 1.5041351 -32.112885
-27.690125 1.43013 -32.001114
-27.65007 1.5060425 -31.926727
-27.840805 1.5003204 -31.6288
-27.970505 0.97618103 -31.926346
-27.938843 0.75416565 -32.001114
-27.748108 0.7598877 -32.113266
-27.748108 0.7598877 -32.113266
-27.209854 0.8869171 -32.857895
-26.379395 0.7270813 -32.749176
-26.23558 0.43373108 -33.158875
-26.23558 0.43373108 -33.158875
-26.324463 0.022506714 -33.19664
-26.387024 0.5039215 -32.5634
-27.051926 1.1146545 -32.263184
-27.172852 0.925827 -32.077026
-27.059174 0.9296417 -32.00264
-27.069855 0.5950928 -32.077408
-26.776505 0.23269653 -32.561874
-26.654816 0.49705505 -32.190323
-26.768875 0.49324036 -32.190323
-26.805115 0.52871704 -32.227707
-26.959991 0.4497528 -31.967545
-26.698685 0.27160645 -32.414627
-26.321411 0.20980835 -32.118225
-26.218796 -0.15830994 -32.37915
-26.103592 -0.117111206 -32.342148
-26.016235 0.2571106 -32.081604
-26.284027 0.17433167 -32.378387
-26.270294 0.62065125 -32.08008
-26.152802 0.69732666 -32.45201
-26.426697 0.42877197 -32.637405
-26.150894 0.6958008 -33.008957
-26.182938 0.8804321 -33.04634
-26.014328 1.405716 -32.93419
-26.014328 1.405716 -32.93419
-25.592804 1.5300751 -32.89795
-25.592804 1.5300751 -32.89795
-25.134277 1.619339 -32.787323
-24.871445 1.4781952 -33.34503
-24.81842 0.737381 -33.49533
-24.954605 1.215744 -33.605576
-25.553894 1.4938354 -33.641052
-25.735092 1.8234253 -33.008575
-26.16806 2.589798 -32.634354
-26.121521 2.8884888 -32.225037
-26.037216 3.189087 -31.555939
-26.13411 3.6670685 -32.3349
-25.779343 4.0489197 -32.520676
-25.574493 4.5001984 -32.70645
-25.723648 4.5310974 -33.486557
-25.37651 4.6905518 -33.301926
-25.400543 5.1345825 -33.338165
-25.426102 5.5042267 -33.672333
-25.135422 6.293106 -33.485413
-25.432587 6.505966 -33.63266
-25.463104 6.7276 -33.781433
-25.88501 6.603241 -33.631134
-25.774765 6.4575195 -33.891678
-25.492096 6.9862366 -33.705902
-24.961853 6.9286346 -33.707047
-24.60289 7.4214935 -34.115982
-24.442291 7.685852 -34.22737
-24.095535 7.8453064 -34.265137
-24.180603 8.732986 -34.486008
-23.830414 9.0034485 -34.59816
-23.72322 9.971619 -34.745407
-23.274612 10.837555 -35.673523
-23.274612 10.837555 -35.673523
-22.909927 11.478424 -36.34224
-22.455215 12.567902 -36.935806
-21.559143 13.225937 -37.30812
-21.237946 13.755035 -37.41913
-20.475769 13.815308 -37.643814
-19.94667 13.720322 -37.64572
-19.837952 13.537979 -37.90703
-18.938446 13.12027 -38.28163
-18.46466 13.654709 -38.3564
-17.660522 13.828659 -38.394928
-17.660522 13.828659 -38.394928
-16.918945 14.369583 -39.139175
-16.439056 15.0894165 -39.139175
-15.910339 14.956665 -39.474487
-15.402603 15.342331 -39.994812
-14.638901 15.478134 -39.587402
-14.486694 15.48233 -39.77394
-14.091492 15.977478 -39.62593
-13.639832 15.843201 -39.55307
-13.176346 16.042328 -39.99977
-12.2612 16.145325 -39.889908
-11.66687 15.680695 -40.226746
-10.948563 15.517044 -40.674973
-10.9565735 15.256882 -40.786743
-10.9478 15.516663 -40.97252
-10.367203 15.831757 -41.122055
-10.1688385 16.09726 -41.233826
-9.318161 16.569519 -41.23497
-8.328629 16.6008 -41.163254
-8.328629 16.6008 -41.163254
-8.096313 16.75682 -40.940475
-7.2891235 17.041779 -40.94162
-6.607437 16.913986 -41.352463
-5.990982 17.154694 -41.947937
-5.2589417 17.436981 -42.209244
-5.2589417 17.436981 -42.209244
-5.0662994 17.517471 -42.210007
-4.945755 17.744064 -42.061615
-4.5661926 17.756653 -41.579437
-3.9897919 17.959976 -41.506577
-3.4614563 17.827225 -41.69388
-2.7488708 17.515182 -41.88156
-2.6741028 17.442322 -42.364883
-2.609253 17.07306 -42.62581
-2.663803 17.739105 -42.69867
-2.4326324 17.858505 -42.290497
-2.0557404 17.759705 -42.105865
-1.7082214 17.918777 -42.328644
-1.3053894 17.449951 -42.181778
-1.2378693 17.154312 -42.590714
-1.1936188 17.378616 -42.44194
-1.3473511 17.337036 -42.219543
-1.1283875 17.046356 -42.36908
-0.8087158 17.53807 -42.518234
-0.31394958 17.515182 -43.039703
0.08354187 18.04657 -43.225098
0.22315979 18.867874 -43.001556
0.1625061 19.311142 -43.186188
0.15945435 19.237518 -42.814636
0.45661926 19.023895 -42.852783
0.7488251 18.661499 -42.816925
0.91362 17.925262 -42.41028
0.65193176 18.065262 -42.409515
0.45394897 17.799377 -42.595673
-0.2658844 17.850876 -42.853546
-0.3227234 18.442917 -42.8524
-0.5065918 18.62297 -42.926025
-0.54626465 18.584442 -42.889023
0.1121521 18.976593 -42.630005
-0.090789795 18.637466 -41.960907
-0.061798096 18.340683 -42.22145
-0.21057129 18.447495 -42.183304
-0.4459381 18.217468 -42.220306
-0.29067993 18.257904 -42.8524
-0.25558472 18.22319 -42.332077
0.019454956 18.491364 -42.406845
0.27770996 18.239212 -42.593384
0.5809784 18.211746 -42.63115
1.0387421 18.225098 -43.003845
1.0974884 17.67006 -43.15338
1.1005402 17.743683 -43.524933
1.2088776 17.561722 -43.5997
1.4720917 17.458344 -43.78662
1.7066956 17.689133 -43.452072
1.8295288 17.95311 -43.340683
1.4579773 18.201065 -43.525696
0.9284973 18.296432 -43.4124
0.7827759 18.514633 -43.114853
0.62713623 18.398285 -43.188858
0.9349823 18.556595 -42.7063
0.9349823 18.556595 -42.7063
1.6613007 18.652725 -43.00537
1.9634247 18.587494 -43.229294
2.3986816 17.971039 -42.86003
2.7633667 17.46254 -43.23349
2.5669098 17.271042 -43.1221
2.293396 17.002106 -43.49327
2.293396 17.002106 -43.49327
2.3906708 17.635345 -43.86406
2.602005 18.309784 -43.67752
2.9937744 18.693161 -43.491745
3.263092 18.813324 -43.30635
3.1715393 18.36586 -42.93518
3.1223297 17.992783 -43.344116
2.8816223 17.577362 -43.60466
3.0269623 17.359543 -43.754196
3.3332825 17.4057 -43.977737
3.1658173 16.918564 -43.941498
3.2028198 16.882324 -43.86711
3.3985138 17.074203 -43.49594
2.9319763 16.724777 -43.941498
3.0830383 16.69197 -44.05327
3.422165 16.5905 -44.389343
3.4908295 16.331863 -44.947052
3.8433075 16.63971 -45.095444
3.932953 17.050552 -45.095062
4.010391 17.12799 -44.72313
4.11911 16.945648 -44.79866
4.3117523 17.026138 -44.725418
4.468155 15.992355 -44.65332
4.4620514 15.731049 -45.397186
4.4620514 15.731049 -45.397186
4.5440674 15.919113 -45.396805
4.6108246 15.662003 -45.025635
4.8671722 16.52298 -45.35904
4.896927 16.302109 -44.839096
5.078125 16.048431 -44.76509
5.376053 15.834427 -45.0634
5.212784 15.495682 -44.803238
5.632019 15.546036 -44.69261
5.923462 15.1474 -44.434357
6.1100006 15.080261 -43.87741
5.98526 14.779663 -43.655396
5.82428 14.477539 -43.878555
5.7876587 14.512634 -44.138336
5.7445526 14.286423 -44.956207
6.659317 14.31427 -45.330048
7.095337 13.7348175 -44.848633
7.1258545 13.513947 -44.700623
7.4279785 13.487244 -44.25583
7.6076508 13.196945 -43.922043
7.7396393 13.71994 -44.293594
7.9380035 13.985825 -44.182205
7.86705 14.170074 -43.92166
8.205414 14.069748 -43.699265
8.205414 14.069748 -43.699265
8.473587 14.152145 -43.62564
9.130478 14.431381 -44.29512
9.402084 14.587784 -44.480896
9.402084 14.587784 -44.480896
8.732605 15.011215 -44.99893
8.578873 14.9700165 -44.85016
8.398819 15.335846 -44.29245
8.847427 15.089798 -44.47975
9.867859 14.936447 -44.148636
10.321808 14.876175 -44.075394
10.7170105 14.146805 -44.114304
10.694885 13.47847 -43.818283
10.656738 13.515091 -43.297195
10.838699 13.261795 -43.186188
10.966873 12.561798 -42.63115
10.9752655 12.821579 -42.742157
11.30867 12.535477 -42.892838
11.607742 12.39624 -42.930984
11.506653 12.801361 -42.892456
11.704636 13.068008 -42.521286
11.125565 12.7895355 -42.631912
11.125565 12.7895355 -42.557907
10.781479 12.741852 -42.51976
10.582733 12.475967 -42.593384
10.29892 13.097763 -42.62848
9.812927 13.380051 -42.292404
10.728455 13.4830475 -42.36946
11.240768 12.906265 -41.926575
11.428452 11.65123 -41.78047
11.148834 11.234665 -41.706467
10.403061 10.506439 -41.519547
10.029602 10.680008 -41.74118
10.349274 11.172485 -41.703796
10.798645 10.926437 -41.965485
10.617065 11.180496 -41.96434
10.499573 11.102676 -41.778183
10.536575 11.066055 -41.927338
10.155487 11.054611 -41.740036
10.119629 11.127853 -41.591644
9.543228 10.886765 -41.92505
8.96492 10.646439 -41.66336
8.846664 10.493469 -41.812134
8.5186 9.740448 -42.072678
8.5186 9.740448 -42.072678
9.010696 9.719467 -41.479874
8.969116 9.607315 -41.44287
9.029007 9.089661 -41.62979
9.5954895 8.959198 -41.6687
9.588623 8.698273 -42.22641
9.568024 8.066559 -42.15355
9.498596 8.324814 -41.59584
8.682251 8.967209 -41.555405
8.514023 8.480072 -41.4814
8.917236 9.160233 -41.889954
9.142303 9.05571 -41.92772
9.697342 8.591461 -41.59546
10.089111 8.97522 -41.22429
10.089111 8.97522 -41.22429
10.047531 8.937454 -40.704346
9.820557 8.96759 -40.852356
9.977341 9.082794 -41.26129
9.534073 9.476471 -41.44478
9.495926 9.437561 -41.666794
9.622192 9.812927 -41.703033
9.193802 9.502792 -41.553497
9.365082 8.914566 -41.555023
9.199905 8.501816 -41.630173
9.2868805 7.6503754 -41.74385
9.2868805 7.6503754 -41.74385
9.592056 7.6976776 -41.70761
9.480667 7.768631 -41.819
9.433746 7.4703217 -41.93077
9.088135 7.3482513 -42.04178
8.987427 6.565094 -42.22908
8.944321 6.4525604 -41.894913
9.057999 6.4559937 -41.709137
9.405899 6.652069 -41.59813
9.867859 6.852722 -41.33873
10.3580475 6.719589 -41.37726
10.212326 6.93779 -41.265488
10.025024 7.0438385 -41.07895
9.58252 7.4748993 -41.07704
9.521866 7.918167 -41.373444
9.931183 7.6343536 -41.412354
10.637665 7.1372986 -41.48941
11.260223 6.377411 -41.678238
11.4982605 5.5316925 -41.38336
11.433029 4.6756744 -41.532898
10.866165 4.7691345 -41.493988
10.454178 4.978943 -41.34369
10.218048 4.749298 -41.120148
10.702133 5.65567 -40.636826
11.37085 5.194092 -40.491104
12.117767 4.809952 -40.159607
12.117767 4.809952 -40.159607
12.769699 4.9785614 -40.272522
12.84523 3.794098 -40.12642
13.187408 3.805542 -39.86664
13.148117 3.7677765 -39.717865
13.434601 3.2203674 -39.756775
14.011765 3.4233093 -39.943695
14.826584 2.7812958 -39.83574
15.674973 1.9908905 -39.727783
16.253662 1.1192322 -39.21051
16.764832 0.5432129 -38.2843
16.896439 -0.045394897 -37.542343
17.01088 -0.0034332275 -37.208176
17.309189 -0.14152527 -36.688995
17.647552 -0.2418518 -36.503983
17.648315 -0.24223328 -36.875916
17.97409 -0.7129669 -36.28273
17.97409 -0.7129669 -36.28273
17.807388 -1.1631012 -35.985565
17.629623 -1.9477844 -35.912704
17.901993 -2.8282166 -34.725952
18.4124 -3.4801483 -34.357452
18.793869 -3.4690857 -34.73015
19.321823 -3.6003113 -34.545135
19.483566 -3.3355713 -34.916687
19.585419 -3.7029266 -34.80568
19.948578 -4.135132 -33.87947
20.065308 -4.0195465 -33.39653
19.869232 -4.1736603 -33.13675
19.869232 -4.1736603 -33.13675
20.10727 -5.018997 -32.841873
19.900513 -5.545044 -32.842255
19.70253 -6.9992065 -33.179092
19.80362 -7.4043274 -33.21762
19.372559 -7.826233 -33.291626
19.337463 -7.715225 -32.956314
19.79065 -7.774353 -32.474136
19.66896 -8.000565 -32.32498
19.85588 -8.068848 -32.139587
20.103836 -8.655548 -32.401657
19.831085 -8.849335 -32.32689
19.831085 -8.849335 -32.32689
19.379044 -8.752441 -32.62291
19.389725 -8.417511 -32.510757
19.055557 -8.167648 -32.323837
19.148636 -7.6454163 -32.397842
19.609833 -7.48291 -32.398605
19.836807 -7.512665 -32.362747
20.048523 -7.987976 -32.141113
20.122147 -8.021927 -31.658173
20.07637 -8.245087 -31.324005
20.288849 -8.721161 -31.287766
20.102692 -8.654022 -32.030487
19.912338 -8.735657 -32.958984
20.142746 -8.654404 -32.99637
19.28978 -8.013535 -33.2901
19.256973 -7.866287 -33.32672
19.4767 -8.081055 -32.69615
19.516754 -8.042908 -32.845688
20.14618 -8.54187 -32.40242
20.14618 -8.54187 -32.40242
20.178604 -8.688736 -32.17964
19.808578 -8.4423065 -33.032608
19.612885 -8.634567 -33.292007
20.06836 -8.695602 -33.664703
20.305634 -8.390808 -33.330536
20.684052 -8.377075 -32.403183
20.68901 -8.1905365 -31.956863
20.580673 -7.9704285 -31.770706
20.872498 -8.332443 -31.734848
21.091843 -8.623123 -32.06978
21.31958 -8.653641 -32.479095
20.78247 -8.819199 -32.36618
20.669937 -8.785629 -32.328796
21.006012 -8.960342 -32.144165
20.964813 -9.03511 -31.735611
21.349716 -8.87413 -31.661987
21.355057 -8.687973 -31.290054
20.66536 -8.819962 -30.842972
21.181488 -9.286118 -30.47371
21.321869 -9.615326 -30.103302
21.315765 -9.801102 -30.103683
21.538162 -10.0177765 -30.550385
20.96634 -10.109711 -30.883408
20.96634 -10.109711 -30.883408
20.418549 -10.647202 -31.328583
20.101929 -11.066055 -31.77452
19.98291 -11.21788 -31.62613
20.280838 -11.394882 -31.478882
20.302582 -11.875916 -31.182861
20.302582 -11.875916 -31.182861
20.029068 -12.068939 -30.736542
19.643402 -12.229538 -30.735779
19.096375 -12.691116 -30.623627
19.29779 -12.313461 -30.511856
19.667816 -12.635803 -30.587769
19.812775 -12.853241 -30.551147
20.196533 -12.730026 -30.514145
19.891739 -12.776947 -30.736542
19.659042 -12.932587 -30.810547
19.628525 -12.711334 -30.921555
19.588852 -12.7491 -30.773163
19.470596 -12.863922 -30.587006
19.552612 -12.676239 -30.661392
19.619751 -12.933731 -30.401611
19.332504 -12.461472 -31.106186
19.682312 -12.227631 -31.180954
19.591904 -11.487961 -31.030655
19.866562 -11.219406 -31.031036
20.266342 -11.7630005 -30.438614
20.248413 -12.282181 -29.882431
20.488358 -13.053131 -29.4384
20.706177 -13.380432 -29.588318
20.598602 -13.198853 -30.145264
20.420074 -12.8715515 -30.589676
20.24002 -12.618637 -31.331635
19.979095 -12.440872 -31.145096
19.861221 -12.517929 -30.550003
20.125198 -12.583542 -30.551147
20.541 -12.644577 -30.329514
20.68367 -12.937164 -30.181885
20.755005 -13.083267 -30.256653
20.827484 -13.154602 -29.885101
20.907593 -12.965393 -29.40178
21.334839 -12.692642 -29.587936
21.862411 -12.862015 -29.701233
22.086334 -13.0039215 -29.851532
22.183609 -13.52005 -29.667282
22.183609 -13.52005 -29.667282
21.90628 -13.861847 -29.555511
21.675491 -13.905716 -29.220963
21.673203 -13.980103 -29.220963
21.596909 -14.020538 -29.555511
21.14029 -13.959885 -28.736877
21.259308 -13.769531 -28.179169
21.535492 -13.42659 -27.881622
21.824646 -12.71286 -27.955246
22.42279 -11.91597 -28.772736
22.552872 -11.467743 -29.366684
22.790909 -11.162949 -29.329681
23.118973 -11.559296 -28.736877
23.483276 -12.029648 -28.44162
23.806381 -12.575531 -28.034973
23.991013 -12.718201 -27.84996
23.65532 -12.506485 -27.8862
23.879242 -12.611008 -27.812576
23.765945 -12.615204 -28.258133
23.465729 -12.513351 -28.294373
23.27118 -12.667847 -28.442001
23.162842 -12.485123 -28.21846
23.28415 -12.220383 -27.586365
23.28415 -12.220383 -27.586365
23.547363 -12.285614 -27.401352
24.152374 -12.339783 -26.845932
23.876953 -12.607574 -26.585388
24.407578 -12.665176 -26.586914
24.362564 -12.889099 -26.550293
24.131012 -13.008499 -26.77269
24.123001 -13.2686615 -26.959229
23.392487 -13.476181 -26.400375
23.221588 -14.038467 -26.363373
23.039627 -13.784027 -26.177216
23.15712 -13.631439 -25.731277
23.693085 -13.503647 -25.806808
23.893356 -13.162231 -25.323868
24.18518 -13.523865 -25.139236
24.557114 -13.771439 -24.954605
24.247742 -13.928986 -24.842834
24.20311 -14.153671 -25.103378
24.123383 -14.267349 -24.991608
24.023819 -13.825607 -25.17662
24.023819 -13.825607 -25.17662
23.912048 -13.755035 -25.064468
24.031448 -13.60321 -25.176239
24.495316 -13.328171 -24.991608
24.786377 -13.764954 -25.290298
24.937057 -13.796997 -25.254059
