66
84
109
124
143
163
182
201
221
240
259
279
298
317
337
356
375
395
414
433
453
473
492
511
530
549
569
588
608
627
646
665
685
706
724
743
762
782
801
821
842
860
879
898
918
937
956
976
995
1014
1033
1058
1076
1091
1111
1130
1150
1178
1190
1208
1228
1247
1265
1289
1304
1329
1347
1364
1384
1404
1426
1445
1465
1484
1505
1524
1547
1569
1587
1604
1624
1644
1664
1684
1724
1744
1764
1785
1804
1824
1844
1864
1884
1904
1924
1944
1962
1981
2001
2020
2040
2064
2082
2097
2118
2137
2156
2175
2195
2217
2234
2254
2272
2293
2312
2331
2351
2370
2396
2407
2428
2447
2469
2487
2504
2523
2543
2566
2584
2602
2621
2640
2659
2680
2697
2717
2736
2755
2775
2795
2814
2833
2852
2871
2891
2910
2932
2950
2969
2988
3006
3026
3049
3068
3088
3105
3124
3143
3163
3183
3203
3223
3243
3265
3285
3304
3325
3343
3366
3385
3405
3423
3443
3463
3484
3508
3523
3543
3563
3585
3603
3623
3643
3663
3683
3703
3723
3742
3763
3782
3800
3823
3839
3858
3877
3897
3916
3936
3955
3974
3994
4013
4033
4052
4072
4091
4110
4129
4149
4170
4187
4209
4226
4245
4264
4287
4305
4324
4342
4362
4382
4405
4420
4439
4458
4477
4503
4516
4540
4556
4574
4593
4618
4632
4653
4671
4692
4709
4729
4748
4767
4787
4806
4825
4845
4864
4884
4903
4923
4942
4963
4983
5005
5023
5043
5063
5082
5103
5122
5142
5163
5182
5204
5224
5244
5262
5282
5302
5326
5342
5363
5382
5403
5424
5443
5462
5482
5502
5524
5541
5560
5580
5599
5623
5639
5658
5677
5698
5715
5735
5756
5775
5794
5812
5831
5851
5870
5889
5909
5929
5948
5968
5987
6007
6025
6044
6066
6083
6102
6125
6143
6161
6181
6199
6219
6238
6261
6278
6297
6315
6335
6354
6377
6394
6412
6431
6451
6470
6489
6513
6531
6548
6567
6586
6605
6625
6644
6663
6683
6702
6721
6743
6763
6781
6801
6821
6844
6862
6881
6902
6921
6944
6964
6983
7002
7022
7042
7063
7083
7102
7121
7141
7162
7181
7201
7222
7242
7263
7282
7302
7322
7341
7364
7382
7399
7418
7438
7457
7477
7499
7517
7535
7554
7573
7592
7612
7631
7650
7669
7689
7709
7729
7747
7767
7787
7805
7824
7843
7863
7882
7901
7921
7942
7962
7981
7998
8018
8037
8057
8078
8100
8116
8134
8154
8173
8193
8211
8231
8252
8272
8289
8308
8327
8352
8368
8387
8404
8424
8443
8463
8484
8504
8522
8540
8560
8583
8601
8620
8641
8660
8683
8701
8720
8740
8760
8781
8802
8820
8840
8860
8880
8903
8922
8940
8961
8981
9008
9022
9041
9067
9081
9100
9120
9140
9159
9179
9199
9218
9237
9256
9275
9296
9314
9334
9353
9373
9392
9411
9431
9450
9472
9489
9516
9528
9547
9565
9585
9604
9625
9642
9663
9681
9701
9720
9740
9760
9779
9798
9818
9836
9857
9875
9894
9913
9933
9952
9972
9991
10010
10030
10050
10096
10099
10109
10126
10146
10165
10191
10204
10226
10247
10262
10281
10300
10322
10341
10363
10379
10399
10421
10439
10459
10479
10499
10519
10540
10559
10579
10599
10619
10639
10659
10679
10699
10720
10739
10759
10779
10799
10819
10840
10859
10879
10899
10919
10941
10959
10982
10998
11016
11036
11056
11078
11095
11114
11132
11151
11171
11199
11211
11230
11248
11268
11287
11308
11326
11346
11364
11384
11403
11427
11445
11464
11480
11500
11519
11539
11558
11577
11597
11616
11636
11655
11674
11696
11713
11732
11751
11771
11791
11813
11829
11849
11868
11887
11907
11926
11947
11966
11984
12003
12023
12044
12064
12081
12100
12119
12138
12161
12179
12198
12218
12238
12259
12280
12300
12318
12338
12358
12378
12398
12424
12438
12458
12478
12499
12518
12538
12558
12579
12599
12618
12638
12658
12679
12701
12718
12738
12757
12778
12796
12816
12835
12854
12874
12893
12914
12932
12951
12971
12990
13009
13029
13051
13068
13088
13106
13125
13145
13165
13185
13203
13222
13244
13262
13281
13299
13319
13338
13358
13377
13397
13416
13440
13455
13474
13492
13512
13535
13551
13570
13589
13609
13628
13650
13668
13692
13706
13725
13744
13766
13785
13804
13822
13842
13861
13880
13901
13918
13939
13958
13977
14000
14023
14038
14057
14078
14097
14117
14137
14157
14177
14197
14217
14237
14258
14277
14301
14322
14337
14357
14377
14397
14417
14437
14457
14477
14497
14519
14543
14557
14576
14595
14615
14635
14660
14674
14693
14712
14731
14753
14773
14790
14809
14828
14847
14868
14888
14907
14926
14944
14963
14983
15004
15025
15041
15060
15079
15098
15119
15138
15157
15176
15195
15215
15237
15255
15274
15292
15312
15332
15350
15374
15389
15409
15427
15447
15466
15487
15509
15526
15545
15563
15582
15602
15623
15644
15664
15679
15698
15718
15738
15762
15776
15796
15816
15836
15857
15876
15896
15916
15940
15958
15977
15997
16017
16036
16056
16076
16096
16116
16136
16158
16177
16196
16216
16236
16259
16276
16296
16316
16337
16356
16375
16395
16415
16434
16453
16474
16493
16512
16531
16549
16569
16589
16609
16627
16650
16668
16685
16704
16724
16743
16762
16781
16801
16821
16841
16862
16882
16898
16917
16936
16956
16977
16994
17014
17033
17053
17072
17094
17112
17132
17150
17169
17188
17208
17227
17247
17265
17285
17304
17324
17343
17363
17381
17401
17420
17439
17460
17478
17498
17518
17536
17555
17576
17597
17615
17635
17655
17678
17699
17715
17735
17755
17775
17797
17815
17835
17855
17874
17896
17915
17935
17957
17975
18000
18016
18035
18056
18075
18100
18115
18136
18161
18175
18197
18214
18233
18252
18271
18291
18310
18334
18349
18368
18387
18407
18426
18445
18465
18485
18504
18524
18544
18562
18581
18601
18620
18639
18658
18678
18697
18716
18736
18755
18775
18794
18814
18833
18852
18873
18891
18912
18930
18948
18968
18987
19007
19028
19048
19066
19084
19105
19123
19142
19161
19183
19201
19220
19238
19258
19277
19296
19316
19336
19354
19374
19394
19414
19434
19455
19475
19495
19515
19538
19554
19574
19594
19614
19636
19654
19675
19694
19714
19735
19754
19774
19794
19814
19835
19854
19874
19894
19914
19937
19954
19975
19993
20012
20033
20052
20072
20090
20111
20128
20148
20170
20189
20206
20226
20245
20264
20283
20304
20322
20342
20361
20380
20399
20421
20438
20457
20477
20497
20515
20538
20556
20576
20593
20614
20632
20651
20674
20690
20710
20728
20747
20767
20789
20806
20825
20844
20864
20883
20904
20924
20942
20960
20979
20999
21019
21038
21057
21077
21096
21115
21134
21156
21174
21193
21214
21233
21253
21273
21293
21313
21334
21353
21373
21394
21415
21433
21453
21474
21493
21513
21533
21553
21576
21594
21613
21633
21653
21674
21693
21713
21733
21753
21774
21794
21812
21832
21851
21870
21893
21910
21928
21948
21966
21986
22008
22027
22044
22063
22083
22102
22121
22143
22160
22179
22199
22218
22247
22261
22277
22295
22314
22334
22353
22374
22393
22412
22431
22450
22469
22489
22511
22529
22547
22566
22585
22605
22625
22644
22663
22683
22702
22722
22743
22763
22779
22801
22818
22838
22857
22878
22895
22915
22934
22954
22974
22997
23014
23032
23052
23072
23095
23114
23134
23152
23172
23193
23213
23232
23252
23272
23292
23312
23332
23352
23372
23392
23414
23434
23452
23472
23492
23513
23532
23555
23572
23592
23612
23631
23650
23669
23688
23707
23727
23751
23769
23787
23805
23824
23843
23864
23882
23901
23922
23940
23960
23979
23999
24018
24037
24056
24076
24095
24116
24134
24152
24173
24193
24212
24233
24249
24272
24290
24308
24327
24347
24367
24385
24404
24424
24443
24462
24483
24501
24520
24540
24561
24578
24599
24617
24636
24656
24675
24694
24713
24733
24752
24773
24792
24811
24831
24852
24871
24891
24912
24931
24953
24972
24991
25012
25031
25053
25072
25092
25112
25131
25153
25173
25191
25212
25233
25253
25271
25291
25312
25332
25354
25373
25398
25411
25430
25449
25469
25487
25507
25526
25546
25565
25585
25603
25625
25644
25662
25682
25700
25721
25739
25758
25779
25797
25816
25836
25855
25875
25895
25933
25954
25974
25992
26011
26029
26049
26069
26090
26108
26127
26146
26166
26185
26209
26224
26243
26262
26282
26302
26323
26339
26358
26378
26398
26416
26436
26456
26475
26495
26513
26532
26551
26573
26591
26610
26630
26650
26671
26690
26711
26730
26750
26770
26791
26812
26831
26852
26870
26891
26910
26930
26950
26970
26991
27014
27031
27050
27070
27092
27110
27131
27151
27171
27192
27212
27229
27248
27268
27287
27311
27328
27345
27364
27422
27442
27462
27481
27500
27520
27539
27558
27577
27596
27616
27635
27654
27675
27752
27770
27790
27809
27828
27850
27870
27887
27909
27932
27945
27966
27983
28005
28022
28042
28063
28081
28104
28120
28138
28157
28178
28196
28216
28235
28254
28274
28297
28313
28332
28351
28370
28389
28412
28429
28449
28469
28489
28509
28529
28549
28569
28589
28609
28629
28649
28669
28689
28709
28732
28749
28769
28789
28809
28829
28849
28869
28889
28909
28929
28951
28969
28989
29009
29029
29050
29068
29086
29115
29125
29144
29166
29184
29203
29222
29241
29261
29282
29300
29318
29337
29357
29376
29395
29415
29434
29454
29473
29492
29511
29532
29550
29569
29589
29608
29628
29650
29667
29686
29705
29725
29744
29763
29784
29803
29821
29842
29861
29879
29899
29918
29937
29957
29976
29995
30016
30036
30055
30073
30092
30112
30131
30151
30170
30189
30209
30241
30255
30269
30288
30308
30330
30348
30370
30388
30408
30428
30450
30469
30488
30509
30528
30548
30569
30590
30608
30628
30648
30668
30688
30709
30728
30748
30771
30789
30808
30827
30847
30866
30887
30907
30924
30943
30963
30982
31005
31022
31041
31061
31080
31098
31118
31138
31156
31176
31195
31215
31233
31254
31273
31292
31311
31331
31354
31373
31388
31408
31427
31446
31466
31485
31506
31524
31543
31565
31582
31601
31621
31640
31662
31679
31697
31717
31736
31757
31775
31794
31814
31833
31852
31879
31892
31912
31930
31949
31968
31989
32009
32028
32047
32067
32093
32112
32128
32148
32167
32187
32210
32227
32247
32267
32287
32307
32327
32349
32367
32390
32407
32427
32447
32470
32487
32508
32527
32547
32567
32587
32608
32628
32646
32665
32684
32704
32724
32744
32762
32781
32801
32820
32840
32860
32881
32898
32918
32936
32955
32975
32995
33014
33033
33052
33071
33092
33111
33129
33149
33168
33188
33209
33227
33245
33265
33285
33304
33323
33344
33362
33381
33400
33420
33440
33458
33478
33497
33516
33536
33555
33576
33594
33613
33634
33651
33671
33690
