-175.9674 -120.25452 68.75
-174.9237 -120.814514 69.78607
-174.92523 -120.81299 70.529175
-175.95673 -119.80591 70.236206
-175.65155 -119.79675 70.23468
-175.02747 -119.332886 69.64111
-176.0025 -121.292114 69.49158
-178.45612 -121.81244 71.1319
-178.43018 -121.07086 70.388794
-177.18811 -120.29114 69.7937
-177.20032 -120.58563 71.27838
-177.63672 -120.007324 70.388794
-176.60828 -121.01135 72.31598
-176.86615 -119.68536 70.8313
-177.33612 -119.99512 71.875
-177.33612 -119.99512 71.875
-177.33612 -119.99512 71.875
-177.33612 -119.99512 71.875
-174.90845 -120.52002 67.55676
-175.05951 -120.37506 68.89343
-175.05951 -120.37506 68.89343
-175.49133 -119.64722 68.896484
-177.48871 -120.30029 69.0506
-175.32806 -119.19403 69.79065
-175.0473 -119.92798 69.34204
-176.33057 -122.04437 70.085144
-177.1637 -119.54956 69.7937
-176.42822 -120.2652 70.53528
-175.51727 -120.388794 69.63959
-174.72534 -119.625854 67.11273
-174.76196 -120.66193 68.151855
-176.42517 -120.26672 69.496155
-174.93896 -121.25702 70.2301
-175.5249 -120.68634 68.89496
-175.33722 -119.4931 69.78912
-175.83008 -120.695496 68.896484
-175.53864 -120.980835 70.381165
-175.67596 -120.539856 70.5307
-174.50714 -121.987915 70.37659
-175.06409 -120.37201 70.37964
-175.56 -121.725464 69.63806
-176.4267 -120.26672 69.792175
-176.74103 -120.573425 70.53375
-175.40283 -121.57135 69.49005
-175.50659 -119.94171 70.38269
-173.98376 -119.89441 70.08362
-174.28131 -119.755554 69.78607
-176.40991 -119.82269 68.751526
-176.89056 -120.42999 70.38422
-174.90997 -120.51849 68.299866
-175.93689 -119.21234 69.792175
-175.93689 -119.21234 69.792175
-174.60022 -120.20874 70.233154
-175.5539 -121.424866 70.825195
-175.55542 -121.424866 71.12427
-173.97308 -119.59686 70.08362
-175.5539 -121.424866 70.825195
-175.9903 -120.84656 70.53223
-174.45221 -120.355225 69.33899
-174.87946 -119.477844 69.49158
-174.94202 -121.25549 70.97473
-174.80774 -121.9986 69.636536
-176.8631 -119.688416 69.644165
-174.76501 -120.6604 69.340515
-175.9552 -119.807434 69.49463
-175.98724 -120.84808 69.4931
-174.74213 -119.91882 69.63959
-176.67236 -118.49518 69.49921
-176.59149 -120.71838 69.64264
-175.81482 -119.947815 71.87195
-176.47247 -121.60034 71.27533
-176.8753 -119.984436 70.08972
-176.00708 -121.28906 70.97778
-175.6546 -119.79523 71.27533
-176.57166 -119.973755 70.8313
-175.66986 -120.23926 71.72089
-176.2909 -120.70465 71.12732
-177.2995 -118.95599 70.83435
-175.34943 -119.7876 70.53223
-175.50659 -119.94171 70.38269
-174.58954 -119.76166 71.2738
-174.8825 -119.47632 70.5307
-175.943 -119.51141 69.04755
-175.46692 -118.60199 71.5744
-174.60938 -120.50781 69.78607
-174.54987 -118.72406 69.04602
-176.39313 -119.226074 69.7937
-173.79608 -118.69812 70.97626
-173.80676 -119.1452 70.23163
-174.56818 -119.16809 70.53223
-173.50616 -119.436646 68.29834
-173.50922 -119.43512 69.488525
-174.55292 -118.722534 70.23468
-173.05603 -119.41986 70.52612
-174.263 -119.158936 70.5307
-174.57733 -119.46716 70.5307
-173.69385 -120.32776 70.82214
-173.80981 -119.14368 71.27228
-174.54071 -118.42804 69.04755
-174.01733 -120.93353 70.37811
-172.46857 -120.14313 69.48547
-173.03162 -118.67523 70.2301
-173.81897 -119.44275 71.27075
-173.54279 -120.47424 69.487
-173.33679 -118.836975 68.151855
-174.5758 -119.46716 70.233154
-172.74017 -119.11316 69.784546
-174.71771 -119.32678 67.41028
-173.33069 -118.5379 69.340515
-172.7478 -119.41223 69.487
-173.04382 -119.122314 69.488525
-172.60437 -119.55261 70.82062
-172.60437 -119.55261 70.82062
-173.62366 -118.24951 69.63959
-176.21765 -118.325806 72.31903
-175.61798 -118.75763 69.79065
-174.87488 -119.17572 70.97931
-175.36163 -120.233154 70.23468
-174.22638 -118.12134 69.4931
-173.8205 -119.44122 71.71631
-174.86115 -118.73016 71.27533
-172.69592 -117.62543 70.97626
-174.8352 -118.141174 68.75
-173.90442 -117.52014 68.89801
-173.88153 -116.77399 69.34509
-172.56012 -118.21594 70.08209
-175.39978 -116.822815 68.159485
-173.89526 -117.222595 68.60199
-172.81647 -116.74042 69.63959
-174.81232 -117.39807 69.04907
-174.21112 -117.67578 69.04602
-173.64655 -118.84308 70.37964
-173.98529 -119.89441 70.37964
-173.5321 -120.1767 69.04144
-175.93689 -119.21234 69.792175
-175.60883 -118.46008 70.23773
-176.41296 -119.82117 69.792175
-175.36469 -120.23163 71.27533
-175.97046 -120.251465 70.236206
-174.60175 -120.20874 70.5307
-174.74365 -119.9173 70.085144
-175.49438 -119.644165 70.08667
-176.7395 -120.573425 70.236206
-176.7395 -120.573425 70.236206
-175.33417 -119.4931 69.04602
-175.5722 -122.021484 70.37964
-177.49023 -120.30029 69.49768
-176.4389 -120.56122 70.980835
-176.45111 -120.85724 72.465515
-176.78223 -121.91162 70.23468
-176.29852 -121.0022 70.82825
-176.81122 -122.65015 72.01691
-176.7868 -121.90857 72.01843
-175.71106 -121.57745 71.27228
-174.97559 -122.29767 71.269226
-175.41809 -121.865845 72.01538
-174.96033 -121.85211 70.97473
-175.54321 -120.97626 72.612
-175.54321 -120.97626 72.612
-175.54321 -120.97626 72.612
-174.62158 -120.80231 71.27228
-175.07782 -120.66345 72.61047
-178.12195 -121.06323 69.348145
-176.28326 -120.407104 71.87042
-175.67902 -120.536804 71.71936
-174.55597 -118.72101 71.27533
-176.88904 -120.42999 70.088196
-176.87683 -119.98291 70.8313
-175.8606 -121.43402 71.12579
-177.73895 -123.12317 71.87042
-176.92566 -121.46759 71.12732
-177.67029 -121.04492 71.1319
-177.45972 -119.25812 70.53833
-176.24664 -119.36798 70.8313
-177.16522 -119.548035 70.536804
-176.5564 -119.680786 68.899536
-179.11072 -118.72101 68.611145
-176.8692 -119.68536 71.57593
-178.03802 -118.38684 70.095825
-176.87683 -119.984436 70.38574
-177.50854 -120.895386 69.496155
-178.12347 -121.06171 70.09125
-177.59857 -118.96973 68.60809
-178.2196 -119.28406 69.79828
-176.59302 -120.71686 70.088196
-175.5951 -118.16559 68.751526
-175.60272 -118.46466 67.56287
-175.79956 -119.65332 70.088196
-177.14081 -118.80493 69.79523
-178.23944 -119.87915 69.79675
-178.95355 -118.56842 68.019104
-177.15302 -119.25049 69.49921
-175.00763 -118.58673 70.82825
-176.39008 -119.2276 68.75305
-175.02594 -119.33441 68.896484
-175.97961 -120.55054 69.78912
-174.57886 -119.46564 70.97778
-174.73145 -119.62128 69.63959
-175.58136 -117.718506 69.04907
-176.9043 -121.02661 68.60199
-176.73492 -120.57648 68.30444
-177.45361 -119.26117 68.30902
-177.79999 -120.61005 68.307495
-177.20337 -120.88623 69.04907
-177.20337 -120.88623 69.04907
-177.32544 -120.00275 67.86194
-176.62659 -121.75751 70.08667
-177.41241 -122.5235 70.08667
-176.81122 -122.9538 68.30139
-176.02081 -121.88873 69.49158
-176.32141 -121.746826 70.085144
-178.28827 -121.66443 67.266846
-176.63574 -122.05505 70.08667
-175.44708 -122.909546 69.784546
-174.41559 -123.913574 70.521545
-176.52893 -123.384094 70.97626
-175.7782 -123.96088 67.552185
-175.61493 -123.50922 68.59436
-177.4292 -123.11859 69.63959
-179.40521 -123.03162 70.23926
-178.47595 -122.55859 69.34662
-179.08478 -122.42584 70.98389
-178.52478 -123.89221 71.5744
-177.58179 -122.97058 72.01843
-177.77252 -124.165344 71.57135
-177.89764 -123.428345 70.97931
-176.9638 -122.80731 69.34204
-178.47595 -122.55859 69.644165
-176.79749 -122.3587 69.7876
-176.54572 -123.97919 70.2301
-176.81885 -122.94922 70.97778
-177.86255 -122.39227 69.79065
-178.45306 -121.813965 70.09125
-178.78265 -122.5647 70.8313
-179.67682 -122.00012 71.28296
-179.67682 -122.00012 71.28296
-177.41852 -122.52045 72.31445
-179.05884 -121.68274 70.53833
-178.49579 -123.150635 70.088196
-179.5105 -121.54999 70.39032
-176.68457 -123.53821 70.825195
-179.09546 -122.72034 71.725464
-179.07104 -121.97876 71.72699
-178.41492 -120.47577 71.57898
-180.27802 -121.87042 70.095825
-179.94537 -120.817566 71.87958
-179.13818 -119.46106 70.39337
-178.29132 -121.35925 71.725464
-178.13873 -121.50726 70.08972
-178.23944 -119.877625 70.24231
-179.1565 -120.05615 70.095825
-177.23541 -121.62323 71.72241
-177.79846 -120.30792 70.98541
-178.11584 -120.76416 70.38727
-177.38953 -121.780396 70.38422
-176.56708 -119.97833 68.603516
-177.19727 -120.588684 69.792175
-175.51727 -120.388794 69.34204
-177.47498 -119.85474 69.0506
-177.39105 -122.08252 67.85889
-175.71869 -121.87805 70.529175
-176.97601 -123.10181 70.825195
-177.6352 -120.007324 70.09277
-178.70483 -120.03937 71.580505
-180.04913 -119.33746 70.99304
-181.13556 -119.9646 71.73462
-180.88074 -121.440125 72.47467
-179.44641 -119.46716 71.88263
-177.33612 -119.99512 71.875
-180.05981 -119.63501 72.03064
-178.6972 -119.73877 73.06671
-180.31006 -117.86041 72.47925
-181.09741 -118.62488 73.52142
-179.59595 -119.32068 72.77374
-179.29993 -119.61212 72.02759
-178.99475 -119.60144 72.02759
-179.22516 -117.2348 72.47772
-180.01709 -118.296814 72.03369
-180.12695 -116.96167 72.63031
-179.26483 -118.574524 70.54443
-179.44336 -119.46869 70.840454
-178.98712 -119.30237 72.47467
-180.32532 -118.30444 72.776794
-178.46832 -117.51099 70.54443
-180.0293 -118.59436 72.47925
-178.97644 -118.85376 73.51532
-178.19061 -118.24036 71.73157
-178.53088 -119.28711 72.77069
-178.97491 -118.855286 72.77222
-178.9505 -118.26477 70.991516
-178.64227 -117.95349 73.81134
-178.33557 -117.94739 72.325134
-179.58374 -118.8736 73.516846
-179.54712 -117.837524 72.47772
-177.59247 -118.36548 74.10736
-179.10767 -118.418884 71.58508
-179.40063 -117.98096 72.328186
-179.40063 -117.98096 72.328186
-178.08838 -119.72046 73.065186
-178.08685 -119.72046 72.61963
-179.4281 -118.72101 73.81287
-179.88434 -118.73474 73.81287
-180.76477 -117.57355 75.45471
-180.45044 -117.41791 73.817444
-181.02417 -116.24603 74.713135
-180.78156 -118.3197 73.22388
-178.84369 -114.694214 73.52295
-178.84369 -114.694214 73.52295
-178.84369 -114.694214 73.52295
-178.96576 -118.559265 73.2193
-179.51813 -116.79382 73.96698
-179.80804 -116.35895 73.37341
-180.41382 -116.38031 72.33276
-179.90417 -114.730835 72.039795
-179.19464 -116.19263 72.776794
-178.97949 -114.25629 73.37494
-178.54767 -114.982605 73.817444
-179.74548 -114.57672 71.89026
-178.41034 -115.423584 73.965454
-178.52936 -114.538574 72.33124
-179.76227 -115.02228 72.63336
-178.3966 -115.130615 72.47925
-178.88947 -116.181946 72.776794
-181.2622 -114.175415 75.016785
-180.4306 -116.67175 75.3067
-178.56903 -115.57617 74.85809
-178.86505 -115.43884 72.77832
-177.64893 -115.400696 74.261475
-177.64893 -115.400696 74.261475
-180.24445 -115.77911 73.22693
-180.72815 -116.534424 74.26758
-180.73578 -116.83197 73.524475
-179.04358 -116.337585 72.32971
-177.40784 -117.474365 72.473145
-179.37012 -116.93878 73.37189
-177.32239 -119.39697 74.10431
-178.13416 -116.456604 71.73462
-177.6062 -118.96515 71.580505
-178.63922 -117.95502 72.62421
-177.60162 -118.66455 73.36426
-177.62451 -119.40613 73.80829
-177.62756 -119.4046 74.55292
-176.56555 -119.67316 72.61658
-177.34222 -119.992065 74.10278
-178.4195 -120.47119 73.80676
-178.7323 -120.77789 73.36273
-178.39813 -119.72656 74.850464
-178.52936 -119.288635 72.473145
-176.75018 -120.56732 73.95172
-178.70331 -119.73419 75.29602
-178.12805 -120.755005 75.29297
-179.216 -121.5332 74.84894
-178.80249 -122.854614 74.54834
-178.1723 -122.0932 76.034546
-180.56488 -120.8313 75.59509
-180.4657 -122.46094 75.44403
-180.01099 -122.59674 74.84894
-178.49884 -122.84546 74.84589
-177.25525 -121.9162 75.73395
-180.12848 -121.40961 75.74158
-180.59845 -121.87195 75.59357
-180.56793 -120.82977 76.78528
-181.75354 -120.13092 74.113464
-182.50732 -119.70215 77.23694
-183.26721 -119.72809 76.49689
-185.17761 -117.55829 77.54669
-183.81958 -117.811584 78.28674
-184.11407 -117.52319 78.28674
-183.92029 -116.33301 76.20697
-186.02142 -115.35797 77.99835
-185.92072 -117.137146 76.35956
-184.52454 -116.20178 77.09961
-184.53217 -116.500854 76.35803
-185.41718 -115.63721 76.51062
-185.84442 -114.75983 76.364136
-185.68878 -114.60724 76.512146
-186.232 -112.698364 74.88251
-185.36072 -113.85498 76.51367
-185.82153 -114.16931 74.58191
-185.48889 -113.11798 76.812744
-186.43646 -114.33563 75.47455
-185.7132 -115.35187 76.21307
-184.83582 -116.511536 75.61493
-185.42328 -115.937805 75.024414
-185.03876 -117.99927 77.24609
-186.3678 -116.856384 76.06506
-186.1206 -118.78204 73.98071
-186.81793 -116.72211 75.02594
-187.78076 -118.23425 76.36261
-187.78076 -118.23425 76.36261
-187.76398 -117.63916 77.10571
-186.70349 -117.90619 76.06506
-186.71265 -118.20221 76.06354
-185.75134 -116.69006 74.72534
-185.84137 -119.51294 74.720764
-188.22327 -117.95502 74.879456
-187.46796 -118.229675 73.83423
-186.12366 -118.78052 75.02136
-186.51581 -117.01355 73.24066
-186.96136 -116.581726 74.1333
-186.56616 -118.49823 73.98071
-187.75482 -117.64526 73.835754
-186.05042 -116.70227 72.795105
-185.76965 -117.437744 72.79205
-186.39374 -117.90161 73.091125
-186.95831 -116.58325 73.09418
-186.80878 -116.726685 71.75598
-184.68475 -116.960144 71.30432
-185.6369 -118.17627 71.899414
-186.97662 -117.17682 73.09265
-186.51276 -117.015076 72.052
-185.78491 -118.03436 71.30432
-184.87854 -118.151855 72.34192
-184.79004 -115.48004 71.15936
-184.95026 -115.6311 72.49603
-185.4599 -117.430115 71.30585
-186.34186 -116.56952 69.67468
-184.78851 -115.48157 70.414734
-185.85663 -115.51361 71.606445
-184.6817 -116.963196 69.818115
-184.6817 -116.963196 69.818115
-186.65009 -116.5741 71.90552
-187.41913 -116.89758 71.16394
-186.02295 -115.96222 71.75598
-188.42163 -114.8468 73.10181
-187.22229 -115.4068 71.75903
-186.60889 -115.2359 72.65167
-186.4029 -113.59863 71.75903
-185.98633 -114.92615 69.825745
-185.82458 -114.471436 72.34955
-186.47766 -115.97748 71.310425
-187.38403 -115.859985 70.42084
-185.82458 -114.46991 72.64862
-186.35406 -116.86401 70.86182
-187.35352 -114.816284 71.61255
-185.55908 -115.802 71.16089
-184.82208 -116.519165 70.858765
-186.35254 -116.563416 73.3902
-186.91406 -115.24811 72.3526
-184.80225 -115.77606 72.3465
-185.54382 -115.20538 72.34955
-185.58807 -116.84418 69.67316
-186.47919 -115.97595 71.75598
-186.0138 -115.66467 71.75598
-184.53522 -117.10358 70.85571
-185.36987 -114.60571 71.310425
-185.06775 -114.74457 70.86182
-185.51636 -114.463806 71.162415
-184.58557 -113.84125 71.01288
-186.2915 -114.78119 72.351074
-185.53925 -115.20691 70.86334
-185.65216 -113.87482 71.31195
-183.72803 -115.44495 72.343445
-185.04028 -113.70392 72.34955
-185.3714 -114.60419 72.05353
-186.25488 -113.74359 70.866394
-185.51483 -114.463806 70.86334
-184.56421 -113.24768 70.56732
-183.79211 -112.776184 71.01288
-185.65216 -113.87482 71.31195
-185.65216 -113.87482 71.31195
-185.65216 -113.87482 71.31195
-183.94318 -112.6297 73.09265
-185.50415 -114.167786 70.12329
-183.9859 -114.11743 71.15936
-185.38055 -114.90326 71.014404
-185.48889 -113.723755 69.38019
-182.92847 -114.382935 70.85724
-183.10547 -115.2832 69.07349
-183.2138 -113.64899 71.60339
-184.14154 -114.27307 70.26825
-183.87299 -115.30304 71.0083
-185.79712 -113.72986 70.86487
-183.71124 -115.15198 69.67163
-183.83484 -114.26544 69.52515
-183.7143 -115.15045 70.41321
-183.11768 -115.5777 70.262146
-183.69904 -114.70337 70.41321
-182.36847 -115.849304 71.00525
-183.53119 -114.25629 69.82117
-185.54077 -115.20691 71.162415
-185.54077 -115.20691 71.162415
-182.27844 -113.17749 69.52362
-182.16858 -114.35852 70.85419
-183.81805 -113.82141 68.33496
-183.08258 -114.538574 69.522095
-183.07648 -114.24103 70.562744
-183.84247 -114.56299 68.77899
-182.91931 -114.08539 70.858765
-183.58002 -115.8905 69.07501
-183.10852 -115.28168 70.262146
-182.90558 -113.64136 70.41321
-183.53882 -114.55231 69.52362
-184.66187 -116.36963 69.522095
-182.9834 -116.16821 69.36951
-181.58875 -115.38391 69.366455
-184.47876 -115.475464 68.63098
-182.96814 -115.72418 69.66858
-182.69348 -116.45203 71.15173
-182.68433 -116.45813 67.43469
-181.17676 -116.7038 70.10803
-182.20978 -115.69824 70.111084
-182.67517 -116.16058 67.43469
-182.87354 -117.65289 67.28516
-181.96716 -117.77191 68.17627
-182.86743 -117.35382 68.77136
-181.32935 -116.859436 68.32428
-182.19757 -115.40375 68.62488
-183.61664 -116.9281 70.262146
-182.40967 -117.33856 69.06891
-182.67822 -116.15906 68.9209
-183.17413 -117.36145 70.259094
-183.13904 -116.32233 69.07196
-183.13904 -116.32233 69.07196
-183.7738 -117.08069 70.11261
-182.1167 -117.62848 68.76984
-182.27844 -117.778015 70.40405
-182.74078 -118.089294 69.662476
-182.00378 -118.80951 69.36188
-181.26068 -119.53125 67.874146
-181.6864 -118.50433 68.618774
-183.37555 -118.85071 70.10803
-182.44476 -118.377686 69.514465
-183.96912 -118.42346 70.259094
-183.89282 -120.64667 71.59271
-182.15332 -118.66455 70.25452
-182.48291 -119.41376 70.999146
-182.92236 -118.984985 69.51294
-182.79419 -119.87457 68.17322
-181.86646 -119.40155 67.578125
-182.48444 -119.71741 68.32123
-180.97229 -119.81506 70.1004
-182.52869 -121.05255 69.062805
-181.43463 -119.97833 69.80438
-183.06885 -118.84308 69.36493
-181.31714 -121.162415 69.3573
-181.43158 -119.97986 68.76373
-180.88074 -121.74225 69.0567
-181.48193 -121.46301 69.80133
-181.42242 -119.68231 69.50836
-181.15845 -121.01135 68.315125
-181.26984 -119.8288 67.87262
-181.19507 -122.050476 69.503784
-181.28357 -120.12482 68.61572
-180.83801 -120.40558 69.05975
-180.99365 -120.56122 68.61267
-181.75507 -120.58411 69.3573
-182.8064 -120.17212 68.914795
-181.2622 -119.529724 68.17169
-180.36652 -119.94629 68.315125
-181.26373 -119.529724 68.61725
-181.28357 -120.12482 68.91174
-181.25 -119.08417 68.91327
-181.14014 -120.41626 68.31665
-180.36652 -119.947815 68.019104
-182.00378 -118.80951 69.36188
-183.04138 -118.1015 68.177795
-181.3919 -118.64014 70.25299
-181.1081 -119.37561 68.76373
-181.85577 -118.95447 68.766785
-181.99158 -118.51349 68.6203
-181.73828 -120.140076 68.170166
-182.48596 -119.71588 69.06433
-182.48596 -119.71588 69.06433
-182.14722 -118.66913 67.57965
-181.84662 -118.65692 69.06586
-182.75452 -118.53485 69.36493
-184.13239 -118.87665 68.91937
-183.3786 -118.84918 71.14868
-183.34808 -118.11066 68.62335
-182.91168 -118.688965 69.06738
-184.48029 -115.47394 69.67163
-184.61914 -114.88037 71.01135
-184.61914 -114.88037 71.01135
-183.71277 -115.15045 70.11719
-183.56323 -115.296936 69.522095
-182.75452 -113.786316 69.07501
-181.82678 -113.31329 69.670105
-181.00739 -111.50665 68.63098
-182.48749 -110.217285 68.63556
-183.41217 -110.69336 68.045044
-182.94678 -110.383606 68.04352
-183.68835 -109.65881 69.8288
-184.04236 -111.15265 70.27283
-183.0719 -109.49402 68.93463
-184.40247 -108.34656 69.088745
-184.21631 -107.151794 70.13245
-183.05817 -108.8974 70.42236
-183.52356 -109.20715 70.42236
-184.56879 -108.49762 71.61713
-182.09991 -107.53174 69.8288
-182.97272 -106.3736 68.93921
-182.65381 -105.7663 71.17157
-183.54034 -104.90112 71.02661
-183.39233 -105.04608 71.17462
-183.35266 -103.707886 72.36328
-182.23877 -102.18811 71.91925
-180.88226 -102.74353 69.833374
-180.36652 -100.798035 70.42999
-179.63715 -101.81122 70.87097
-177.8183 -102.056885 68.93463
-176.91498 -102.32391 69.5282
-177.00653 -100.3952 70.12634
-176.99432 -99.949646 70.42236
-176.99432 -99.949646 70.42236
-176.06354 -99.47815 69.53125
-175.84991 -97.54181 69.68231
-175.0946 -97.81647 67.44995
-174.13635 -96.30127 68.78662
-171.74377 -97.561646 68.77899
-170.94879 -96.50116 68.037415
-170.15686 -95.433044 69.07654
-169.2398 -95.259094 68.62793
-170.33844 -96.33026 69.670105
-168.96667 -96.28906 68.922424
-168.62488 -95.08972 68.77594
-168.62488 -95.08972 68.77594
-168.62488 -95.08972 68.77594
-168.62488 -95.08972 68.77594
-165.76385 -96.04187 67.5766
-165.39307 -93.95294 67.58118
-166.0202 -94.41528 68.91785
-164.64386 -94.226074 68.02521
-162.78381 -93.13049 68.02368
-162.91351 -92.388916 68.17169
-162.65869 -94.0155 67.87109
-163.59253 -94.63806 68.022156
-163.43842 -94.78302 66.68396
-162.41608 -96.08765 66.67786
-161.62415 -95.02411 66.67786
-159.7702 -94.226074 65.1886
-161.46088 -94.57245 68.01605
-159.64203 -94.81201 66.82129
-158.41064 -94.47937 66.075134
-157.65533 -94.60449 65.62805
-156.44989 -94.862366 66.66412
-157.96051 -94.61212 66.67023
-157.34863 -94.4458 66.81671
-154.65088 -95.547485 67.848206
-153.59344 -95.81299 67.100525
-154.34265 -95.53833 66.65802
-152.42615 -97.40906 66.500854
-153.1723 -96.98639 66.05682
-153.34473 -97.58453 66.35437
-153.26385 -95.059204 66.35895
-152.82135 -95.49103 66.65497
-151.9226 -95.90759 66.50238
-152.68402 -95.93201 66.50543
-150.64392 -93.93921 66.352844
-149.89777 -94.36035 67.09442
-149.06006 -96.55609 68.27698
-149.80774 -96.28601 67.23938
-149.6109 -94.947815 65.60669
-149.79248 -95.84198 66.4978
-150.57068 -96.3089 67.53845
-150.3891 -95.41321 67.39044
-147.995 -96.82617 65.30151
-150.85449 -95.8786 65.31067
-149.52087 -96.87042 67.23633
-150.75989 -97.50519 67.08984
-151.47095 -96.04187 66.65039
-150.23651 -95.55969 66.052246
-150.8255 -94.8349 66.7984
-149.64447 -95.98694 65.60516
-151.7746 -96.05255 65.60974
-151.7746 -96.05255 65.60974
-151.02844 -96.473694 66.34979
-152.20642 -95.477295 64.12659
-152.65045 -94.89136 66.50696
-152.67487 -95.632935 67.24701
-151.297 -95.29419 67.541504
-152.65045 -94.89136 66.50696
-152.51617 -95.4834 65.61279
-151.86768 -94.2749 65.7608
-152.16675 -93.98651 67.100525
-151.8341 -93.23425 66.059875
-152.05688 -90.57007 67.10663
-150.52795 -90.223694 67.39807
-151.61743 -90.99884 67.40112
-150.86212 -91.275024 66.35895
-153.4607 -91.65192 67.108154
-151.84479 -93.5318 66.059875
-150.26093 -91.552734 65.61432
-148.78845 -92.99011 66.64734
-150.63477 -93.64166 66.65192
-149.2508 -93.30597 64.41803
-149.41101 -93.455505 66.500854
-149.25232 -93.30444 65.16266
-149.29657 -94.63959 65.60516
-150.50659 -94.529724 65.016174
-149.02191 -95.52002 66.49628
-147.89734 -93.70575 65.75165
-149.90387 -94.66095 65.16113
-147.00623 -94.270325 66.34369
-148.57025 -95.65582 66.345215
-148.5794 -95.95337 65.60211
-148.5794 -95.95337 65.60211
-147.67456 -96.221924 65.74707
-147.54639 -96.95892 65.893555
-147.70813 -97.26257 66.041565
-147.7066 -97.2641 65.29846
-147.86682 -97.413635 66.34064
-147.10541 -97.39227 65.59448
-146.6278 -96.78192 66.041565
-146.62476 -96.78345 64.556885
-146.27838 -95.28656 67.08374
-147.76459 -94.29474 65.60364
-144.77234 -95.684814 66.78162
-146.58356 -95.44678 65.00397
-147.05505 -95.90912 64.40735
-148.08044 -94.60297 65.89813
-147.0581 -95.90607 65.597534
-147.49146 -95.32776 64.85748
-145.71075 -96.606445 65.88898
-146.7514 -95.89844 65.15198
-148.7503 -96.85364 63.075256
-146.94519 -97.24121 65.296936
-148.46649 -97.28851 65.00549
-147.24884 -97.25037 64.556885
-148.00873 -97.273254 64.55841
-147.09015 -96.94519 65.59601
-145.83435 -95.71991 65.74249
-147.96448 -95.78552 65.7486
-146.20514 -97.80884 66.03851
-146.76361 -96.343994 64.852905
-145.31097 -98.37341 65.8844
-142.54913 -97.69592 64.54468
-144.84863 -98.21167 66.033936
-143.60199 -97.43652 63.061523
-145.4544 -98.23151 64.55078
-144.1452 -95.22247 65.59296
-143.38379 -95.19806 65.589905
-144.02313 -96.10748 65.737915
-145.25757 -96.89026 64.105225
-144.34357 -96.71326 64.99634
-141.92505 -97.08252 66.02783
-141.59393 -96.1792 66.622925
-141.89606 -96.03882 67.51709
-142.48505 -95.61615 65.28931
-142.51099 -96.354675 66.47797
-142.9657 -96.37146 65.73486
-143.3136 -97.71881 66.03088
-142.5415 -97.3999 64.990234
-141.64581 -97.81494 66.6214
-142.84515 -97.257996 66.62445
-141.3742 -98.84338 66.3208
-140.71045 -97.04285 66.47186
-142.88788 -98.594666 66.32538
-141.3681 -98.54431 67.36145
-141.9281 -97.07947 67.21649
-141.3681 -98.54431 67.80853
-142.26074 -98.132324 65.2832
-141.94336 -97.67609 66.02783
-140.77454 -99.12262 65.72418
-141.21094 -98.39325 66.76788
-141.54663 -99.443054 66.47034
-140.16418 -99.10431 65.2771
-139.8407 -98.50159 65.12909
-139.8407 -98.50159 65.12909
-140.77759 -99.11957 67.21039
-141.26282 -100.17853 65.278625
-142.36145 -101.25275 64.982605
-144.02771 -101.005554 65.58075
-142.6178 -99.775696 65.28168
-143.2251 -99.645996 65.582275
-141.40625 -99.88556 65.57617
-141.51001 -98.40546 65.28168
-141.25519 -99.72839 67.507935
-142.17072 -99.90845 66.61835
-144.00787 -100.41199 65.878296
-142.98706 -101.71509 66.61682
-142.3935 -102.293396 64.53552
-143.28918 -101.727295 65.13214
-142.9779 -101.41754 66.3208
-141.65344 -102.86102 66.01715
-142.22717 -101.690674 66.615295
-142.29279 -103.77197 65.571594
-143.01453 -102.456665 67.35687
-143.51349 -103.95813 66.0202
-143.51349 -103.95813 66.0202
-142.43927 -103.627014 65.719604
-142.43927 -103.627014 65.719604
-143.06335 -104.09241 66.31622
-143.49823 -103.36151 67.20886
-144.20624 -101.9043 65.28168
-144.98596 -102.36969 67.21649
-142.34314 -100.505066 67.50946
-143.59436 -101.7334 66.3208
-145.1065 -101.48468 65.5838
-145.1065 -101.48468 65.5838
-144.34662 -101.460266 66.622925
-143.77594 -102.630615 66.023254
-144.57245 -103.69263 66.76636
-143.30139 -102.02179 66.61835
-144.27643 -103.97949 66.46881
-144.76776 -105.18494 65.87067
-144.7174 -103.549194 66.3208
-144.61212 -105.03235 65.72418
-145.03632 -104.00391 66.47186
-145.46509 -103.126526 67.066956
-145.49713 -104.167175 66.32233
-146.23871 -103.59802 65.878296
-146.24939 -103.89404 66.622925
-145.28961 -102.38037 66.474915
-145.64514 -104.02222 66.47339
-146.41418 -104.34723 65.72876
-145.54291 -105.65338 65.57617
-147.3526 -104.966736 67.3645
-146.57593 -104.6463 66.32385
-147.32513 -104.22516 66.62445
-146.31195 -105.97839 64.38904
-147.83478 -106.02417 64.83917
-146.85059 -103.76587 65.286255
-147.37091 -105.711365 65.58075
-147.052 -105.25665 65.58075
-147.53723 -106.1615 65.72876
-146.31958 -106.27594 64.09149
-147.34802 -104.96979 65.878296
-147.04285 -104.96063 65.878296
-147.19696 -105.114746 64.98871
-148.09723 -104.69513 65.58533
-145.9198 -103.14331 65.878296
-146.16852 -101.5213 64.39667
-148.07892 -103.948975 67.36908
-146.09985 -104.039 65.72876
-147.79053 -104.689026 64.393616
-148.1659 -106.77338 66.32538
-147.02911 -104.66461 64.83917
-147.4945 -104.826355 65.73181
-147.52197 -105.86853 64.24408
-148.11707 -105.2887 65.87982
-147.82562 -105.72662 65.13672
-147.98126 -105.88074 65.28473
-146.60492 -105.68848 64.83612
-148.71674 -105.16205 64.54773
-148.11401 -105.29175 64.393616
-148.69385 -104.42047 65.28931
-147.9599 -105.13611 65.73181
-149.59259 -104.00238 64.39972
-149.12415 -103.6911 63.656616
-148.06824 -103.652954 67.07306
-147.88208 -102.760315 65.28931
-148.2727 -100.54474 67.07916
-148.10944 -100.39215 65.29541
-148.60077 -101.44653 66.03851
-152.52838 -100.83008 64.26544
-150.12512 -101.64337 64.852905
-150.06714 -99.86267 64.112854
-148.19183 -103.06854 64.25018
-149.83673 -101.92871 67.08069
-149.83673 -101.92871 67.08069
-150.51422 -99.57886 64.4104
-150.86212 -100.92468 64.85443
-150.85602 -100.62714 65.89508
-150.58289 -101.657104 65.15198
-150.89874 -101.963806 65.59601
-152.84576 -101.135254 64.564514
-153.44543 -101.00708 63.375854
-152.72522 -102.02026 65.89661
-152.64435 -99.645996 64.11896
-153.42712 -100.26245 65.16113
-150.57068 -101.21002 65.597534
-152.00043 -98.43445 65.753174
-154.62036 -99.55444 65.75928
-154.45099 -98.9563 65.61127
-154.99573 -97.0459 65.3183
-153.81317 -98.046875 66.05682
-155.10559 -95.562744 67.10663
-156.05774 -96.77887 66.807556
-153.7796 -97.006226 66.05835
-156.04706 -96.48285 66.51306
-156.0379 -96.03577 67.99927
-156.14929 -94.851685 67.85278
-156.72607 -93.98041 66.519165
-157.10297 -96.066284 68.29834
-157.36847 -95.03784 67.26074
-156.94122 -95.91522 67.4057
-156.7749 -95.46661 66.81366
-156.8161 -96.80176 66.51459
-155.03693 -98.08197 67.993164
-156.43616 -99.165344 66.80603
-156.43616 -99.165344 66.80603
-156.32019 -100.35248 65.61432
-157.22198 -99.93286 66.51001
-156.62537 -100.36011 66.35742
-158.00629 -100.69885 66.80603
-158.23364 -98.18115 68.00232
-158.83179 -98.054504 66.66565
-157.92542 -98.17352 66.81061
-157.72705 -96.68121 67.4057
-158.08258 -98.32611 67.85278
-158.52356 -97.89429 67.25769
-159.43756 -97.77222 68.59894
-158.24432 -98.62671 67.256165
-158.19855 -97.1405 67.55676
-158.39996 -98.78082 66.36505
-158.40302 -98.7793 67.404175
-158.3374 -97.003174 64.434814
-158.2428 -98.628235 66.51459
-158.107 -99.06769 67.85126
-156.58875 -99.01886 68.8858
-158.58002 -99.67499 67.25464
-158.12683 -99.81232 66.66107
-158.44269 -100.11902 66.66107
-156.58264 -99.02191 66.65802
-158.27637 -99.66736 66.51306
-158.15887 -100.85449 65.6189
-157.52411 -99.94354 66.511536
-155.57404 -100.772095 66.65192
-157.37457 -100.09003 65.171814
-158.29468 -100.26398 65.76691
-156.94885 -100.96283 66.508484
-156.94733 -100.964355 65.763855
-158.28857 -99.964905 67.25464
-159.35211 -100.0 66.51611
-158.2962 -100.26245 66.511536
-157.0816 -100.37384 66.35895
-157.05872 -99.7818 65.171814
-158.14056 -100.10834 67.84973
-157.40051 -100.83008 66.35895
-157.51495 -99.64447 66.807556
-157.87964 -101.43585 67.39807
-157.26318 -101.27106 66.059875
-158.9447 -101.46942 67.848206
-158.46558 -100.86212 66.659546
-158.92181 -100.87738 66.363525
-158.88824 -99.83673 66.36505
-159.98993 -100.9079 67.4057
-159.83734 -100.75226 68.74237
-159.37805 -100.74005 67.55371
-159.33228 -99.253845 68.003845
-159.19342 -99.84589 66.6626
-159.06677 -100.73547 65.322876
-158.8913 -99.835205 67.404175
-158.58002 -99.67651 66.80908
-158.29773 -100.260925 67.25311
-158.30841 -100.70953 66.06445
-159.4101 -101.7807 67.25464
-159.50928 -100.15259 67.10968
-159.99908 -101.20392 67.404175
-159.51233 -100.149536 68.15033
-158.02612 -101.29242 67.25006
-158.02612 -101.29242 67.25006
-159.48334 -99.409485 66.66412
-159.07898 -101.02997 66.51306
-159.07898 -101.02997 66.51306
-159.23004 -100.88501 67.84973
-160.11353 -100.024414 66.81366
-158.59985 -100.27161 66.807556
-158.59985 -100.27161 66.807556
-159.5169 -100.450134 66.36505
-158.27637 -99.66736 66.51306
-158.47778 -101.15662 67.84668
-158.58002 -99.67651 66.80908
-159.36432 -100.294495 67.55371
-158.57697 -99.67804 65.76843
-159.0805 -101.02997 66.80908
-159.96552 -100.16632 67.111206
-159.07745 -101.031494 66.06598
-158.61359 -100.71564 67.25311
-159.99146 -101.208496 64.878845
-159.9762 -100.46234 67.4057
-158.31146 -100.70648 67.25311
-156.33392 -100.798035 65.91034
-158.14056 -100.10834 67.84973
-159.37347 -100.7431 65.76996
-158.00171 -100.701904 65.319824
-158.58002 -99.67651 66.80908
-158.93097 -101.1734 66.362
-159.99603 -101.205444 66.36505
-158.57849 -99.67651 66.51306
-158.43811 -99.81842 68.888855
-159.11102 -102.07062 66.06293
-157.26318 -101.27106 66.059875
-157.26318 -101.27106 66.059875
-160.44159 -100.77515 66.81213
-159.05304 -100.28992 65.322876
-158.44269 -100.11902 66.66107
-160.91919 -101.38245 67.55524
-159.38568 -101.0376 67.256165
-159.87091 -101.79291 68.740845
-159.86938 -101.79443 67.99927
-159.39941 -101.33362 68.29529
-160.1471 -101.06201 67.55524
-157.59125 -102.02179 66.80298
-159.20258 -100.14496 65.62195
-158.92487 -100.875854 67.40265
-156.38123 -102.13165 67.840576
-157.56836 -101.28021 66.804504
-158.4671 -100.86212 67.1051
-158.90656 -100.43335 65.62042
-157.12433 -101.8631 64.42413
-157.95746 -99.21265 66.51306
-156.63757 -100.80719 65.61432
-155.40314 -100.172424 66.50391
-154.8172 -100.74768 67.39197
-154.44183 -98.65875 65.90729
-153.28674 -100.55237 65.753174
-152.66571 -99.93591 68.13202
-151.86005 -98.57483 67.83447
-150.34332 -98.67554 68.27698
-152.60468 -98.15674 67.09442
-149.76349 -99.54834 68.125916
-150.50659 -99.12872 67.08679
-149.46136 -99.53613 69.31305
-148.11401 -100.38757 67.22717
-147.1756 -99.468994 67.37366
-146.15173 -100.772095 67.81616
-147.35413 -100.36621 66.78009
-144.46869 -100.27161 69.44885
-143.69507 -99.801636 69.44733
-143.5791 -100.98572 69.592285
-143.64471 -103.06549 69.29169
-142.2348 -101.6861 69.58771
-139.9826 -102.656555 68.53943
-140.73639 -102.3819 69.28558
-141.37573 -103.289795 70.1767
-138.99536 -104.99725 69.573975
-139.7583 -105.018616 70.762634
-137.77466 -104.80957 70.166016
-139.0213 -105.73883 70.01953
-135.53772 -106.074524 70.90149
-137.26196 -107.762146 70.3064
-137.0575 -106.12488 69.714355
-137.12616 -108.2016 71.19751
-136.21979 -108.47168 70.0058
-137.12311 -108.203125 70.15686
-135.92834 -108.758545 71.49048
-136.53564 -108.77838 70.30182
-137.77618 -109.558105 70.7489
-136.25336 -109.51233 70.00427
-137.97455 -111.050415 69.70978
-137.22382 -111.32355 70.15076
-136.47919 -111.743164 70.89386
-137.0636 -111.17401 68.51654
-137.0636 -111.17401 68.51654
-136.35101 -112.63275 69.55414
-136.35101 -112.63275 69.25659
-136.57379 -114.868164 68.65692
-136.18774 -112.33368 68.21594
-136.67755 -113.23395 70.29419
-137.294 -113.401794 70.892334
-138.83514 -114.19525 69.7052
-138.10577 -115.20996 69.40613
-138.08136 -114.46838 69.40765
-137.48322 -114.74609 69.55261
-136.25946 -114.4104 70.4422
-136.26251 -114.40735 71.928406
-136.5326 -113.37738 70.89081
-136.59668 -115.45868 70.440674
-136.14044 -115.59448 69.54651
-136.34186 -116.934204 70.884705
-137.7121 -116.97693 71.18378
-135.46143 -118.096924 69.54193
-134.68475 -117.326355 72.213745
-135.47363 -118.39142 70.72754
-136.232 -118.41736 69.98749
-135.34698 -118.97888 72.36328
-134.906 -119.56024 71.91467
-135.98938 -120.036316 73.10486
-135.82611 -119.73572 72.51282
-135.81696 -119.4397 72.213745
-136.58142 -119.76166 70.729065
-136.4212 -119.31 72.36481
-136.26862 -119.454956 71.02661
-135.79254 -118.69812 71.77124
-135.79254 -118.69812 71.77124
-135.5011 -119.13452 71.47064
-136.47766 -121.09375 71.61865
-136.57379 -119.46411 71.02814
-136.44257 -120.0531 70.8786
-135.8551 -120.780945 70.28046
-136.45477 -120.34912 72.36328
-135.20966 -119.418335 73.254395
-135.81696 -119.4397 72.213745
-135.40039 -120.6131 72.657776
-136.50818 -122.1344 71.17157
-136.63025 -121.24939 70.28046
-136.73096 -119.618225 71.17615
-136.24268 -118.714905 69.98749
-135.70251 -116.026306 69.992065
-135.59723 -117.50641 70.1355
-135.89325 -117.21954 70.4361
-135.63385 -118.54553 70.8786
-135.90546 -117.51251 71.62323
-134.52606 -117.17529 71.17615
-134.72443 -118.66608 71.025085
-135.47668 -118.38989 71.769714
-135.79407 -118.696594 72.51434
-135.47668 -118.39142 71.47217
-134.23157 -117.46063 70.877075
-134.93652 -120.60394 70.42694
-135.18982 -119.12842 69.53888
-135.1944 -119.12537 71.025085
-135.35156 -119.27948 70.42999
-134.34753 -121.02661 71.61255
-134.61151 -119.999695 69.38782
-133.41217 -120.40558 71.01898
-133.83179 -119.229126 71.614075
-136.45325 -120.34912 71.917725
-134.77173 -120.15076 71.02203
-135.34546 -118.97888 71.62018
-134.77173 -120.15076 71.02203
-135.68115 -120.03021 70.87555
-133.69293 -119.67163 71.466064
-134.48792 -120.73517 71.76361
-133.7143 -120.41626 70.27435
-133.0307 -117.866516 72.65625
-133.0307 -117.866516 72.65625
-133.0307 -117.866516 72.65625
-133.0307 -117.866516 72.65625
-132.4646 -119.1864 72.354126
-133.0368 -118.167114 71.614075
-135.19287 -119.12537 70.72601
-134.29413 -119.54498 69.68384
-133.07037 -119.20624 71.61255
-133.07037 -119.20624 71.61255
-132.84454 -116.97235 70.72449
-133.65936 -118.63251 71.02203
-132.7362 -118.45703 69.38629
-133.49152 -118.1839 70.42694
-132.89032 -118.31055 71.466064
-135.14862 -117.63916 71.473694
-134.38568 -117.61627 70.72601
-134.82666 -117.1875 69.68994
-133.76923 -117.44995 69.38934
-134.19495 -116.42456 69.688416
-134.19495 -116.42456 69.688416
-133.76465 -117.15088 70.877075
-135.70709 -116.023254 71.77582
-134.39636 -118.06488 69.24133
-134.68018 -117.32941 70.28198
-135.14557 -117.640686 70.28351
-133.65479 -118.63556 69.23828
-134.70306 -118.07251 70.28198
-134.57947 -118.959045 70.13245
-135.18982 -119.12842 69.24133
-135.20203 -119.42139 70.72601
-133.9859 -119.38324 70.72296
-133.83026 -119.23065 71.16852
-133.96301 -118.64166 70.72449
-135.34088 -118.98346 69.688416
-134.28955 -119.54651 68.19763
-135.18982 -119.12842 69.24133
-135.64606 -118.992615 70.43152
-133.56781 -120.56122 70.42389
-134.44061 -119.400024 69.981384
-133.67157 -119.07959 70.27588
-133.04901 -118.463135 72.35718
-133.83026 -119.23065 70.8725
-132.45544 -119.192505 68.63861
-133.78448 -117.89398 70.13092
-131.57501 -120.051575 70.269775
-133.70056 -120.121765 68.78815
-134.25293 -118.20679 70.42847
-133.461 -117.14172 70.877075
-133.66089 -118.63251 71.46759
-135.7666 -118.107605 69.54346
-135.7666 -118.107605 69.54346
-135.30273 -117.944336 68.203735
-135.60944 -117.95349 69.39392
-135.37598 -115.57312 67.76123
-134.70917 -118.37158 69.24133
-135.75134 -117.663574 68.50281
-135.17456 -118.68439 68.79578
-135.47058 -118.39447 69.540405
-134.70917 -118.37158 69.24133
-135.16388 -118.38684 68.79578
-135.13794 -117.64526 67.3111
-135.8078 -119.4458 68.79578
-135.17151 -118.68591 67.75665
-134.53064 -117.474365 69.392395
-134.85565 -118.229675 68.64624
-134.2041 -116.87317 67.90619
-135.74982 -117.663574 68.05725
-134.44977 -119.69757 69.981384
-135.58502 -117.21344 68.65082
-135.42328 -117.059326 67.759705
-135.3241 -118.53943 68.647766
-134.84497 -117.9306 68.20221
-134.33075 -115.98511 69.244385
-136.21979 -118.12286 68.50281
-133.57391 -116.26129 67.30957
-135.24017 -115.86456 69.69299
-134.19342 -116.42456 69.392395
-133.45795 -117.144775 69.68689
-133.72498 -116.11481 68.94531
-135.82916 -115.44037 67.91382
-133.87604 -115.96832 69.98749
-135.65369 -114.69269 67.76428
-134.59778 -114.95514 68.05878
-135.07385 -115.56244 68.50433
-134.3811 -113.020325 67.16919
-134.15375 -115.38696 67.16461
-133.2428 -115.50903 66.56799
-134.39026 -113.3194 66.42761
-132.88727 -113.7146 68.94684
-134.04694 -111.968994 68.20984
-132.71179 -113.116455 67.0166
-132.24487 -112.657166 67.90924
-134.20258 -112.12463 67.76428
-133.78906 -113.59863 65.82947
-133.10242 -111.05347 67.02118
-132.20978 -111.616516 67.463684
-132.39594 -112.81128 66.56952
-131.94427 -112.794495 68.055725
-132.43256 -113.8504 67.75665
-133.35724 -114.02435 69.69147
-133.20618 -114.17084 68.50281
-132.24335 -112.657166 67.46216
-132.26471 -113.25073 67.907715
-131.78406 -112.64343 67.163086
-130.8899 -113.056946 68.79425
-133.3313 -113.282776 68.65234
-132.45544 -114.593506 67.012024
-132.5882 -114.00299 67.46063
-131.55975 -115.00702 68.94226
-132.76215 -114.601135 67.75665
-131.5155 -113.6734 68.20068
-131.37665 -114.11438 67.75513
-131.37665 -114.11438 67.75513
-132.7774 -114.894104 69.98596
-131.5155 -113.6734 68.20068
-131.58112 -115.7547 67.90161
-132.62482 -115.03906 68.94531
-130.17883 -114.51874 68.78967
-131.55212 -114.711 69.38934
-131.42395 -115.44647 69.53583
-130.64728 -114.82849 69.97986
-132.6294 -115.33966 67.16156
-132.46002 -114.590454 68.49823
-131.55823 -115.01007 67.90314
-131.70929 -114.86511 68.496704
-132.48291 -115.182495 70.28046
-130.52979 -116.01715 68.64014
-131.54907 -114.712524 68.19916
-130.94482 -114.842224 67.752075
-133.6914 -115.07416 68.64929
-131.82983 -113.9801 67.90466
-132.63397 -115.338135 68.647766
-132.03125 -115.467834 68.496704
-131.456 -116.48865 68.78967
-131.7398 -115.90729 67.30499
-132.05566 -116.21246 68.792725
-131.74286 -115.90576 68.49518
-132.31354 -114.73541 68.64624
-131.43768 -115.89508 68.7912
-131.53076 -114.26849 67.160034
-131.53381 -114.26849 67.90466
-132.50427 -115.927124 69.23981
-131.71082 -114.86359 69.53735
-131.71082 -114.86359 69.53735
-132.74078 -113.85803 68.50128
-132.02057 -115.171814 68.05267
-132.34863 -115.774536 69.68536
-132.79266 -115.49072 68.49823
-132.33032 -115.330505 67.90466
-130.53894 -116.311646 68.93616
-131.3797 -114.112854 68.79425
-132.3471 -115.774536 69.38934
-132.00531 -114.575195 69.53888
-131.75201 -116.20331 68.7912
-132.80792 -115.937805 68.79425
-131.55365 -115.0116 66.41693
-130.98297 -115.87982 69.236755
-132.31201 -114.73541 68.20068
-131.75201 -116.20331 68.49518
-132.32117 -115.03143 68.20068
-132.66449 -116.38031 67.456055
-132.46155 -114.58893 69.53888
-132.46155 -114.58893 69.53888
-132.0282 -115.46936 67.7536
-133.26111 -115.95459 67.30957
-132.64923 -115.78369 69.39087
-132.65839 -116.08276 68.64624
-133.84705 -115.22827 68.05725
-132.93 -115.05127 68.647766
-132.33032 -115.32898 68.20068
-132.65686 -116.08429 67.90466
-131.987 -114.13269 68.0542
-131.74896 -116.204834 67.752075
-131.86646 -115.016174 69.38934
-132.6477 -115.78522 68.64624
-131.75812 -116.500854 67.30347
-132.62177 -115.042114 67.45911
-132.29675 -114.29138 67.90619
-133.72345 -116.11786 67.90619
-133.74786 -116.856384 68.94379
-132.03125 -115.467834 68.792725
-131.5567 -115.01007 67.456055
-132.97119 -116.39099 67.90314
-134.33533 -116.285706 67.75818
-135.04639 -114.671326 68.50586
-132.77283 -114.897156 68.0542
-132.68127 -116.82434 68.644714
-132.97272 -116.389465 68.644714
-132.65839 -116.08124 68.94379
-133.59985 -117.00134 68.49823
-133.42133 -116.10718 68.647766
-133.29773 -116.99066 69.24133
-133.58612 -116.555786 68.79425
-133.47778 -117.88635 68.94226
-131.75354 -116.20178 69.53583
-132.80792 -115.937805 68.49823
-132.40051 -117.40723 69.38629
-132.40204 -117.40723 69.68231
-131.96716 -118.13812 69.67926
-132.71637 -117.86194 69.38782
-132.0816 -116.95099 69.981384
-130.60913 -118.39142 69.67621
-131.99158 -118.8797 69.67926
-131.99158 -118.8797 69.67926
-131.04858 -117.959595 69.53125
-132.6065 -119.04602 70.27283
-131.9992 -119.177246 69.381714
-133.3664 -119.070435 69.97986
-132.47986 -119.932556 68.93463
-131.75354 -120.95184 69.67468
-132.49207 -120.2301 69.677734
-131.28204 -120.4895 70.12024
-131.91223 -121.102905 69.97223
-132.16705 -119.625854 69.97681
-132.8247 -121.27991 68.93463
-133.12988 -121.292114 68.637085
-134.31854 -120.285034 70.12787
-133.08716 -119.95239 68.93616
-134.07593 -122.20764 70.27283
-132.00989 -119.47327 70.12329
-133.42896 -121.15326 68.045044
-133.89435 -121.31348 69.67926
-132.70874 -122.16339 71.458435
-133.46558 -122.18933 69.97528
-134.01947 -120.42389 70.721436
-133.90198 -121.61102 69.38324
-132.8247 -121.27991 68.93463
-134.11713 -123.54584 69.973755
-132.83539 -121.57745 69.381714
-134.95636 -121.347046 68.93921
-133.56628 -120.562744 69.680786
-133.1192 -120.99609 68.19153
-134.3399 -121.03119 68.93768
-133.71124 -120.417786 69.532776
-133.71124 -120.417786 69.532776
-133.58765 -121.30432 68.93616
-132.82776 -121.27991 69.677734
-133.14209 -121.588135 69.677734
-134.04999 -121.466064 69.23523
-132.87048 -122.61505 70.12024
-134.35211 -121.32568 70.12634
-134.84344 -122.53113 69.23523
-132.71179 -122.465515 68.78204
-134.02405 -120.72601 68.78967
-135.71167 -121.07544 69.68384
-132.82928 -121.27838 70.42084
-134.04236 -121.16852 69.97833
