-0.41156006 -0.06460571 10.136002
-0.41156006 -0.06460571 10.136002
-0.39720154 -0.06460571 10.155136
-0.4019928 -0.059814453 10.155136
-0.40678406 -0.06460571 10.157532
-0.41635132 -0.055038452 10.159927
-0.42114258 -0.057434082 10.157532
-0.41635132 -0.055038452 10.157532
-0.39959717 -0.059814453 10.162323
-0.39720154 -0.062210083 10.157532
-0.4019928 -0.06700134 10.155136
-0.4139557 -0.062210083 10.164719
-0.42114258 -0.06700134 10.162323
-0.42352295 -0.052642822 10.162323
-0.40678406 -0.06460571 10.159927
-0.40678406 -0.06460571 10.17189
-0.40438843 -0.071777344 10.159927
-0.40678406 -0.057434082 10.169495
-0.41635132 -0.06460571 10.164719
-0.4139557 -0.06700134 10.157532
-0.40678406 -0.057434082 10.164719
-0.41156006 -0.062210083 10.164719
-0.4091797 -0.062210083 10.17189
-0.4091797 -0.059814453 10.159927
-0.41156006 -0.052642822 10.162323
-0.4139557 -0.059814453 10.167099
-0.41635132 -0.059814453 10.164719
-0.41635132 -0.059814453 10.167099
-0.4091797 -0.06700134 10.167099
-0.4139557 -0.06939697 10.162323
-0.41635132 -0.055038452 10.162323
-0.41874695 -0.062210083 10.157532
-0.4139557 -0.06700134 10.174286
-0.41156006 -0.06460571 10.167099
-0.4019928 -0.06460571 10.162323
-0.40678406 -0.06460571 10.164719
-0.40678406 -0.057434082 10.17189
-0.40678406 -0.057434082 10.164719
-0.4091797 -0.062210083 10.167099
-0.40678406 -0.06460571 10.167099
-0.41156006 -0.057434082 10.164719
-0.4139557 -0.055038452 10.167099
-0.40438843 -0.057434082 10.174286
-0.41156006 -0.062210083 10.17189
-0.40438843 -0.06460571 10.17189
-0.4091797 -0.06460571 10.162323
-0.41156006 -0.057434082 10.169495
-0.4019928 -0.062210083 10.169495
-0.40438843 -0.057434082 10.174286
-0.41635132 -0.059814453 10.17189
-0.4139557 -0.062210083 10.169495
-0.4091797 -0.059814453 10.169495
-0.40438843 -0.06939697 10.169495
-0.40438843 -0.057434082 10.167099
-0.40678406 -0.062210083 10.17189
-0.4139557 -0.06700134 10.162323
-0.4091797 -0.062210083 10.169495
-0.4091797 -0.062210083 10.179062
-0.41156006 -0.06700134 10.17189
-0.41635132 -0.059814453 10.17189
-0.4139557 -0.057434082 10.167099
-0.40678406 -0.057434082 10.164719
-0.41156006 -0.059814453 10.167099
-0.4019928 -0.062210083 10.167099
-0.4019928 -0.06700134 10.167099
-0.42352295 -0.052642822 10.17189
-0.41635132 -0.059814453 10.162323
-0.4091797 -0.06460571 10.169495
-0.40438843 -0.06700134 10.174286
-0.40438843 -0.062210083 10.169495
-0.41156006 -0.055038452 10.17189
-0.4139557 -0.062210083 10.17189
-0.41635132 -0.059814453 10.1766815
-0.4019928 -0.057434082 10.164719
-0.40678406 -0.06460571 10.169495
-0.4139557 -0.059814453 10.17189
-0.4139557 -0.06460571 10.17189
-0.4139557 -0.06460571 10.1766815
-0.41635132 -0.057434082 10.164719
-0.40438843 -0.050247192 10.162323
-0.40438843 -0.059814453 10.169495
-0.41156006 -0.062210083 10.167099
-0.40678406 -0.06939697 10.169495
-0.41635132 -0.06700134 10.167099
-0.4091797 -0.06460571 10.17189
-0.40438843 -0.059814453 10.164719
-0.40438843 -0.057434082 10.167099
-0.41635132 -0.055038452 10.167099
-0.4139557 -0.052642822 10.169495
-0.41156006 -0.062210083 10.17189
-0.4091797 -0.062210083 10.169495
-0.4139557 -0.062210083 10.162323
-0.41156006 -0.050247192 10.174286
-0.4139557 -0.055038452 10.167099
-0.40438843 -0.057434082 10.174286
-0.40438843 -0.057434082 10.174286
-0.4091797 -0.062210083 10.167099
-0.41874695 -0.055038452 10.17189
-0.4139557 -0.057434082 10.167099
-0.41156006 -0.062210083 10.174286
-0.4091797 -0.06939697 10.167099
-0.39959717 -0.062210083 10.162323
-0.40678406 -0.06460571 10.167099
-0.41156006 -0.062210083 10.1766815
-0.4091797 -0.059814453 10.167099
-0.4091797 -0.059814453 10.17189
-0.4139557 -0.059814453 10.17189
-0.41156006 -0.059814453 10.167099
-0.4091797 -0.059814453 10.169495
-0.41156006 -0.059814453 10.169495
-0.4091797 -0.055038452 10.169495
-0.4139557 -0.062210083 10.162323
-0.4091797 -0.06700134 10.167099
-0.4091797 -0.059814453 10.17189
-0.4019928 -0.062210083 10.169495
-0.4139557 -0.06460571 10.17189
-0.42114258 -0.06939697 10.169495
-0.41635132 -0.055038452 10.17189
-0.41156006 -0.06460571 10.167099
-0.41156006 -0.059814453 10.1766815
-0.40678406 -0.06460571 10.17189
-0.4139557 -0.062210083 10.1766815
-0.4091797 -0.062210083 10.164719
-0.41635132 -0.055038452 10.17189
-0.40678406 -0.057434082 10.17189
-0.4091797 -0.06700134 10.167099
-0.41156006 -0.06460571 10.159927
-0.41156006 -0.059814453 10.167099
-0.4091797 -0.059814453 10.169495
-0.40438843 -0.06700134 10.169495
-0.40678406 -0.059814453 10.174286
-0.40438843 -0.062210083 10.167099
-0.4139557 -0.055038452 10.167099
-0.42114258 -0.055038452 10.17189
-0.4091797 -0.06460571 10.162323
-0.4091797 -0.06939697 10.169495
-0.40678406 -0.071777344 10.162323
-0.40438843 -0.06460571 10.167099
-0.40678406 -0.057434082 10.167099
-0.4139557 -0.057434082 10.169495
-0.40678406 -0.055038452 10.179062
-0.40678406 -0.062210083 10.174286
-0.40438843 -0.055038452 10.17189
-0.42591858 -0.06460571 10.169495
-0.4139557 -0.055038452 10.1814575
-0.40678406 -0.06700134 10.162323
-0.4019928 -0.057434082 10.167099
-0.41156006 -0.062210083 10.164719
-0.4091797 -0.059814453 10.164719
-0.41156006 -0.055038452 10.17189
-0.41635132 -0.06460571 10.167099
-0.4091797 -0.062210083 10.169495
-0.41635132 -0.059814453 10.169495
-0.40678406 -0.057434082 10.169495
-0.41156006 -0.059814453 10.164719
-0.40438843 -0.06460571 10.164719
-0.40438843 -0.062210083 10.164719
-0.41156006 -0.057434082 10.164719
-0.41156006 -0.059814453 10.162323
-0.4139557 -0.059814453 10.164719
-0.4139557 -0.057434082 10.164719
-0.41635132 -0.062210083 10.169495
-0.4139557 -0.057434082 10.164719
-0.40438843 -0.06460571 10.167099
-0.4139557 -0.059814453 10.164719
-0.4091797 -0.055038452 10.167099
-0.4019928 -0.059814453 10.174286
-0.4019928 -0.06700134 10.167099
-0.4091797 -0.055038452 10.167099
-0.40438843 -0.06460571 10.17189
-0.4091797 -0.057434082 10.169495
-0.40678406 -0.062210083 10.164719
-0.4091797 -0.057434082 10.164719
-0.4091797 -0.052642822 10.167099
-0.41635132 -0.059814453 10.174286
-0.41156006 -0.062210083 10.167099
-0.4019928 -0.057434082 10.167099
-0.40678406 -0.059814453 10.167099
-0.40678406 -0.059814453 10.167099
-0.4139557 -0.059814453 10.162323
-0.4091797 -0.062210083 10.169495
-0.4019928 -0.06460571 10.169495
-0.41635132 -0.062210083 10.167099
-0.41156006 -0.06460571 10.167099
-0.41156006 -0.052642822 10.17189
-0.41635132 -0.06460571 10.164719
-0.4091797 -0.06700134 10.167099
-0.40438843 -0.06460571 10.159927
-0.40438843 -0.06700134 10.17189
-0.4139557 -0.059814453 10.164719
-0.4139557 -0.052642822 10.169495
-0.40678406 -0.062210083 10.167099
-0.40678406 -0.059814453 10.167099
-0.39959717 -0.06939697 10.162323
-0.4091797 -0.059814453 10.169495
-0.41156006 -0.062210083 10.167099
-0.41635132 -0.047851562 10.17189
-0.4139557 -0.059814453 10.162323
-0.40678406 -0.06460571 10.159927
-0.4091797 -0.057434082 10.164719
-0.40438843 -0.055038452 10.167099
-0.41156006 -0.059814453 10.162323
-0.41635132 -0.06939697 10.164719
-0.40678406 -0.059814453 10.169495
-0.41156006 -0.055038452 10.164719
-0.41635132 -0.057434082 10.159927
-0.40438843 -0.06460571 10.167099
-0.41156006 -0.06460571 10.167099
-0.41156006 -0.059814453 10.162323
-0.41156006 -0.059814453 10.169495
-0.40438843 -0.059814453 10.162323
-0.40438843 -0.057434082 10.164719
-0.4139557 -0.055038452 10.164719
-0.4091797 -0.059814453 10.17189
-0.4091797 -0.062210083 10.169495
-0.4091797 -0.059814453 10.159927
-0.41635132 -0.062210083 10.169495
-0.40438843 -0.06460571 10.162323
-0.39959717 -0.059814453 10.167099
-0.40438843 -0.057434082 10.169495
-0.4139557 -0.059814453 10.157532
-0.41156006 -0.059814453 10.164719
-0.4091797 -0.06460571 10.164719
-0.4091797 -0.055038452 10.169495
-0.4019928 -0.059814453 10.167099
-0.4139557 -0.059814453 10.162323
-0.41156006 -0.047851562 10.164719
-0.4091797 -0.057434082 10.157532
-0.41156006 -0.057434082 10.164719
-0.39959717 -0.07417297 10.164719
-0.40438843 -0.062210083 10.162323
-0.41635132 -0.055038452 10.167099
-0.4139557 -0.059814453 10.17189
-0.41156006 -0.062210083 10.164719
-0.40438843 -0.052642822 10.159927
-0.4091797 -0.06460571 10.164719
-0.39959717 -0.057434082 10.162323
-0.41635132 -0.059814453 10.167099
-0.42114258 -0.062210083 10.155136
-0.41635132 -0.062210083 10.159927
-0.39720154 -0.059814453 10.162323
-0.41156006 -0.06460571 10.164719
-0.41635132 -0.057434082 10.169495
-0.4139557 -0.050247192 10.162323
-0.40438843 -0.062210083 10.159927
-0.4019928 -0.059814453 10.162323
-0.40438843 -0.059814453 10.167099
-0.4139557 -0.062210083 10.169495
-0.41635132 -0.059814453 10.159927
-0.40438843 -0.062210083 10.162323
-0.4019928 -0.052642822 10.167099
-0.40678406 -0.059814453 10.164719
-0.41874695 -0.057434082 10.157532
-0.41635132 -0.062210083 10.157532
-0.40678406 -0.055038452 10.159927
-0.40438843 -0.059814453 10.167099
-0.4091797 -0.062210083 10.164719
-0.40678406 -0.06939697 10.167099
-0.41156006 -0.062210083 10.162323
-0.41156006 -0.055038452 10.167099
-0.4091797 -0.062210083 10.162323
-0.40678406 -0.059814453 10.167099
-0.40678406 -0.059814453 10.164719
-0.41156006 -0.057434082 10.164719
-0.41156006 -0.059814453 10.159927
-0.4091797 -0.055038452 10.157532
-0.41156006 -0.059814453 10.162323
-0.40678406 -0.06460571 10.155136
-0.4091797 -0.059814453 10.167099
-0.4091797 -0.062210083 10.159927
-0.41156006 -0.062210083 10.159927
-0.4019928 -0.055038452 10.162323
-0.40678406 -0.055038452 10.162323
-0.4091797 -0.055038452 10.164719
-0.4091797 -0.06460571 10.159927
-0.4091797 -0.06460571 10.162323
-0.40438843 -0.059814453 10.162323
-0.40678406 -0.062210083 10.167099
-0.40438843 -0.06939697 10.159927
-0.4091797 -0.062210083 10.162323
-0.41635132 -0.057434082 10.162323
-0.41156006 -0.057434082 10.162323
-0.40438843 -0.06460571 10.167099
-0.4091797 -0.059814453 10.164719
-0.4139557 -0.062210083 10.162323
-0.4091797 -0.06460571 10.164719
-0.4091797 -0.057434082 10.167099
-0.40438843 -0.06460571 10.162323
-0.40678406 -0.057434082 10.164719
-0.40678406 -0.06460571 10.157532
-0.4091797 -0.059814453 10.162323
-0.4091797 -0.059814453 10.164719
-0.4091797 -0.06460571 10.162323
-0.40678406 -0.055038452 10.162323
-0.41156006 -0.057434082 10.162323
-0.40678406 -0.059814453 10.159927
-0.4019928 -0.062210083 10.157532
-0.4091797 -0.059814453 10.164719
-0.4019928 -0.06460571 10.17189
-0.41156006 -0.057434082 10.162323
-0.41156006 -0.057434082 10.164719
-0.4019928 -0.062210083 10.157532
-0.39959717 -0.059814453 10.159927
-0.40678406 -0.06460571 10.162323
-0.41156006 -0.055038452 10.157532
-0.41156006 -0.06700134 10.164719
-0.40678406 -0.057434082 10.167099
-0.4091797 -0.057434082 10.162323
-0.4019928 -0.057434082 10.164719
-0.40678406 -0.06460571 10.169495
-0.4139557 -0.057434082 10.164719
-0.41874695 -0.057434082 10.162323
-0.40678406 -0.062210083 10.162323
-0.39720154 -0.059814453 10.162323
-0.40678406 -0.062210083 10.162323
-0.40678406 -0.059814453 10.164719
-0.4139557 -0.052642822 10.169495
-0.41635132 -0.06460571 10.159927
-0.40678406 -0.062210083 10.164719
-0.39959717 -0.057434082 10.159927
-0.39720154 -0.057434082 10.164719
-0.4091797 -0.062210083 10.164719
-0.40678406 -0.059814453 10.159927
-0.4139557 -0.059814453 10.159927
-0.4019928 -0.062210083 10.157532
-0.39242554 -0.059814453 10.159927
-0.40678406 -0.062210083 10.162323
-0.41156006 -0.06460571 10.159927
-0.41874695 -0.057434082 10.157532
-0.41874695 -0.055038452 10.159927
-0.40438843 -0.06700134 10.159927
-0.40438843 -0.06700134 10.159927
-0.4091797 -0.06460571 10.164719
-0.4139557 -0.057434082 10.164719
-0.40438843 -0.057434082 10.159927
-0.40678406 -0.06700134 10.157532
-0.4091797 -0.057434082 10.169495
-0.4091797 -0.06460571 10.167099
-0.41874695 -0.062210083 10.159927
-0.41635132 -0.06460571 10.167099
-0.40678406 -0.057434082 10.162323
-0.39959717 -0.050247192 10.162323
-0.40678406 -0.055038452 10.162323
-0.4139557 -0.057434082 10.162323
-0.41874695 -0.052642822 10.159927
-0.41635132 -0.055038452 10.157532
-0.4019928 -0.06460571 10.159927
-0.4019928 -0.057434082 10.162323
-0.40438843 -0.06700134 10.169495
-0.4139557 -0.057434082 10.162323
-0.40678406 -0.057434082 10.162323
-0.39720154 -0.059814453 10.159927
-0.4019928 -0.059814453 10.157532
-0.4091797 -0.06460571 10.162323
-0.41156006 -0.059814453 10.162323
-0.42114258 -0.057434082 10.162323
-0.41874695 -0.052642822 10.159927
-0.40678406 -0.06700134 10.159927
-0.4019928 -0.06700134 10.1527405
-0.41156006 -0.055038452 10.155136
-0.4091797 -0.059814453 10.167099
-0.4091797 -0.062210083 10.169495
-0.40678406 -0.059814453 10.162323
-0.40678406 -0.062210083 10.167099
-0.41156006 -0.057434082 10.164719
-0.40678406 -0.062210083 10.164719
-0.4139557 -0.062210083 10.159927
-0.4019928 -0.062210083 10.169495
-0.4019928 -0.06460571 10.162323
-0.41156006 -0.057434082 10.162323
-0.4139557 -0.06939697 10.159927
-0.41635132 -0.052642822 10.157532
-0.40438843 -0.062210083 10.162323
-0.4091797 -0.055038452 10.159927
-0.40438843 -0.057434082 10.159927
-0.41156006 -0.057434082 10.164719
-0.4139557 -0.06460571 10.1527405
-0.41156006 -0.052642822 10.169495
-0.40438843 -0.062210083 10.159927
-0.39482117 -0.059814453 10.159927
-0.4019928 -0.059814453 10.1527405
-0.4139557 -0.055038452 10.155136
-0.41156006 -0.062210083 10.157532
-0.41635132 -0.062210083 10.157532
-0.39720154 -0.059814453 10.162323
-0.39959717 -0.06700134 10.164719
-0.39959717 -0.059814453 10.162323
-0.41874695 -0.06460571 10.157532
-0.41635132 -0.059814453 10.159927
-0.4091797 -0.059814453 10.159927
-0.41156006 -0.059814453 10.167099
-0.4091797 -0.06460571 10.157532
-0.40438843 -0.06700134 10.169495
-0.40678406 -0.059814453 10.162323
-0.4139557 -0.062210083 10.164719
-0.41156006 -0.06460571 10.164719
-0.41874695 -0.057434082 10.164719
-0.4091797 -0.059814453 10.164719
-0.4019928 -0.06700134 10.159927
-0.4091797 -0.059814453 10.162323
-0.41156006 -0.055038452 10.159927
-0.4019928 -0.06700134 10.159927
-0.41156006 -0.06460571 10.159927
-0.40438843 -0.055038452 10.157532
-0.40438843 -0.059814453 10.159927
-0.41156006 -0.059814453 10.164719
-0.4091797 -0.052642822 10.167099
-0.41156006 -0.055038452 10.159927
-0.40678406 -0.057434082 10.157532
-0.41874695 -0.059814453 10.159927
-0.40678406 -0.06700134 10.162323
-0.40678406 -0.06700134 10.164719
-0.4139557 -0.062210083 10.159927
-0.42352295 -0.06460571 10.159927
-0.39720154 -0.057434082 10.162323
-0.40438843 -0.059814453 10.162323
-0.4019928 -0.055038452 10.155136
-0.40678406 -0.06460571 10.164719
-0.4091797 -0.057434082 10.157532
-0.4139557 -0.062210083 10.162323
-0.4091797 -0.062210083 10.162323
-0.40678406 -0.062210083 10.164719
-0.4019928 -0.059814453 10.164719
-0.4091797 -0.059814453 10.162323
-0.4139557 -0.059814453 10.169495
-0.41156006 -0.062210083 10.155136
-0.4091797 -0.06460571 10.162323
-0.4091797 -0.06460571 10.159927
-0.4091797 -0.062210083 10.162323
-0.41156006 -0.06460571 10.169495
-0.41156006 -0.059814453 10.155136
-0.41156006 -0.06460571 10.159927
-0.40678406 -0.062210083 10.157532
-0.40678406 -0.06460571 10.162323
-0.41156006 -0.059814453 10.155136
-0.4139557 -0.055038452 10.159927
-0.4091797 -0.062210083 10.162323
-0.40438843 -0.06700134 10.167099
-0.41874695 -0.059814453 10.164719
-0.4091797 -0.062210083 10.157532
-0.41156006 -0.055038452 10.159927
-0.40438843 -0.059814453 10.162323
-0.40438843 -0.059814453 10.162323
-0.40678406 -0.062210083 10.159927
-0.41156006 -0.06460571 10.167099
-0.41874695 -0.059814453 10.162323
-0.4139557 -0.055038452 10.164719
-0.40438843 -0.059814453 10.155136
-0.40678406 -0.057434082 10.162323
-0.4091797 -0.06460571 10.1527405
-0.40678406 -0.059814453 10.157532
-0.4139557 -0.06939697 10.159927
-0.4091797 -0.062210083 10.155136
-0.39959717 -0.059814453 10.162323
-0.40678406 -0.052642822 10.157532
-0.41635132 -0.057434082 10.157532
-0.39959717 -0.059814453 10.157532
-0.4139557 -0.059814453 10.159927
-0.41156006 -0.047851562 10.162323
-0.39959717 -0.071777344 10.159927
-0.4091797 -0.06460571 10.164719
-0.40678406 -0.062210083 10.157532
-0.41874695 -0.055038452 10.159927
-0.40438843 -0.062210083 10.162323
-0.4019928 -0.06460571 10.159927
-0.4019928 -0.052642822 10.157532
-0.41156006 -0.06460571 10.164719
-0.4091797 -0.06460571 10.162323
-0.4091797 -0.059814453 10.1527405
-0.39959717 -0.062210083 10.162323
-0.40438843 -0.06700134 10.155136
-0.4091797 -0.062210083 10.157532
-0.4139557 -0.059814453 10.159927
-0.40678406 -0.062210083 10.159927
-0.40438843 -0.055038452 10.167099
-0.41156006 -0.059814453 10.157532
-0.4091797 -0.062210083 10.162323
-0.4139557 -0.055038452 10.159927
-0.41635132 -0.06939697 10.159927
-0.41156006 -0.062210083 10.157532
-0.40678406 -0.062210083 10.159927
-0.40678406 -0.06939697 10.159927
-0.41635132 -0.057434082 10.157532
-0.40438843 -0.055038452 10.157532
-0.4019928 -0.057434082 10.159927
-0.39959717 -0.062210083 10.159927
-0.39482117 -0.062210083 10.159927
-0.40678406 -0.057434082 10.164719
-0.4091797 -0.057434082 10.159927
-0.4091797 -0.062210083 10.162323
-0.4139557 -0.055038452 10.157532
-0.41156006 -0.062210083 10.157532
-0.4091797 -0.06939697 10.157532
-0.4139557 -0.057434082 10.162323
-0.4091797 -0.06460571 10.162323
-0.4091797 -0.059814453 10.159927
-0.4091797 -0.059814453 10.162323
-0.40438843 -0.059814453 10.157532
-0.40438843 -0.055038452 10.159927
-0.4091797 -0.055038452 10.155136
-0.4091797 -0.059814453 10.164719
-0.40678406 -0.062210083 10.155136
-0.40678406 -0.059814453 10.162323
-0.41874695 -0.062210083 10.157532
-0.40678406 -0.055038452 10.162323
-0.39959717 -0.062210083 10.157532
-0.4019928 -0.06460571 10.167099
-0.41156006 -0.055038452 10.159927
-0.41874695 -0.062210083 10.164719
-0.41156006 -0.062210083 10.162323
