0.006164551 0.08155823 0.09840393
0.006164551 0.08155823 0.09840393
-0.0017700195 -0.0015258789 0.0037231445
-0.0017700195 -0.0015258789 0.004333496
-0.0017700195 -0.0015258789 0.0037231445
-0.001159668 -0.0015258789 0.0037231445
-0.001159668 -0.0015258789 0.0037231445
-0.001159668 -0.0015258789 0.0037231445
-0.001159668 -0.0015258789 0.004333496
-0.001159668 -0.0021209717 0.004333496
-0.001159668 -0.0015258789 0.0037231445
-0.0017700195 -0.0021209717 0.0037231445
-0.0017700195 -0.0015258789 0.0037231445
-0.0017700195 -0.0021209717 0.0037231445
-0.001159668 -0.0015258789 0.0037231445
-0.001159668 -0.0015258789 0.003112793
-0.001159668 -0.0021209717 0.0037231445
-0.002380371 -0.0021209717 0.003112793
-0.002380371 -0.0015258789 0.003112793
-0.0017700195 -0.0015258789 0.003112793
-0.001159668 -0.0015258789 0.0037231445
-0.001159668 -0.0015258789 0.004333496
-0.001159668 -0.0021209717 0.004333496
-0.001159668 -0.0015258789 0.004333496
-0.001159668 -0.0021209717 0.004333496
-0.0017700195 -0.00090026855 0.004333496
-0.0017700195 -0.0015258789 0.003112793
-0.0017700195 -0.0015258789 0.0037231445
-0.0017700195 -0.0015258789 0.0037231445
-0.001159668 -0.0015258789 0.0037231445
-0.0017700195 -0.0021209717 0.003112793
-0.001159668 -0.0015258789 0.003112793
-0.001159668 -0.0015258789 0.004333496
-0.0017700195 -0.0021209717 0.003112793
-0.0017700195 -0.0015258789 0.0037231445
-0.0017700195 -0.0015258789 0.004333496
-0.001159668 -0.0015258789 0.004333496
-0.001159668 -0.0015258789 0.0037231445
-0.0017700195 -0.0015258789 0.0037231445
-0.0017700195 -0.0015258789 0.003112793
-0.0017700195 -0.0015258789 0.0037231445
-0.001159668 -0.0015258789 0.0037231445
-0.001159668 -0.0015258789 0.004333496
-0.001159668 -0.0015258789 0.004333496
-0.0017700195 -0.0015258789 0.0037231445
-0.001159668 -0.0015258789 0.004333496
-0.001159668 -0.0015258789 0.004333496
-0.0017700195 -0.0021209717 0.0037231445
-0.001159668 -0.0021209717 0.0037231445
-0.001159668 -0.0021209717 0.0037231445
-0.001159668 -0.0015258789 0.003112793
-0.001159668 -0.0021209717 0.0037231445
-0.001159668 -0.002746582 0.004333496
-0.0017700195 -0.0021209717 0.004333496
-0.0017700195 -0.0021209717 0.0037231445
-0.0017700195 -0.0021209717 0.003112793
-0.0017700195 -0.0015258789 0.0037231445
-0.0017700195 -0.0015258789 0.003112793
-0.0017700195 -0.0021209717 0.003112793
-0.001159668 -0.0015258789 0.0037231445
-0.001159668 -0.0015258789 0.0037231445
-0.001159668 -0.0021209717 0.0037231445
-0.0017700195 -0.0015258789 0.0037231445
-0.001159668 -0.0015258789 0.0037231445
-0.0017700195 -0.0015258789 0.0037231445
-0.0017700195 -0.0021209717 0.004333496
-0.001159668 -0.0015258789 0.0037231445
-0.001159668 -0.0015258789 0.004333496
-0.001159668 -0.0015258789 0.004333496
-0.0017700195 -0.0015258789 0.0037231445
-0.0017700195 -0.0015258789 0.003112793
-0.0017700195 -0.0015258789 0.0037231445
-0.0017700195 -0.0015258789 0.003112793
-0.0017700195 -0.0021209717 0.003112793
-0.0017700195 -0.0021209717 0.003112793
-0.0017700195 -0.0021209717 0.004333496
-0.001159668 -0.0015258789 0.0037231445
-0.001159668 -0.0021209717 0.0037231445
-0.001159668 -0.0021209717 0.0037231445
-0.0017700195 -0.0015258789 0.0037231445
-0.0017700195 -0.0021209717 0.0037231445
-0.001159668 -0.0021209717 0.0037231445
-0.001159668 -0.0015258789 0.0037231445
-0.001159668 -0.0015258789 0.004333496
-0.001159668 -0.0015258789 0.004333496
-0.0017700195 -0.0015258789 0.003112793
-0.0017700195 -0.0015258789 0.0037231445
-0.0017700195 -0.0015258789 0.003112793
-0.0017700195 -0.0021209717 0.003112793
-0.0017700195 -0.00090026855 0.0037231445
-0.001159668 -0.0015258789 0.0037231445
-0.0017700195 -0.0015258789 0.0037231445
-0.0017700195 -0.0021209717 0.0037231445
-0.001159668 -0.0021209717 0.0037231445
-0.0017700195 -0.0015258789 0.0037231445
-0.002380371 -0.0015258789 0.0037231445
-0.0017700195 -0.0015258789 0.003112793
-0.001159668 -0.0015258789 0.004333496
-0.001159668 -0.0015258789 0.004333496
-0.0017700195 -0.0015258789 0.0037231445
-0.001159668 -0.0015258789 0.004333496
-0.0017700195 -0.0015258789 0.003112793
-0.0017700195 -0.0015258789 0.003112793
-0.0017700195 -0.0015258789 0.0037231445
-0.0017700195 -0.0015258789 0.0037231445
-0.001159668 -0.0015258789 0.0037231445
-0.001159668 -0.0015258789 0.004333496
-0.001159668 -0.0021209717 0.0037231445
-0.0005340576 -0.0015258789 0.004333496
-0.001159668 -0.0015258789 0.0037231445
-0.0017700195 -0.0015258789 0.0037231445
-0.001159668 -0.0015258789 0.0037231445
-0.001159668 -0.0021209717 0.0037231445
-0.0017700195 -0.0015258789 0.0037231445
-0.0017700195 -0.0015258789 0.004333496
-0.001159668 -0.0021209717 0.0037231445
-0.0017700195 -0.0015258789 0.0037231445
-0.0017700195 -0.00090026855 0.003112793
-0.001159668 -0.0015258789 0.003112793
-0.001159668 -0.0021209717 0.0037231445
-0.0017700195 -0.0021209717 0.0037231445
-0.0017700195 -0.0015258789 0.003112793
-0.0017700195 -0.00090026855 0.0037231445
-0.0017700195 -0.0015258789 0.003112793
-0.0017700195 -0.0015258789 0.0037231445
-0.0017700195 -0.0021209717 0.0037231445
-0.0017700195 -0.0015258789 0.003112793
-0.001159668 -0.0015258789 0.0037231445
-0.0017700195 -0.0015258789 0.003112793
-0.0017700195 -0.0015258789 0.0037231445
-0.001159668 -0.0015258789 0.0037231445
-0.0017700195 -0.0021209717 0.0037231445
-0.0017700195 -0.0015258789 0.0037231445
-0.0017700195 -0.0015258789 0.0037231445
-0.0017700195 -0.00090026855 0.0037231445
-0.0017700195 -0.00090026855 0.0037231445
-0.001159668 -0.0015258789 0.0037231445
-0.001159668 -0.0015258789 0.0037231445
-0.0017700195 -0.00090026855 0.003112793
-0.001159668 -0.0015258789 0.0037231445
-0.001159668 -0.0015258789 0.004333496
-0.001159668 -0.0015258789 0.004333496
-0.001159668 -0.0015258789 0.0037231445
-0.001159668 -0.0021209717 0.004333496
-0.0017700195 -0.0021209717 0.004333496
-0.0017700195 -0.0015258789 0.0037231445
-0.001159668 -0.0021209717 0.004333496
-0.001159668 -0.0015258789 0.003112793
-0.002380371 -0.0021209717 0.004333496
-0.001159668 -0.0015258789 0.004333496
-0.0017700195 -0.0015258789 0.003112793
-0.0017700195 -0.0015258789 0.0037231445
-0.0017700195 -0.0015258789 0.0037231445
-0.0017700195 -0.0015258789 0.003112793
-0.001159668 -0.0021209717 0.0037231445
-0.0017700195 -0.0015258789 0.004333496
-0.001159668 -0.00090026855 0.0037231445
-0.001159668 -0.0015258789 0.003112793
-0.0005340576 -0.0015258789 0.0037231445
-0.0017700195 -0.0015258789 0.0037231445
-0.001159668 -0.0015258789 0.004333496
-0.0017700195 -0.0015258789 0.0037231445
-0.0017700195 -0.0015258789 0.0037231445
-0.0017700195 -0.0015258789 0.004333496
-0.001159668 -0.0021209717 0.004333496
-0.0017700195 -0.0015258789 0.0037231445
-0.0017700195 -0.0015258789 0.0037231445
-0.001159668 -0.0021209717 0.0037231445
-0.001159668 -0.0015258789 0.0037231445
-0.001159668 -0.0015258789 0.0037231445
-0.0017700195 -0.0015258789 0.003112793
-0.001159668 -0.0021209717 0.004333496
-0.001159668 -0.0015258789 0.004333496
-0.001159668 -0.0015258789 0.004333496
-0.0017700195 -0.0015258789 0.0037231445
-0.001159668 -0.0021209717 0.0037231445
-0.001159668 -0.0015258789 0.003112793
-0.0017700195 -0.0021209717 0.0037231445
-0.0017700195 -0.0015258789 0.0037231445
-0.0002746582 -0.00045776367 -1.5258789e-05
-0.0002746582 0.0001373291 0.0005950928
-0.0002746582 0.0001373291 0.0005950928
0.00033569336 0.0001373291 -1.5258789e-05
0.00033569336 0.0001373291 -1.5258789e-05
-0.0002746582 0.0001373291 -1.5258789e-05
0.0009613037 0.0001373291 -1.5258789e-05
0.00033569336 0.0001373291 -1.5258789e-05
-0.0002746582 0.0001373291 -1.5258789e-05
-0.0002746582 0.0001373291 0.0005950928
0.00033569336 -0.00045776367 -1.5258789e-05
-0.0002746582 0.0001373291 0.0005950928
-0.0002746582 0.0001373291 -1.5258789e-05
0.00033569336 -0.00045776367 -1.5258789e-05
0.0009613037 0.0001373291 -1.5258789e-05
-0.0002746582 0.0001373291 -1.5258789e-05
0.00033569336 0.0001373291 -1.5258789e-05
-0.0002746582 0.0001373291 -0.00062561035
-0.0002746582 0.0001373291 -1.5258789e-05
0.00033569336 0.0001373291 -1.5258789e-05
0.00033569336 -0.00045776367 -1.5258789e-05
0.00033569336 -0.00045776367 -1.5258789e-05
0.00033569336 -0.00045776367 0.0005950928
0.00033569336 0.0001373291 -1.5258789e-05
0.00033569336 0.0001373291 -0.00062561035
-0.0002746582 0.0001373291 -1.5258789e-05
-0.0002746582 0.0001373291 0.0005950928
0.00033569336 0.0001373291 -1.5258789e-05
0.0009613037 0.0001373291 -1.5258789e-05
0.00033569336 -0.00045776367 -1.5258789e-05
0.00033569336 -0.00045776367 0.0005950928
0.00033569336 -0.00045776367 -1.5258789e-05
-0.0002746582 0.0001373291 -0.00062561035
-0.00088500977 0.00076293945 -0.00062561035
-0.0002746582 0.0001373291 -0.00062561035
-0.0002746582 0.0001373291 -0.00062561035
-0.0002746582 -0.00045776367 -0.00062561035
-0.0002746582 0.0001373291 -0.00062561035
-0.0002746582 0.0001373291 -0.0012359619
-0.00088500977 0.0001373291 -0.00062561035
-0.00088500977 0.00076293945 -0.0018463135
-0.0002746582 0.0001373291 -0.00062561035
-0.0002746582 0.0001373291 -0.00062561035
0.00033569336 -0.00045776367 -0.00062561035
-0.0002746582 0.0001373291 -1.5258789e-05
0.00033569336 -0.00045776367 -0.00062561035
-0.0002746582 0.0001373291 -0.00062561035
-0.0002746582 0.0001373291 -1.5258789e-05
-0.0002746582 0.0001373291 -0.00062561035
-0.0002746582 0.0001373291 -1.5258789e-05
-0.0002746582 0.0001373291 -1.5258789e-05
-0.0002746582 0.0001373291 -1.5258789e-05
-0.0002746582 0.0001373291 -0.00062561035
0.00033569336 -0.00045776367 -0.00062561035
0.00033569336 0.00076293945 -1.5258789e-05
-0.0002746582 0.0001373291 -0.00062561035
0.00033569336 0.0001373291 -1.5258789e-05
-0.0002746582 0.0001373291 -1.5258789e-05
-0.0002746582 0.00076293945 -1.5258789e-05
-0.0002746582 0.0001373291 -1.5258789e-05
0.00033569336 0.0001373291 0.0005950928
-0.0002746582 0.0001373291 -0.00062561035
-0.0002746582 -0.00045776367 -1.5258789e-05
-0.0002746582 0.00076293945 -1.5258789e-05
-0.0002746582 0.0001373291 -0.00062561035
-0.0002746582 0.0001373291 -1.5258789e-05
0.00033569336 0.0001373291 -0.00062561035
-0.0002746582 0.00076293945 -0.00062561035
-0.0002746582 0.0001373291 -0.00062561035
-0.0002746582 0.0001373291 -1.5258789e-05
-0.0002746582 0.0001373291 -0.00062561035
-0.0002746582 0.0001373291 -1.5258789e-05
0.00033569336 0.0001373291 0.0005950928
-0.0002746582 0.0001373291 -1.5258789e-05
-0.0002746582 0.0001373291 -1.5258789e-05
0.00033569336 0.0001373291 0.0005950928
-0.0002746582 0.0001373291 0.0005950928
-0.0002746582 0.0001373291 -1.5258789e-05
0.00033569336 0.0001373291 -1.5258789e-05
-0.0002746582 0.0001373291 -0.00062561035
-0.0002746582 0.0001373291 -0.00062561035
-0.0002746582 0.0001373291 -0.00062561035
-0.0002746582 0.00076293945 -0.00062561035
-0.0002746582 0.0001373291 -1.5258789e-05
0.00033569336 0.0001373291 -1.5258789e-05
-0.0002746582 0.0001373291 -1.5258789e-05
0.00033569336 -0.00045776367 -1.5258789e-05
0.00033569336 -0.00045776367 -1.5258789e-05
0.00033569336 0.0001373291 -0.00062561035
0.00033569336 0.0001373291 -0.0012359619
0.00033569336 0.0001373291 -0.00062561035
-0.0002746582 0.0001373291 -1.5258789e-05
-0.0002746582 0.0001373291 -0.00062561035
-0.0002746582 0.00076293945 -1.5258789e-05
-0.0002746582 -0.00045776367 -1.5258789e-05
0.00033569336 -0.00045776367 -1.5258789e-05
-0.0002746582 0.0001373291 -0.00062561035
0.00033569336 0.0001373291 -0.00062561035
-0.0002746582 -0.00045776367 -1.5258789e-05
-0.0002746582 0.0001373291 -1.5258789e-05
-0.0002746582 0.0001373291 -1.5258789e-05
-0.0002746582 0.0001373291 -1.5258789e-05
-0.0002746582 0.0001373291 -1.5258789e-05
-0.0002746582 0.0001373291 -1.5258789e-05
0.00033569336 0.0001373291 -1.5258789e-05
0.00033569336 0.0001373291 0.0005950928
0.00033569336 -0.00045776367 0.0005950928
-0.0002746582 0.0001373291 -1.5258789e-05
-0.0002746582 0.00076293945 -1.5258789e-05
-0.0002746582 0.0001373291 -1.5258789e-05
-0.0002746582 0.0001373291 -1.5258789e-05
0.00033569336 0.0001373291 0.0005950928
0.00033569336 -0.00045776367 0.0005950928
0.00033569336 -0.00045776367 -1.5258789e-05
0.00033569336 0.0001373291 -1.5258789e-05
0.00033569336 0.0001373291 0.0005950928
-0.0002746582 0.0001373291 -1.5258789e-05
-0.0002746582 0.0001373291 -1.5258789e-05
-0.0002746582 0.0001373291 -1.5258789e-05
-0.0002746582 0.0001373291 0.0005950928
-0.0002746582 0.0001373291 -1.5258789e-05
0.00033569336 0.0001373291 -0.00062561035
-0.0002746582 0.0001373291 -0.00062561035
-0.0002746582 0.0001373291 -0.00062561035
-0.0002746582 -0.00045776367 0.0005950928
-0.0002746582 0.0001373291 -1.5258789e-05
-0.0002746582 0.0001373291 -1.5258789e-05
-0.0002746582 0.0001373291 0.0005950928
0.00033569336 0.0001373291 -1.5258789e-05
-0.0002746582 0.0001373291 -0.00062561035
-0.0002746582 0.0001373291 -1.5258789e-05
-0.0002746582 0.0001373291 -1.5258789e-05
0.00033569336 0.0001373291 -1.5258789e-05
0.00033569336 0.0001373291 0.0005950928
0.00033569336 0.0001373291 -1.5258789e-05
-0.0002746582 0.0001373291 -1.5258789e-05
0.00033569336 0.0001373291 -1.5258789e-05
-0.0002746582 0.0001373291 -0.00062561035
0.00033569336 0.0001373291 -0.00062561035
0.00033569336 0.0001373291 -0.00062561035
-0.0002746582 0.0001373291 -0.00062561035
-0.0002746582 0.0001373291 0.0005950928
-0.0002746582 0.0001373291 -1.5258789e-05
-0.0002746582 0.0001373291 0.0005950928
0.00033569336 0.0001373291 -1.5258789e-05
-0.0002746582 -0.00045776367 -1.5258789e-05
0.00033569336 -0.00045776367 0.0005950928
-0.0002746582 0.0001373291 -0.00062561035
-0.0002746582 0.0001373291 -1.5258789e-05
-0.0002746582 -0.00045776367 -1.5258789e-05
-0.00088500977 0.0001373291 -1.5258789e-05
-0.0002746582 0.00076293945 -0.00062561035
-0.00088500977 0.00076293945 -1.5258789e-05
-0.00088500977 0.0001373291 -1.5258789e-05
-0.0002746582 0.0001373291 -1.5258789e-05
-0.0002746582 0.0001373291 -1.5258789e-05
-0.0002746582 0.0001373291 -0.00062561035
-0.0002746582 -0.00045776367 -0.00062561035
-0.0002746582 0.0001373291 -0.00062561035
0.00033569336 0.0001373291 -1.5258789e-05
-0.00088500977 -0.00045776367 -1.5258789e-05
0.00033569336 -0.00045776367 -1.5258789e-05
0.00033569336 -0.00045776367 -0.00062561035
-0.0002746582 -0.00045776367 -1.5258789e-05
-0.0002746582 0.0001373291 -0.00062561035
-0.0002746582 0.0001373291 -0.00062561035
-0.0002746582 -0.00045776367 -1.5258789e-05
-0.00088500977 0.0001373291 -0.00062561035
-0.0002746582 0.0001373291 -1.5258789e-05
-0.0002746582 0.0001373291 -0.00062561035
-0.0002746582 0.0001373291 -0.00062561035
-0.0002746582 0.0001373291 0.0005950928
0.00033569336 0.0001373291 0.0005950928
-0.0002746582 0.0001373291 -1.5258789e-05
0.00033569336 0.0001373291 -1.5258789e-05
-0.0002746582 0.0001373291 -1.5258789e-05
-0.0002746582 -0.00045776367 -0.00062561035
-0.0002746582 -0.00045776367 -1.5258789e-05
-0.0002746582 -0.00045776367 -1.5258789e-05
-0.0002746582 0.0001373291 -1.5258789e-05
-0.0002746582 0.0001373291 -1.5258789e-05
-0.0002746582 -0.00045776367 -0.00062561035
-0.0002746582 0.0001373291 -0.00062561035
-0.0002746582 -0.00045776367 -1.5258789e-05
-0.0002746582 0.0001373291 -0.00062561035
0.00033569336 0.0001373291 -1.5258789e-05
-0.00088500977 -0.00045776367 -0.00062561035
-0.0002746582 -0.00045776367 -0.00062561035
-0.0002746582 0.0001373291 -0.00062561035
-0.0002746582 0.0001373291 -1.5258789e-05
-0.00088500977 0.0001373291 -0.00062561035
-0.0002746582 0.0001373291 -1.5258789e-05
0.00033569336 -0.00045776367 -0.00062561035
0.00033569336 0.0001373291 -1.5258789e-05
0.00033569336 0.0001373291 -1.5258789e-05
-0.0002746582 0.0001373291 -1.5258789e-05
-0.0002746582 0.0001373291 0.0005950928
-0.0002746582 0.0001373291 -1.5258789e-05
-0.0002746582 0.0001373291 -1.5258789e-05
0.00033569336 0.0001373291 -0.00062561035
0.00033569336 0.0001373291 0.0005950928
0.00033569336 0.0001373291 0.0005950928
-0.0002746582 0.00076293945 -0.00062561035
0.00033569336 0.0001373291 0.0005950928
-0.0002746582 -0.00045776367 0.0005950928
-0.0002746582 0.0001373291 -0.00062561035
0.00033569336 0.0001373291 -1.5258789e-05
-0.0002746582 0.0001373291 -1.5258789e-05
-0.0002746582 0.0001373291 -0.00062561035
-0.0002746582 0.0001373291 -1.5258789e-05
-0.0002746582 0.0001373291 -0.00062561035
-0.0002746582 0.0001373291 0.0005950928
-0.0002746582 0.0001373291 0.0005950928
-0.0002746582 0.0001373291 -0.00062561035
-0.0002746582 0.0001373291 -0.00062561035
-0.00088500977 0.0001373291 -0.00062561035
-0.0002746582 0.0001373291 -0.00062561035
-0.0002746582 0.0001373291 -1.5258789e-05
-0.0002746582 0.0001373291 -0.00062561035
-0.0002746582 0.0001373291 -0.00062561035
-0.0002746582 0.0001373291 -1.5258789e-05
0.00033569336 0.0001373291 -1.5258789e-05
0.00033569336 0.0001373291 -1.5258789e-05
-0.0002746582 0.00076293945 -0.00062561035
-0.0002746582 0.0001373291 -1.5258789e-05
-0.0002746582 -0.00045776367 -1.5258789e-05
-0.0002746582 0.0001373291 -0.00062561035
-0.0002746582 -0.00045776367 -0.00062561035
0.00033569336 0.0001373291 -1.5258789e-05
-0.0002746582 -0.00045776367 -1.5258789e-05
-0.0002746582 0.00076293945 -0.00062561035
-0.0002746582 0.0001373291 -0.00062561035
0.0009613037 0.0001373291 -1.5258789e-05
0.00033569336 -0.00045776367 -0.00062561035
-0.00088500977 0.0001373291 -1.5258789e-05
-0.00088500977 0.0001373291 -0.00062561035
-0.0002746582 0.0001373291 -0.00062561035
-0.0002746582 -0.00045776367 -0.00062561035
-0.0002746582 0.0001373291 -0.00062561035
-0.00088500977 0.0001373291 -0.00062561035
-0.0002746582 0.00076293945 -1.5258789e-05
-0.0002746582 0.0001373291 -1.5258789e-05
-0.0002746582 0.0001373291 0.0005950928
0.00033569336 -0.00045776367 0.0005950928
-0.0002746582 0.0001373291 -1.5258789e-05
-0.0002746582 0.0001373291 -1.5258789e-05
-0.0002746582 0.0001373291 -1.5258789e-05
0.00033569336 0.00076293945 -1.5258789e-05
0.00033569336 0.0001373291 -1.5258789e-05
0.00033569336 0.0001373291 -1.5258789e-05
0.00033569336 -0.00045776367 -0.00062561035
0.00033569336 -0.00045776367 -1.5258789e-05
0.00033569336 0.0001373291 -1.5258789e-05
-0.0002746582 -0.00045776367 -1.5258789e-05
-0.0002746582 0.0001373291 -0.00062561035
-0.0002746582 0.0001373291 -1.5258789e-05
-0.0002746582 -0.00045776367 -1.5258789e-05
-0.0002746582 -0.00045776367 0.0005950928
-0.0002746582 0.00076293945 0.0005950928
-0.0002746582 -0.00045776367 -1.5258789e-05
-0.0002746582 -0.00045776367 0.0005950928
-0.0002746582 0.0001373291 0.0005950928
0.0009613037 0.0001373291 0.0005950928
0.00033569336 0.0001373291 -1.5258789e-05
-0.0002746582 -0.00045776367 -0.00062561035
-0.00088500977 0.0001373291 -1.5258789e-05
0.00033569336 0.0001373291 -1.5258789e-05
0.00033569336 0.0001373291 0.0005950928
0.00033569336 0.0001373291 -1.5258789e-05
0.00033569336 0.0001373291 0.0005950928
0.00033569336 0.0001373291 0.0005950928
-0.0002746582 0.0001373291 -1.5258789e-05
-0.0002746582 0.0001373291 -1.5258789e-05
-0.0002746582 -0.00045776367 0.0005950928
0.00033569336 -0.00045776367 0.0005950928
0.00033569336 -0.00045776367 -1.5258789e-05
0.00033569336 -0.00045776367 -1.5258789e-05
0.00033569336 0.0001373291 -1.5258789e-05
0.00033569336 0.0001373291 -1.5258789e-05
-0.0002746582 -0.00045776367 -0.00062561035
-0.0002746582 0.0001373291 -1.5258789e-05
0.00033569336 0.0001373291 -1.5258789e-05
0.00033569336 0.0001373291 0.0005950928
0.00033569336 0.0001373291 0.0005950928
-0.0002746582 -0.00045776367 -1.5258789e-05
-0.0002746582 -0.00045776367 -1.5258789e-05
0.00033569336 0.0001373291 -0.00062561035
0.00033569336 0.0001373291 -1.5258789e-05
-0.0002746582 0.0001373291 0.0005950928
-0.0002746582 0.0001373291 -1.5258789e-05
0.00033569336 0.0001373291 -1.5258789e-05
-0.0002746582 0.0001373291 -1.5258789e-05
-0.0002746582 0.0001373291 -1.5258789e-05
-0.00088500977 0.0001373291 -1.5258789e-05
-0.0002746582 0.0001373291 0.0005950928
-0.0002746582 -0.00045776367 -1.5258789e-05
0.00033569336 0.0001373291 0.0005950928
-0.00088500977 0.0001373291 -0.00062561035
-0.0002746582 0.0001373291 -0.00062561035
-0.00088500977 0.0001373291 -1.5258789e-05
-0.0002746582 0.0001373291 0.0005950928
-0.0002746582 0.0001373291 0.0005950928
0.00033569336 0.0001373291 0.0005950928
-0.0002746582 0.0001373291 -1.5258789e-05
-0.0002746582 0.0001373291 -1.5258789e-05
0.00033569336 -0.00045776367 0.0005950928
0.00033569336 -0.00045776367 -1.5258789e-05
0.00033569336 -0.00045776367 -0.00062561035
-0.0002746582 0.0001373291 -0.00062561035
-0.0002746582 0.0001373291 -1.5258789e-05
-0.00088500977 0.0001373291 -0.00062561035
-0.0002746582 0.0001373291 -1.5258789e-05
-0.0002746582 0.0001373291 -0.00062561035
-0.0002746582 0.0001373291 -0.00062561035
-0.0002746582 0.0001373291 -0.00062561035
-0.0002746582 0.0001373291 -1.5258789e-05
-0.0002746582 0.0001373291 0.0005950928
0.00033569336 -0.00045776367 -0.00062561035
0.00033569336 0.0001373291 -0.00062561035
-0.0002746582 0.0001373291 -1.5258789e-05
0.00033569336 0.0001373291 -1.5258789e-05
-0.0002746582 0.0001373291 -1.5258789e-05
-0.0002746582 0.0001373291 -1.5258789e-05
-0.0002746582 0.0001373291 -0.00062561035
-0.00088500977 0.0001373291 -0.00062561035
-0.0002746582 -0.00045776367 0.0005950928
-0.0002746582 -0.00045776367 -1.5258789e-05
0.00033569336 -0.001083374 -1.5258789e-05
-0.0002746582 0.0001373291 -0.00062561035
-0.0002746582 0.0001373291 -1.5258789e-05
0.00033569336 -0.00045776367 -1.5258789e-05
