-0.044937134 0.012420654 0.010543823
-0.010116577 -0.0004119873 -0.0022735596
0.022247314 -0.010787964 -0.0053253174
0.023468018 -0.00894165 -0.015716553
0.010025024 -0.01322937 -0.01083374
-0.020507812 -0.0034484863 0.0129852295
-0.05104065 0.011810303 0.024597168
-0.05166626 -0.005279541 0.019714355
-0.011947632 -0.012008667 0.030715942
0.02407837 -0.027893066 0.031936646
0.047286987 -0.019943237 0.027038574
0.061950684 -0.030944824 0.024597168
0.07234192 -0.015670776 0.018493652
0.08944702 -0.016281128 0.016662598
0.10714722 -0.042541504 0.020935059
0.10838318 -0.03704834 0.020324707
0.09555054 -0.03338623 0.011764526
0.07234192 0.0063171387 0.011169434
0.08822632 0.009979248 0.02154541
0.15235901 -0.03277588 0.028869629
0.21406555 -0.054153442 0.03253174
0.21650696 -0.03765869 0.031311035
0.16824341 -0.005279541 0.02154541
0.13710022 0.0063171387 0.019104004
0.1670227 -0.015670776 0.028274536
0.19329834 -0.035217285 0.026428223
0.17863464 -0.0413208 0.02520752
0.11631775 -0.0572052 0.016662598
0.054016113 -0.012008667 0.020935059
0.0851593 -0.018112183 0.044143677
0.13647461 -0.06881714 0.039260864
0.12547302 -0.0413208 0.016662598
0.098602295 -0.006500244 0.005050659
0.09616089 -0.011383057 -0.010223389
0.10166931 0.0063171387 -0.028549194
0.10777283 0.052734375 -0.040161133
0.15420532 0.049682617 -0.02671814
0.23605347 0.0008087158 -0.0022735596
0.2861328 -0.03338623 0.008712769
0.28125 -0.038879395 0.0032196045
0.2641449 -0.004058838 0.0056610107
0.2763672 -0.0034484863 0.008712769
0.25743103 -0.027893066 0.010543823
0.18840027 0.002029419 0.02520752
0.1486969 -0.00894165 0.043533325
0.090667725 -0.047439575 0.034988403
-0.021728516 0.024032593 0.022766113
-0.085861206 0.04663086 0.03253174
-0.07487488 -0.03765869 0.060012817
-0.06387329 -0.040100098 0.075302124
-0.033935547 -0.018722534 0.06491089
0.019805908 -0.046829224 0.042312622
0.050964355 -0.035827637 0.020324707
0.05218506 -0.0046844482 0.010543823
0.046066284 0.0008087158 0.016052246
0.038131714 0.0050964355 0.024597168
0.030792236 0.0038757324 0.030090332
0.030197144 -0.0004119873 0.025817871
0.034469604 0.008758545 0.016052246
0.047286987 -0.0077209473 0.022766113
0.039352417 -0.01689148 0.020935059
-0.009506226 0.026473999 0.006881714
-0.037002563 0.060684204 -0.007171631
0.0051574707 0.025863647 -0.019378662
0.05279541 -0.0028533936 -0.019378662
0.094329834 0.02281189 -0.0041046143
0.18473816 0.007537842 0.010543823
0.24337769 -0.052322388 0.020935059
0.18534851 -0.0022277832 0.03437805
0.06990051 0.05456543 0.042312622
0.030197144 0.03868103 0.04170227
0.07295227 -0.013839722 0.05026245
0.090667725 -0.03338623 0.06185913
0.05218506 0.012420654 0.067352295
0.043014526 0.028305054 0.047821045
0.045455933 0.00021362305 0.02154541
0.049743652 0.033187866 0.0178833
0.047286987 0.024032593 0.0178833
0.022247314 0.0105896 0.018493652
0.055236816 0.025863647 0.023376465
0.07966614 -0.0004119873 0.022766113
0.066223145 0.024032593 0.030090332
0.06929016 0.032577515 0.04537964
0.10592651 0.011810303 0.047195435
0.11387634 -0.016281128 0.03315735
0.08822632 -0.02545166 0.028869629
0.08456421 -0.033996582 0.044143677
0.08883667 -0.055374146 0.050857544
0.05218506 -0.0413208 0.04660034
-0.00035095215 -0.004058838 0.055755615
-0.030883789 0.015472412 0.060012817
-0.041885376 0.023422241 0.04963684
-0.028442383 0.027694702 0.018493652
0.021026611 0.03135681 -0.037704468
0.08027649 0.017318726 -0.06336975
0.102890015 0.028305054 -0.03892517
0.06317139 0.033798218 0.0062713623
0.010650635 0.033798218 0.039871216
-0.007675171 0.03074646 0.04109192
0.0045318604 0.028305054 0.022155762
0.037521362 0.028915405 0.00932312
0.082717896 0.0050964355 0.009933472
0.09616089 0.0105896 0.011764526
0.07173157 0.016082764 0.011169434
0.033233643 0.022201538 0.0178833
0.011245728 0.038085938 0.023986816
0.013092041 0.02281189 0.019714355
0.013092041 0.0093688965 0.019714355
0.012466431 0.005706787 0.031936646
0.01675415 0.0038757324 0.02949524
0.01612854 0.013031006 0.03253174
0.022857666 -0.0022277832 0.036209106
0.0033111572 -0.008346558 0.02154541
-0.0070648193 -0.0004119873 0.02520752
-0.00340271 0.003250122 0.022766113
0.009429932 -0.0010070801 0.009933472
0.017974854 -0.004058838 0.005050659
0.021026611 -0.004058838 0.019104004
0.017974854 -0.015670776 0.034988403
0.0002746582 -0.01689148 0.047195435
0.0033111572 -0.030334473 0.054534912
0.03201294 -0.06147766 0.059417725
0.04423523 -0.07064819 0.054534912
0.049743652 -0.055984497 0.047195435
0.035690308 -0.08470154 0.047821045
-0.005844116 -0.075531006 0.04109192
-0.03944397 -0.02116394 0.039871216
-0.061431885 -0.0022277832 0.05026245
-0.07548523 0.024032593 0.04475403
-0.054107666 -0.0022277832 0.035598755
-0.026611328 -0.030944824 0.020935059
-0.029052734 0.003250122 -0.007171631
-0.034561157 0.0063171387 -0.01876831
-0.04005432 -0.012619019 -0.012054443
-0.04310608 0.0026550293 -0.0022735596
-0.05532837 0.008758545 0.0013885498
-0.06816101 0.0105896 0.00077819824
-0.05899048 0.020355225 0.00077819824
-0.022338867 0.012420654 0.0019989014
-0.0040130615 -0.0022277832 0.0013885498
-0.0070648193 0.014251709 0.002609253
-0.0027923584 0.0026550293 0.003829956
-0.010116577 0.0038757324 0.0062713623
-0.030273438 0.025253296 0.010543823
-0.032714844 0.0014343262 0.010543823
-0.02355957 -0.0028533936 0.005050659
-0.016235352 0.007537842 0.0013885498
-0.010726929 0.0063171387 -0.001663208
-0.0027923584 -0.006500244 0.00016784668
0.0002746582 -0.0022277832 0.006881714
-0.0027923584 0.013641357 0.009933472
-0.0009613037 0.0069274902 0.00016784668
0.002090454 -0.0034484863 -0.01083374
0.0045318604 0.00021362305 -0.007171631
0.010650635 0.0008087158 0.0074920654
0.01612854 -0.013839722 0.0129852295
0.011871338 -0.0028533936 0.0044403076
0.002090454 0.017913818 0.0032196045
0.0014953613 0.020355225 0.0074920654
0.000869751 0.0069274902 0.0074920654
-0.006454468 0.0014343262 0.0013885498
0.006378174 0.005706787 0.00077819824
0.022857666 0.0093688965 -0.001663208
0.014312744 0.013641357 -0.0022735596
-0.0070648193 0.011810303 -0.001663208
-0.01928711 0.002029419 0.0032196045
-0.017456055 0.017913818 0.0129852295
-0.0015716553 0.0026550293 0.00932312
0.01675415 -0.0016326904 0.006881714
0.01612854 0.00021362305 0.00932312
0.012466431 0.0038757324 0.022155762
0.012466431 -0.012008667 0.03742981
0.0069732666 -0.015670776 0.036209106
-0.011947632 -0.005279541 0.03253174
-0.033935547 -0.0046844482 0.03804016
-0.03149414 -0.018112183 0.0337677
-0.010726929 -0.02116394 0.027648926
-0.00340271 -0.012619019 0.026428223
-0.0070648193 -0.012619019 0.020935059
0.0039367676 -0.0010070801 0.025817871
0.021026611 -0.0028533936 0.030090332
0.019195557 -0.00894165 0.028274536
0.0002746582 0.004470825 0.02520752
-0.01133728 -0.0071258545 0.028869629
-0.015014648 -0.01322937 0.03253174
-0.02355957 -0.0059051514 0.024597168
-0.03517151 0.020355225 0.022155762
-0.024780273 0.022201538 0.023986816
-0.0027923584 0.002029419 0.01361084
0.0051574707 -0.0004119873 0.002609253
0.000869751 0.008148193 -0.0022735596
-0.0027923584 0.005706787 -0.0041046143
-0.0070648193 0.008758545 -0.004714966
-0.01928711 0.0069274902 0.00016784668
-0.026611328 0.017913818 0.0044403076
-0.008895874 -0.0077209473 0.0062713623
0.006378174 -0.012008667 0.0056610107
0.01612854 0.002029419 -0.007171631
0.02468872 -0.009567261 0.00016784668
0.008804321 -0.00894165 0.011764526
-0.005844116 -0.018722534 0.008712769
-0.006454468 -0.01322937 0.002609253
-0.0021820068 -0.020553589 -0.0065612793
-0.00340271 -0.024230957 -0.02305603
-0.032714844 -0.04499817 -0.037704468
-0.06448364 -0.033996582 -0.032821655
-0.08036804 -0.03338623 -0.013885498
-0.07426453 -0.026672363 0.00016784668
-0.024169922 -0.012008667 0.003829956
0.03201294 -0.012008667 -0.007171631
0.061950684 -0.008346558 -0.029769897
0.074783325 -0.0010070801 -0.009002686
0.059509277 -0.012008667 0.011169434
0.04057312 -0.0010070801 0.011169434
0.027740479 0.008758545 0.011764526
0.021636963 0.0038757324 0.0013885498
0.014907837 -0.010787964 -0.005935669
0.0069732666 -0.01322937 -0.001663208
0.0045318604 -0.014450073 -0.0034942627
0.0039367676 -0.013839722 -0.009002686
0.000869751 0.020355225 -0.008392334
0.010650635 0.013641357 0.003829956
0.027740479 -0.0016326904 0.009933472
0.02835083 -0.0016326904 0.006881714
0.02407837 -0.0016326904 0.00932312
0.02407837 -0.006500244 0.016052246
0.022857666 -0.0059051514 0.014831543
0.0082092285 0.0014343262 0.0019989014
-0.011947632 -0.0004119873 -0.0022735596
-0.024169922 -0.0010070801 0.0074920654
-0.011947632 -0.0004119873 0.0154418945
0.0051574707 -0.005279541 0.0074920654
0.04118347 -0.050491333 0.002609253
0.08822632 -0.23680115 0.023986816
-0.065704346 -0.033996582 0.06430054
-0.21842957 0.21461487 0.0129852295
-0.14390564 0.1431427 -0.068862915
0.046676636 -0.02848816 -0.07191467
0.09005737 -0.019332886 -0.023651123
0.030197144 0.030136108 -0.005935669
-0.022949219 0.0050964355 -0.009613037
-0.06692505 0.0105896 0.005050659
-0.09074402 0.012420654 0.0154418945
-0.06326294 -0.02116394 0.011764526
-0.022338867 -0.05781555 0.006881714
0.007598877 -0.04071045 0.0056610107
0.010025024 -0.050491333 -0.012664795
-0.028442383 -0.04499817 -0.026107788
-0.07914734 0.021575928 -0.043823242
-0.06326294 0.027694702 -0.076812744
-0.00035095215 -0.019332886 -0.10246277
0.043624878 -0.029724121 -0.11102295
0.050964355 -0.03338623 -0.12445068
0.039352417 -0.038879395 -0.12994385
0.021636963 -0.055374146 -0.12567139
0.013687134 -0.06576538 -0.12750244
-0.040664673 -0.03765869 -0.16415405
-0.057159424 -0.019332886 -0.19470215
-0.005844116 -0.07003784 -0.21852112
0.023468018 -0.13661194 -0.2270813
-0.046157837 -0.09446716 -0.23625183
-0.10725403 0.012420654 -0.25883484
-0.060821533 -0.0034484863 -0.28266907
0.035079956 -0.11891174 -0.27778625
0.047286987 -0.087753296 -0.24967957
0.021026611 -0.063323975 -0.26800537
0.0045318604 -0.15983582 -0.3242035
-0.073654175 -0.17082214 -0.39872742
-0.20376587 -0.087753296 -0.4256134
-0.24041748 0.0954895 -0.3474121
-0.09503174 0.03135681 -0.21546936
0.027130127 -0.13845825 -0.13972473
-0.027832031 -0.12257385 -0.13545227
-0.16223145 -0.0022277832 -0.1953125
-0.21231079 0.085113525 -0.24235535
-0.13780212 0.07472229 -0.26005554
-0.07182312 -0.029724121 -0.25823975
-0.109069824 -0.054153442 -0.26005554
-0.21170044 -0.030334473 -0.2136383
-0.25080872 0.09855652 -0.14033508
-0.16038513 -0.08103943 -0.07740784
-0.12557983 -0.2887268 -0.06947327
-0.20254517 -0.20137024 -0.10246277
-0.23248291 -0.12745667 -0.16293335
-0.23553467 -0.21542358 -0.2136383
-0.20498657 -0.13661194 -0.1452179
-0.09442139 -0.110961914 -0.052368164
-0.022949219 -0.19526672 -0.033432007
-0.0821991 -0.15493774 -0.08963013
-0.24591064 0.0014343262 -0.19165039
-0.3283844 -0.02911377 -0.25335693
-0.31433105 -0.20014954 -0.20019531
-0.17382812 -0.26368713 0.0056610107
0.0039367676 -0.32232666 0.13148499
-0.021728516 -0.2545166 0.058792114
-0.1347351 0.041137695 -0.07925415
-0.15367126 -0.02848816 -0.1647644
-0.18788147 -0.13113403 -0.18125916
-0.3002777 -0.018722534 -0.23684692
-0.4297943 -0.12928772 -0.28144836
-0.6167145 -0.034606934 -0.1953125
-0.7174988 0.26531982 -0.032211304
-0.68084717 0.18713379 0.08018494
-0.5623474 0.0008087158 0.20541382
-0.45178223 -0.13172913 0.34101868
-0.34487915 -0.14578247 0.4118805
-0.15122986 0.056411743 0.3135376
0.14076233 0.072906494 0.09729004
0.2665863 -0.2190857 0.055755615
0.09371948 -0.22886658 0.19502258
-0.25202942 -0.038269043 0.23045349
-0.52874756 0.0942688 0.049041748
-0.5623474 0.27815247 -0.1452179
-0.2501831 0.47729492 -0.27471924
0.29408264 0.37405396 -0.30648804
0.61357117 0.04296875 -0.18859863
0.5616455 -0.07736206 0.03437805
0.22077942 0.053344727 0.2182312
-0.13839722 0.1590271 0.2157898
-0.25080872 0.027694702 0.11254883
-0.11947632 -0.05659485 0.01361084
0.16763306 0.03074646 -0.17088318
0.24337769 0.07472229 -0.4256134
0.22322083 0.24760437 -0.55755615
0.23605347 0.09611511 -0.5312805
0.1499176 -0.17510986 -0.4598236
0.014907837 -0.060256958 -0.46470642
-0.21598816 0.06983948 -0.5123596
-0.3625946 0.13459778 -0.4769287
-0.37174988 0.10649109 -0.39445496
-0.33509827 0.0008087158 -0.29916382
-0.18666077 -0.13905334 -0.07437134
-0.0663147 -0.22518921 0.02520752
-0.007675171 -0.32476807 0.2353363
0.033859253 -0.41151428 0.381958
0.082107544 -0.34614563 0.49679565
0.14076233 -0.23680115 0.58232117
0.22138977 -0.30278015 0.6238556
0.36494446 -0.47200012 0.6446228
0.6068573 -0.13172913 0.66600037
0.6758728 0.43025208 0.6195679
0.6551056 0.5573273 0.5273285
0.6325073 0.4363556 0.4815216
0.33563232 0.3038025 0.43325806
-0.11824036 -0.033996582 0.2695465
-0.480484 -0.5562897 0.060012817
-0.6582489 -0.894104 -0.09513855
-0.5543976 -0.6760254 -0.2111969
0.27087402 0.5957947 -0.46775818
0.6496124 1.0038605 -0.4598236
0.6392212 0.9898071 -0.45065308
0.45169067 0.67826843 -0.5215149
0.1157074 0.09794617 -0.5593872
-0.4401703 -0.6876221 -0.618042
-1.0443268 -1.0853119 -0.7224884
-1.3137207 -0.9765625 -0.7988434
-1.065094 -0.4799347 -0.8373413
-0.4603424 0.20729065 -0.8678894
0.13220215 0.54693604 -0.8532257
0.374115 0.55059814 -0.8483429
0.2763672 0.49562073 -0.77075195
0.07600403 0.14987183 -0.6461334
0.049743652 -0.21847534 -0.5496216
0.08883667 -0.11279297 -0.46165466
0.046676636 0.13154602 -0.37857056
-0.056549072 0.20301819 -0.30099487
-0.15550232 0.12237549 -0.23196411
-0.2312622 0.05517578 -0.17881775
-0.23431396 0.072906494 -0.1281128
-0.15979004 0.05090332 -0.08413696
-0.14328003 -0.026046753 -0.0022735596
-0.2648468 -0.0413208 0.06918335
-0.41940308 0.1113739 0.099731445
-0.444458 0.12359619 0.15715027
-0.3125 -0.09324646 0.236557
-0.2477417 -0.032165527 0.31047058
-0.3283844 -0.14578247 0.3801117
-0.3601532 -0.37974548 0.48335266
-0.25080872 -0.24229431 0.5853729
-0.040664673 0.16636658 0.6715088
0.179245 0.6746063 0.6879883
0.3117981 0.8542023 0.6446228
0.29103088 0.79434204 0.5407715
0.12669373 0.55914307 0.44548035
-0.12069702 0.07962036 0.44303894
-0.2770691 -0.4194641 0.3630066
-0.18055725 -0.4542694 0.10461426
0.14135742 -0.12928772 -0.20814514
0.44985962 0.20118713 -0.33398438
0.48162842 0.37893677 -0.23379517
0.25987244 0.34962463 -0.09880066
-0.026000977 0.11199951 -0.11651611
-0.29051208 -0.16656494 -0.17027283
-0.47621155 -0.34553528 -0.17210388
-0.6509247 -0.42434692 -0.117126465
-0.7352295 -0.3534851 -0.046875
-0.6252594 -0.12989807 0.018493652
-0.30090332 0.06800842 0.00932312
0.17497253 0.3392334 -0.10429382
0.568985 0.47302246 -0.22218323
0.69480896 0.6074219 -0.3620758
0.6178436 0.68743896 -0.39872742
0.41809082 0.5279999 -0.22525024
0.11999512 0.41131592 -0.017547607
-0.2135315 0.47912598 0.016052246
-0.5037079 0.4540863 -0.005935669
-0.65275574 0.045410156 0.09851074
-0.6179352 -0.35043335 0.2182312
-0.4071808 -0.5746155 0.10522461
-0.09625244 -0.61187744 -0.2124176
0.2134552 -0.33148193 -0.51968384
0.3643341 0.23600769 -0.6412506
0.2659912 0.6581116 -0.49525452
0.09249878 0.64100647 -0.18859863
-0.05899048 0.21339417 -0.032211304
-0.20925903 -0.3718109 -0.22584534
-0.32777405 -0.6430359 -0.6907196
-0.36991882 -0.3809662 -0.97050476
-0.34854126 0.011810303 -0.8171692
-0.27218628 0.22195435 -0.46592712
-0.10296631 0.2928009 -0.10551453
0.115097046 0.44613647 0.19685364
0.28431702 0.7387543 0.3935547
0.27819824 0.8303833 0.5303955
0.24276733 0.6813202 0.6116333
0.23239136 0.5377655 0.51390076
0.22383118 0.3868866 0.27566528
0.19940186 0.24821472 0.15409851
0.1511383 0.21522522 0.2683258
0.12915039 0.10160828 0.38806152
0.102890015 0.08267212 0.3312378
0.066223145 -0.015670776 0.17120361
0.0069732666 -0.24107361 0.13760376
-0.0687561 -0.2728424 0.23228455
-0.15672302 -0.16532898 0.24938965
-0.3149414 -0.29423523 0.21334839
-0.52874756 -0.44448853 0.1504364
-0.625885 -0.7548218 0.019714355
-0.5672302 -0.8195801 -0.056030273
-0.37297058 -0.6021118 0.009933472
-0.1506195 -0.3821869 0.19685364
-0.010116577 -0.009567261 0.33979797
-0.13412476 -0.06881714 0.27320862
-0.25935364 -0.3217163 0.30802917
-0.21476746 -0.44326782 0.32025146
-0.03149414 -0.33210754 0.23350525
0.13891602 -0.21359253 0.14004517
0.2146759 -0.17388916 0.054534912
0.20977783 -0.17510986 -0.052368164
0.16397095 -0.09629822 -0.13789368
0.10348511 0.03074646 -0.16905212
0.031417847 0.11810303 -0.12934875
-0.04310608 0.036239624 -0.08352661
-0.073654175 -0.13539124 -0.108566284
-0.0070648193 -0.29238892 -0.1953125
0.1486969 -0.23313904 -0.23991394
0.26965332 0.015472412 -0.19042969
0.23544312 0.17308044 -0.15133667
0.094940186 0.1565857 -0.13056946
-0.032714844 0.014862061 -0.097579956
-0.05899048 -0.20748901 -0.09207153
0.051574707 -0.36080933 -0.12567139
0.25559998 -0.2887268 -0.12750244
0.43519592 0.093673706 -0.05908203
0.44007874 0.441864 -0.008392334
0.25682068 0.34352112 -0.01083374
-0.027832031 0.048461914 -0.07740784
-0.29722595 -0.31193542 -0.21730042
-0.41818237 -0.38157654 -0.28205872
-0.3137207 -0.14456177 -0.19104004
-0.0821991 0.13825989 -0.041381836
0.08027649 0.17979431 0.04597473
0.12547302 0.020355225 0.044143677
0.09799194 -0.13905334 -0.08352661
0.017974854 -0.2215271 -0.28022766
-0.0846405 -0.10118103 -0.37246704
-0.16589355 0.23478699 -0.32359314
-0.23736572 0.5768738 -0.18431091
-0.325943 0.7802887 -0.016326904
-0.375412 0.7827301 0.1522522
-0.35525513 0.4724121 0.2206726
-0.27157593 -0.03338623 0.15959167
-0.12680054 -0.36569214 -0.009613037
0.021026611 -0.35897827 -0.13850403
0.1486969 -0.043151855 -0.10307312
0.23971558 0.29464722 -0.03831482
0.29408264 0.350235 -0.008392334
0.360672 0.12788391 0.003829956
0.46452332 -0.14212036 0.008102417
0.6092987 -0.29667664 0.1015625
0.7345276 -0.12135315 0.22618103
0.6031952 0.088775635 0.30497742
0.015533447 -0.32110596 0.1333313
-0.46705627 -0.48970032 -0.14460754
-0.5543976 -0.23252869 -0.24479675
-0.43223572 -0.2679596 -0.11590576
-0.32533264 -0.34553528 -0.060928345
-0.19032288 -0.19282532 -0.10795593
0.01675415 0.19384766 -0.15377808
0.115097046 0.45469666 -0.12322998
0.02041626 0.4479828 -0.05908203
-0.18605042 0.1761322 -0.0028839111
-0.2636261 -0.16410828 0.014221191
-0.1506195 -0.33638 -0.04197693
-0.00035095215 -0.44877625 -0.108566284
0.037521362 -0.6069946 -0.17881775
-0.02355957 -0.5794983 -0.22584534
-0.065704346 -0.28079224 -0.22340393
0.0082092285 0.046020508 -0.1977539
0.0851593 0.14865112 -0.19226074
0.06561279 0.03868103 -0.21974182
-0.046157837 -0.16960144 -0.19165039
-0.11091614 -0.30827332 -0.19836426
-0.062042236 -0.29423523 -0.26617432
0.012466431 -0.11828613 -0.21485901
0.04789734 0.019134521 -0.109176636
0.11387634 0.05517578 -0.12445068
0.20123291 -0.034606934 -0.21546936
0.30996704 -0.09080505 -0.29977417
0.41381836 -0.043151855 -0.34925842
0.5017853 0.117492676 -0.3791809
0.54270935 0.3416748 -0.37368774
0.4083252 0.2866974 -0.3608551
0.22383118 -0.11218262 -0.44210815
-0.012573242 -0.5245209 -0.6595764
-0.4432373 -0.86172485 -0.8990326
-0.8274689 -0.9417572 -1.046875
-0.7370453 -0.5880432 -1.0309906
-0.16772461 0.24638367 -0.8141327
0.25437927 0.9922638 -0.55511475
0.3350067 1.2292786 -0.43782043
0.2836914 1.0374603 -0.4439392
0.27453613 0.350235 -0.5258026
-0.038223267 -1.5697174 -0.92652893
-0.3125 -1.7206116 -1.1708832
-0.2471466 -0.9240265 -1.2221832
0.027130127 0.08816528 -1.0945129
0.15357971 0.58847046 -0.8868103
0.13954163 0.4308777 -0.76831055
0.12854004 0.008148193 -0.7823639
0.14198303 -0.34614563 -0.8275604
0.1816864 -0.41334534 -0.86177063
0.17190552 -0.30888367 -0.9033203
0.07539368 -0.2032013 -0.93385315
0.021026611 -0.095687866 -0.9405823
0.07173157 -0.010787964 -0.9026947
0.15846252 -0.004058838 -0.838562
0.16397095 -0.10180664 -0.76586914
0.14257812 -0.17022705 -0.7163849
0.1352539 -0.11828613 -0.6894989
0.061340332 0.019134521 -0.69866943
-0.0821991 0.11566162 -0.7371521
-0.23492432 -0.10913086 -0.7438812
-0.2770691 -0.3021698 -0.6662903
-0.24958801 -0.39135742 -0.53923035
-0.029052734 -0.25512695 -0.38957214
0.21406555 -0.14212036 -0.31626892
0.11204529 -0.30766296 -0.35902405
-0.3332672 -0.4371643 -0.46287537
-0.5232544 0.011810303 -0.50257874
-0.40657043 0.5341034 -0.46287537
-0.23553467 0.53349304 -0.40667725
-0.22331238 -0.09324646 -0.4133911
-0.45361328 -0.9545746 -0.423172
-0.66619873 -1.2343597 -0.35658264
-0.5006561 -0.6638031 -0.3596344
-0.3002777 -0.08409119 -0.41889954
-0.43650818 -0.25390625 -0.55755615
-0.80914307 -0.7401581 -0.75486755
-1.1145782 -0.83973694 -0.862381
-1.1695557 -0.4701538 -0.848938
-1.0467682 -0.18733215 -0.8495636
-0.7718811 -0.27650452 -0.904541
-0.32226562 -0.67541504 -1.0144806
0.18351746 -1.0156708 -1.0755768
0.4633026 -0.9863434 -0.9069824
0.36982727 -0.5886688 -0.46958923
0.20184326 -0.11402893 -0.033432007
0.22688293 -0.03765869 0.06796265
0.4785614 -0.19038391 -0.21607971
0.86402893 -0.19648743 -0.5716095
1.1499176 0.008758545 -0.786026
1.0289612 0.1242218 -0.9094238
0.5799713 0.18530273 -0.88131714
0.19329834 0.20606995 -0.7347107
0.09188843 0.14680481 -0.58200073
0.18901062 0.1907959 -0.43966675
0.28858948 0.15841675 -0.37002563
0.30630493 0.03930664 -0.38591003
0.3191223 -0.027267456 -0.41461182
0.31852722 -0.03277588 -0.29733276
0.27453613 -0.12684631 -0.101242065
0.30386353 -0.34370422 0.0074920654
0.4278717 -0.47200012 0.071624756
0.449234 -0.39318848 0.15531921
0.2665863 -0.23252869 0.23899841
0.03201294 0.09794617 0.25183105
-0.08830261 0.34779358 0.17364502
-0.044937134 0.4308777 0.039871216
0.033859253 0.31724548 -0.037094116
0.11204529 0.1425476 0.0129852295
0.16030884 0.14743042 0.134552
0.11936951 0.19934082 0.17242432
-0.03211975 0.17919922 0.10461426
-0.17749023 0.044799805 -0.017547607
-0.15306091 -0.046218872 -0.06764221
-0.08403015 -0.13783264 0.0013885498
-0.037612915 -0.17694092 0.111328125
-0.04371643 -0.11462402 0.16569519
-0.09074402 -0.015060425 0.10583496
-0.11213684 0.08694458 -0.01449585
-0.06265259 0.13337708 -0.051757812
0.019805908 0.12788391 0.012390137
0.03263855 0.07778931 0.08018494
0.046066284 -0.017501831 0.13821411
0.10899353 -0.04988098 0.1638794
0.08088684 0.005706787 0.17974854
0.0057525635 0.05090332 0.184021
-0.037002563 0.0435791 0.16142273
0.033859253 0.060073853 0.12599182
0.07234192 0.13092041 0.1186676
0.029571533 0.1749115 0.14614868
0.03201294 0.13459778 0.18952942
0.098602295 0.08023071 0.20907593
0.094940186 0.072280884 0.1651001
-0.045547485 0.18835449 0.06552124
-0.019897461 0.07472229 0.0844574
0.01612854 0.04296875 0.1504364
-0.006454468 0.029525757 0.19502258
-0.022338867 -0.02911377 0.17486572
-0.025390625 -0.03765869 0.1162262
-0.073654175 -0.015670776 0.063079834
-0.089523315 -0.012619019 0.06613159
-0.07609558 -0.02116394 0.09729004
-0.07914734 -0.030334473 0.115615845
-0.05960083 -0.030944824 0.10644531
0.0027160645 -0.047439575 0.083847046
0.058288574 -0.0572052 0.08934021
0.07661438 -0.067596436 0.1015625
0.061340332 -0.055984497 0.091781616
0.022857666 -0.02545166 0.07711792
0.010650635 -0.0028533936 0.0697937
0.031417847 0.0038757324 0.067352295
0.04852295 -0.015670776 0.06918335
0.08088684 0.00021362305 0.056350708
0.07356262 0.052124023 0.02949524
0.021636963 0.08572388 0.011169434
-0.006454468 0.07962036 0.0178833
0.006378174 0.049072266 0.031936646
0.025909424 0.0093688965 0.038650513
0.05279541 -0.018722534 0.031936646
0.09005737 -0.012619019 0.010543823
0.07722473 -0.0034484863 0.003829956
0.043624878 0.0050964355 0.0056610107
-0.009506226 -0.0077209473 0.020935059
-0.024780273 -0.032165527 0.040481567
-0.026611328 -0.039489746 0.047195435
-0.026000977 -0.0572052 0.055755615
0.013687134 -0.07797241 0.055755615
0.033859253 -0.047439575 0.04660034
0.006378174 0.0063171387 0.024597168
-0.016235352 0.045410156 0.00016784668
-0.0021820068 0.037460327 -0.0053253174
0.014312744 0.020980835 0.010543823
0.018585205 0.015472412 0.02154541
0.02407837 0.013031006 0.02154541
0.023468018 0.016082764 0.027648926
0.03201294 0.025863647 0.027038574
0.02897644 0.017318726 0.026428223
0.026519775 0.005706787 0.03315735
0.033233643 0.015472412 0.038650513
0.022247314 0.007537842 0.043533325
0.0033111572 -0.0022277832 0.042312622
0.0033111572 0.008758545 0.042312622
0.01675415 0.011810303 0.04475403
0.041793823 0.016082764 0.04475403
0.038131714 0.022201538 0.04475403
0.007598877 0.032577515 0.028274536
-0.00340271 0.027694702 0.0074920654
0.013687134 -0.004058838 -0.0022735596
0.02041626 -0.008346558 -0.0034942627
-0.007675171 0.024642944 -0.0053253174
-0.029663086 -0.07369995 0.03742981
0.03201294 -0.12562561 0.071624756
0.018585205 0.23049927 -0.013885498
0.03201294 0.22988892 -0.08047485
0.030197144 -0.10424805 0.1003418
0.061340332 -0.22764587 0.2164154
0.06378174 -0.04927063 0.12416077
0.03996277 0.11627197 0.019104004
0.02897644 0.10221863 0.036209106
0.04789734 0.037460327 0.111328125
0.06561279 0.04296875 0.12660217
0.07539368 0.10038757 0.09667969
0.079055786 0.13887024 0.091781616
0.061950684 0.13214111 0.107055664
0.04789734 0.088775635 0.12538147
0.06317139 0.07962036 0.14370728
0.078445435 0.104660034 0.15592957
0.061340332 0.11993408 0.1651001
0.03263855 0.09489441 0.18157959
0.047286987 0.048461914 0.19258118
0.06500244 0.041137695 0.1999054
0.055847168 0.05517578 0.19197083
0.06072998 0.058242798 0.1822052
0.08088684 0.072906494 0.2011261
0.08149719 0.08328247 0.2206726
0.05340576 0.058242798 0.21456909
0.017364502 0.024642944 0.19441223
0.002090454 -0.0071258545 0.1828003
-0.007675171 -0.012619019 0.17913818
-0.03149414 -0.041931152 0.17913818
-0.041885376 -0.09263611 0.2035675
-0.014389038 -0.091415405 0.26649475
0.014312744 -0.09814453 0.32086182
-0.010726929 -0.043151855 0.3446808
-0.06997681 0.0954895 0.3605652
-0.08648682 0.18896484 0.5224457
0.017974854 0.23416138 0.6629486
0.16641235 0.33190918 0.74420166
0.231781 0.49134827 0.7655792
0.14503479 0.58236694 0.80223083
0.046066284 0.5389862 0.884079
0.030197144 0.4986725 0.99098206
0.042404175 0.5536499 1.1235504
0.027130127 0.6538391 1.2579346
0.035690308 0.73690796 1.3171844
-0.00340271 0.7912903 1.3410187
-0.0834198 0.70025635 1.4277649
-0.17321777 0.5011139 1.5847473
-0.20925903 0.350235 1.6983795
-0.14083862 0.4705658 1.7234192
-0.044937134 0.7253113 1.6910553
-0.022949219 0.792511 1.678833
-0.05166626 0.7338562 1.7307434
-0.07548523 0.6104584 1.8083344
-0.061431885 0.46202087 1.8523102
-0.032714844 0.518219 1.8003845
-0.09136963 0.67277527 1.7295227
-0.21231079 0.6208496 1.7075348
-0.2672882 0.49378967 1.7356415
-0.20620728 0.42658997 1.741745
-0.105407715 0.46263123 1.6513367
-0.0846405 0.61779785 1.5261078
-0.19644165 0.72468567 1.4399719
-0.32104492 0.5927582 1.3953857
-0.35525513 0.4210968 1.4082031
-0.32226562 0.287323 1.4149323
-0.29478455 0.16941833 1.4002686
-0.3442688 0.13520813 1.394165
-0.45178223 0.20362854 1.4204254
-0.5751648 0.20179749 1.5175629
-0.7071228 0.014862061 1.7356415
-0.8274689 -0.26856995 1.9463959
-0.8793793 -0.37852478 2.0337372
-0.7853241 -0.03277588 2.033142
-0.5360718 0.2726593 1.9885406
-0.22331238 0.37893677 1.86026
0.04118347 0.3038025 1.6855469
0.17802429 0.10038757 1.5358734
0.16519165 -0.013839722 1.4088287
0.082107544 0.044189453 1.2762756
-0.006454468 0.18223572 1.2170105
-0.024780273 0.3239746 1.2945862
0.038131714 0.39604187 1.4967804
0.114486694 0.33251953 1.6543884
0.16091919 0.1749115 1.6916504
0.165802 0.052124023 1.6574402
0.15786743 0.044799805 1.6208038
0.1621399 0.07839966 1.6189575
0.20794678 0.092453 1.6458435
0.24032593 0.088775635 1.6427917
0.24093628 0.11077881 1.5835266
0.22871399 0.20240784 1.5016785
0.17253113 0.3196869 1.4418182
0.09310913 0.37649536 1.4124908
0.06072998 0.32946777 1.4039459
0.07234192 0.19812012 1.3947754
0.13954163 0.10160828 1.3477325
0.20916748 0.16880798 1.2964172
0.21406555 0.34718323 1.2805328
0.15664673 0.46263123 1.2768707
0.06806946 0.39421082 1.31781
0.06072998 0.16941833 1.3526306
0.18962097 0.013031006 1.3171844
0.32279968 0.108932495 1.2383881
0.3142395 0.3074646 1.1773071
0.22566223 0.42965698 1.1369781
0.21099854 0.35206604 1.1094971
0.2922516 0.22317505 1.0905609
0.30508423 0.17796326 1.031311
0.21528625 0.20973206 0.926239
0.14320374 0.24150085 0.84498596
0.12854004 0.25248718 0.79429626
0.090667725 0.21890259 0.77168274
0.061340332 0.19750977 0.79367065
0.061340332 0.19262695 0.84254456
0.07783508 0.17552185 0.87919617
0.09249878 0.15231323 0.83522034
0.05279541 0.13092041 0.74542236
0.021026611 0.084503174 0.68188477
0.050338745 0.07472229 0.7050934
0.070510864 0.1272583 0.7527466
0.033859253 0.16819763 0.7667999
0.0014953613 0.12666321 0.75764465
0.03201294 0.04296875 0.731369
0.045455933 0.023422241 0.6983795
0.02407837 0.08938599 0.6696625
0.022857666 0.15597534 0.6421814
0.05706787 0.15965271 0.6104126
0.09921265 0.14865112 0.5432129
0.11326599 0.18652344 0.4949646
0.114486694 0.16697693 0.4570923
0.15480042 0.128479 0.42471313
0.22383118 0.1242218 0.3611908
0.2122345 0.1578064 0.2548828
0.18656921 0.21217346 0.15959167
0.25071716 0.22683716 0.14065552
0.35211182 0.18774414 0.2035675
0.40769958 0.13092041 0.24206543
0.3765564 0.052734375 0.19624329
0.3582306 0.0753479 0.11193848
0.2818756 0.29708862 -0.0041046143
-0.05227661 0.4204712 -0.11224365
-0.29968262 0.26654053 -0.121398926
-0.36686707 -0.17022705 0.016662598
-0.2672882 -0.42312622 0.14981079
-0.019897461 -0.25024414 0.12843323
0.17434692 0.24150085 0.0062713623
0.27148438 0.7460785 -0.08779907
0.1987915 0.8896332 -0.10185242
0.06500244 0.40948486 -0.024276733
-0.05166626 -0.31071472 0.079574585
-0.16101074 -0.6552429 0.058792114
-0.26179504 -0.5850067 -0.03526306
-0.12739563 -0.25880432 -0.07374573
0.16641235 0.12237549 -0.011444092
0.21650696 0.24516296 0.048416138
0.05218506 0.03501892 0.016662598
0.055847168 -0.2667389 -0.11039734
0.20916748 -0.30827332 -0.25395203
0.2604828 -0.13539124 -0.3254242
0.18534851 -0.015670776 -0.357193
0.06929016 -0.08836365 -0.37734985
0.023468018 -0.32720947 -0.35902405
0.10960388 -0.44755554 -0.32176208
0.19207764 -0.30949402 -0.28694153
0.0839386 -0.09263611 -0.19592285
-0.05532837 0.04724121 -0.04260254
-0.07548523 0.08938599 0.10583496
-0.014389038 0.11077881 0.20724487
-0.027832031 0.14802551 0.1993103
-0.1652832 0.1272583 0.11071777
-0.19032288 -0.018112183 0.011169434
0.070510864 -0.20993042 0.02520752
0.39305115 -0.2215271 0.14187622
0.40647888 -0.091415405 0.24633789
0.091278076 0.04663086 0.2866516
-0.2929535 0.08267212 0.27871704
-0.7358246 -0.18977356 0.24206543
-1.0870819 -0.56300354 0.21151733
-0.8152466 -0.622879 0.23596191
-0.015609741 -0.13539124 0.40516663
0.5750885 0.47546387 0.7002106
0.7027588 0.6733856 0.86209106
0.6092987 0.3929901 0.6910553
0.36006165 -0.12562561 0.24511719
0.0039367676 -0.5300293 -0.19104004
-0.17504883 -0.57095337 -0.41583252
-0.10847473 -0.3351593 -0.42134094
0.11631775 0.030136108 -0.27166748
0.33441162 0.25126648 -0.14094543
0.37226868 0.2225647 -0.12322998
0.30142212 0.13642883 -0.14460754
0.24398804 0.121154785 -0.11956787
0.22077942 0.13276672 -0.03404236
0.1804657 0.13764954 0.0129852295
0.15052795 0.1407013 -0.012664795
0.12669373 0.1614685 -0.055419922
0.070510864 0.21217346 -0.08229065
0.04423523 0.2756958 -0.10002136
0.07173157 0.29647827 -0.08413696
0.115097046 0.26226807 -0.056640625
0.058288574 0.22988892 -0.07803345
-0.0687561 0.21400452 -0.16293335
-0.14390564 0.2250061 -0.2612915
-0.098083496 0.33007812 -0.28266907
-0.121917725 0.455307 -0.18981934
-0.38031006 0.323349 -0.06764221
-0.5085907 0.23538208 -0.05419922
-0.5965576 -0.018112183 -0.013885498
-0.6490936 -0.28689575 0.09422302
-0.49453735 -0.20932007 0.19868469
-0.19337463 0.23538208 0.3123169
-0.07121277 0.6709442 0.5022888
-0.2318573 0.69903564 0.6727295
-0.4890442 0.3722229 0.7130432
-0.6063385 -0.1060791 0.6537781
-0.5684509 -0.4982605 0.59391785
-0.5006561 -0.7200012 0.5230713
-0.23919678 -0.5361328 0.40638733
0.15420532 -0.063934326 0.28970337
0.13098145 0.45591736 0.3935547
0.051574707 0.38505554 0.3141327
0.054016113 0.18835449 0.11805725
0.0069732666 0.0014343262 -0.05114746
-0.044326782 -0.09263611 -0.09269714
-0.065704346 -0.09996033 -0.046875
-0.03883362 -0.047439575 0.0044403076
0.002090454 0.00021362305 0.022155762
0.06317139 0.019134521 -0.01449585
0.0839386 -0.04988098 -0.056640625
0.06561279 -0.11035156 -0.07496643
0.012466431 -0.10118103 -0.11224365
-0.024780273 -0.047439575 -0.15438843
0.059509277 0.039916992 -0.1635437
0.17556763 0.20179749 -0.12384033
0.08578491 0.12237549 -0.08596802
-0.20559692 -0.21786499 -0.089019775
-0.45361328 -0.39990234 -0.1769867
-0.573349 -0.4237213 -0.33093262
-0.480484 -0.31622314 -0.41889954
-0.13290405 -0.05354309 -0.28572083
0.32585144 0.2751007 0.00016784668
0.5457611 0.3050232 0.22801208
0.48529053 -0.0071258545 0.3013153
0.29042053 -0.4506073 0.20907593
0.02407837 -0.6876221 0.0129852295
-0.2318573 -0.59233093 -0.21424866
-0.20742798 -0.2239685 -0.39567566
0.11143494 0.2237854 -0.38224792
0.3264618 0.4693451 -0.19104004
0.30264282 0.42414856 -0.036483765
0.16946411 0.19750977 -0.011444092
-0.027832031 -0.12745667 -0.1476593
-0.04798889 -0.08041382 -0.12994385
-0.03883362 -0.015060425 -0.088409424
0.033859253 0.061904907 -0.09513855
0.098602295 0.14620972 -0.15988159
0.091278076 0.20729065 -0.2124176
0.06929016 0.19262695 -0.1794281
0.07417297 0.08694458 -0.068862915
0.09555054 -0.0010070801 0.034988403
0.09249878 -0.027893066 0.08262634
0.11204529 0.105270386 0.08018494
0.012466431 0.10343933 0.071014404
-0.2135315 -0.09385681 0.068573
-0.33570862 -0.19770813 -0.027328491
-0.33570862 -0.22518921 -0.07437134
-0.10725403 -0.039489746 -0.011444092
0.22261047 0.3184662 0.13699341
0.4156494 0.581131 0.25305176
0.36921692 0.5414429 0.2646637
0.08027649 0.16880798 0.25978088
-0.2514038 -0.35165405 0.2646637
-0.49331665 -0.7090149 0.29948425
-0.5061493 -0.7328186 0.3282013
-0.15979004 -0.44145203 0.3312378
0.0082092285 -0.13905334 0.3300171
-0.12557983 -0.019943237 0.2854309
-0.12251282 0.017318726 0.17120361
0.058288574 0.08328247 0.06430054
0.1804657 0.1724701 0.002609253
0.15724182 0.20362854 -0.05480957
0.05645752 0.09916687 -0.11039734
-0.033935547 -0.10913086 -0.16720581
-0.018676758 -0.19648743 -0.20507812
0.05340576 -0.1048584 -0.20507812
0.08332825 -0.0059051514 -0.1928711
0.06072998 0.051513672 -0.22036743
-0.020507812 0.0741272 -0.29916382
-0.09074402 0.033187866 -0.3559723
-0.10359192 -0.020553589 -0.37490845
-0.057769775 0.028915405 -0.3889618
0.07356262 0.18896484 -0.39872742
0.058288574 0.2897644 -0.39935303
-0.19154358 0.26226807 -0.4543152
-0.5281372 0.1907959 -0.5838318
-0.741333 0.13459778 -0.71577454
-0.7340088 0.055786133 -0.796402
-0.3613739 -0.015060425 -0.76342773
0.29408264 -0.020553589 -0.5557251
0.77789307 0.11932373 -0.14888
0.72535706 0.05029297 0.25856018
0.27026367 -0.010787964 0.19380188
-0.13902283 -0.28323364 -0.23625183
-0.21231079 -0.6980133 -0.61865234
-0.06387329 -0.56056213 -0.7939606
0.14320374 -0.08592224 -0.694397
0.16946411 0.2720337 -0.42256165
0.11204529 0.43881226 -0.13972473
0.15542603 0.31419373 0.002609253
0.19207764 0.13214111 0.034988403
0.333786 -0.06942749 0.08506775
0.41748047 -0.075531006 0.09056091
0.4437561 -0.035827637 0.0337677
0.35762024 0.035629272 -0.064590454
0.23483276 0.13154602 -0.1464386
0.15235901 0.16758728 -0.18981934
0.17068481 0.09060669 -0.18615723
0.2476654 -0.02545166 -0.17576599
0.26843262 -0.062698364 -0.16783142
0.23971558 0.0014343262 -0.1806488
0.21284485 0.07839966 -0.18737793
0.22383118 0.2396698 -0.16415405
0.07600403 0.20484924 -0.14033508
-0.15000916 0.044189453 -0.12872314
-0.2807312 -0.10424805 -0.13911438
-0.3503723 -0.29177856 -0.05908203
-0.23736572 -0.3547058 0.060638428
0.05340576 -0.14761353 0.2170105
0.28125 0.20973206 0.37095642
0.25193787 0.32763672 0.44181824
0.082107544 0.08694458 0.42349243
-0.033935547 -0.2740631 0.41493225
-0.057769775 -0.46037292 0.42959595
-0.1298523 -0.46710205 0.42410278
-0.26791382 -0.40602112 0.3477478
-0.22209167 -0.23374939 0.23840332
0.027740479 0.049072266 0.14370728
0.17741394 0.28120422 0.10644531
0.17068481 0.3380127 0.06796265
0.14503479 0.25737 -0.03892517
0.10411072 0.085113525 -0.1928711
0.012466431 -0.055374146 -0.28572083
-0.04310608 -0.022994995 -0.29611206
-0.006454468 0.1602478 -0.27778625
0.02835083 0.37405396 -0.23747253
-0.0009613037 0.4064331 -0.2087555
-0.03883362 0.2262268 -0.20692444
-0.11152649 0.024032593 -0.25761414
-0.25752258 -0.12623596 -0.32725525
-0.365036 -0.11340332 -0.37124634
-0.43528748 0.056411743 -0.39323425
-0.48538208 0.28425598 -0.357193
-0.5611267 0.46080017 -0.25335693
-0.67718506 0.3526764 -0.18309021
-0.8299103 0.07595825 -0.29426575
-0.9740753 -0.22091675 -0.5471649
-1.1054077 -0.5654602 -0.8581085
-1.0999146 -0.7151184 -1.1830902
-0.80792236 -0.4530487 -1.2680054
-0.33631897 0.0942688 -1.0401459
0.058898926 0.545105 -0.59054565
0.27453613 0.58969116 -0.089019775
0.36982727 0.26348877 0.2487793
0.4083252 -0.23252869 0.21763611
0.4425354 -0.64730835 -0.23318481
0.48590088 -0.8745575 -0.7780762
0.5115509 -0.8030853 -1.0908508
0.4981079 -0.4664917 -0.977829
0.48345947 -0.07736206 -0.59420776
0.4920044 0.13887024 -0.24295044
0.4993286 0.1602478 -0.09513855
0.4272461 -0.0413208 -0.17149353
0.3484497 -0.4616089 -0.3297119
0.22810364 -0.8366852 -0.39813232
0.1474762 -0.9008179 -0.3266449
0.22505188 -0.6540222 -0.2295227
0.42114258 -0.11891174 -0.17088318
0.5903473 0.31419373 -0.1611023
0.6789398 0.5121155 -0.14826965
0.67770386 0.46018982 -0.13545227
0.6269989 0.2915802 -0.072525024
0.5237732 0.23110962 0.047195435
0.38082886 0.19689941 0.16447449
0.24093628 0.44430542 0.29154968
0.05645752 0.623291 0.3318634
-0.19215393 0.2689972 0.18830872
-0.3014984 0.014862061 0.023376465
-0.23858643 0.007537842 -0.09147644
-0.18788147 -0.01689148 -0.1928711
-0.29112244 -0.051712036 -0.24784851
-0.3442688 0.14743042 -0.22584534
-0.22026062 0.34352112 -0.15621948
0.027130127 0.4724121 -0.07803345
0.23788452 0.52127075 -0.053588867
0.2482605 0.45713806 -0.07559204
0.057678223 0.31541443 -0.109802246
-0.12863159 0.17430115 -0.13116455
-0.20010376 0.0014343262 -0.085357666
-0.20376587 -0.19526672 0.027038574
-0.20681763 -0.3351593 0.1027832
-0.22697449 -0.38279724 0.052703857
-0.22575378 -0.36569214 -0.109176636
0.049743652 0.09611511 -0.34681702
0.1352539 0.21583557 -0.3914032
0.18901062 0.13214111 -0.43110657
0.19940186 -0.14517212 -0.3742981
0.13891602 -0.49214172 -0.25212097
0.03263855 -0.5556793 -0.3266449
0.1169281 -0.6185913 -0.3718567
0.10592651 -0.4860382 -0.3938446
0.099823 -0.44755554 -0.3755188
0.086380005 -0.3180542 -0.44088745
0.14135742 -0.18792725 -0.4903717
0.20550537 -0.20259094 -0.50502014
0.22322083 -0.42434692 -0.4921875
0.31852722 -0.6784668 -0.46714783
0.43458557 -0.7572632 -0.47937012
0.47306824 -0.5581207 -0.46958923
0.4590149 -0.29238892 -0.44210815
0.2653656 -0.38830566 -0.50502014
-0.09259033 -0.6809082 -0.6522522
-0.38458252 -0.8232422 -0.8031311
-0.35098267 -0.6039276 -0.8336792
-0.109069824 -0.16900635 -0.7060089
0.04423523 0.09489441 -0.4915924
0.12547302 0.019760132 -0.33398438
0.14442444 -0.26062012 -0.24967957
0.14076233 -0.541626 -0.20080566
-0.09136963 -0.26490784 -0.6583557
-0.026000977 -0.39746094 -0.6033783
0.03996277 -0.4359436 -0.48547363
-0.1665039 -0.13357544 -0.32054138
-0.20071411 -0.032165527 -0.28755188
-0.13839722 -0.04927063 -0.2649536
-0.0052337646 -0.054763794 -0.19958496
-0.016830444 -0.024230957 -0.03404236
-0.15122986 -0.107299805 -0.045043945
-0.20071411 -0.17388916 -0.113464355
-0.20620728 -0.14883423 -0.21914673
-0.15245056 0.14926147 -0.31199646
-0.05593872 0.21827698 -0.18859863
-0.019897461 0.25065613 -0.07374573
-0.14328003 0.084503174 -0.068862915
-0.17077637 -0.22886658 -0.30099487
0.16275024 0.084503174 -0.23684692
0.3899994 0.43025208 -0.029159546
0.25254822 0.39544678 0.096069336
-0.18971252 -0.088974 -0.20814514
-0.13595581 -0.0901947 -0.28877258
0.010650635 0.05885315 -0.2649536
0.10411072 0.16697693 -0.19897461
0.011245728 0.072906494 -0.025497437
-0.07487488 -0.0010070801 0.0129852295
-0.09259033 -0.04988098 0.047821045
-0.036392212 -0.06515503 0.058792114
-0.00035095215 -0.047439575 0.051483154
-0.17445374 0.008148193 -0.016326904
-0.2825775 0.020355225 -0.08352661
-0.31922913 0.061904907 -0.09817505
-0.30334473 0.03868103 -0.06581116
-0.121292114 -0.12501526 -0.11039734
-0.0070648193 -0.062088013 -0.15682983
0.014907837 0.0038757324 -0.13667297
-0.07182312 0.049682617 -0.10612488
-0.19215393 0.048461914 -0.088409424
-0.2135315 0.04724121 0.030090332
-0.16711426 0.081451416 0.11805725
-0.105407715 0.060073853 0.09851074
-0.04737854 0.019760132 0.027038574
-0.024780273 -0.07247925 -0.03892517
0.0082092285 -0.1402893 -0.05848694
0.05645752 -0.14639282 -0.041381836
0.06072998 -0.17816162 -0.027938843
0.06378174 -0.21481323 -0.010223389
0.09249878 -0.21359253 -0.0077819824
0.050964355 -0.17204285 -0.024276733
-0.018066406 -0.12135315 -0.029769897
-0.050430298 -0.079818726 -0.037704468
-0.07853699 -0.05659485 -0.06764221
-0.109695435 -0.046829224 -0.08413696
-0.1005249 -0.059036255 -0.06336975
0.011245728 -0.098739624 -0.009002686
-0.0009613037 -0.08226013 -0.007171631
-0.06265259 -0.079193115 -0.011444092
-0.090148926 -0.079193115 -0.027328491
-0.054718018 -0.095077515 -0.015106201
-0.007675171 -0.10546875 0.006881714
-0.012573242 -0.08958435 0.01361084
-0.046157837 -0.0718689 0.00077819824
-0.06816101 -0.046218872 0.022155762
-0.05593872 -0.013839722 0.04537964
-0.016830444 0.03501892 0.06430054
0.019195557 0.06800842 0.08506775
0.037521362 0.06983948 0.083236694
0.025299072 0.055786133 0.062469482
0.019805908 0.045410156 0.042312622
0.03263855 0.105270386 0.016052246
0.013687134 0.2237854 0.035598755
-0.021728516 0.2549286 0.103393555
0.14930725 -0.017501831 0.1174469
0.14503479 -0.33392334 0.19075012
0.079055786 -0.12072754 0.1308899
-0.065704346 0.3227539 0.010543823
-0.0687561 0.45591736 -0.052978516
0.035690308 0.072906494 0.083236694
0.11143494 -0.2655182 0.22129822
0.12976074 -0.16044617 0.22312927
0.082107544 0.11566162 0.18586731
0.022247314 0.22866821 0.17547607
0.022247314 0.17430115 0.22007751
0.094940186 0.080841064 0.2927704
0.19818115 0.029525757 0.3648529
0.27026367 0.03501892 0.40333557
0.24093628 0.08633423 0.4167633
0.110824585 0.15048218 0.44792175
-0.013793945 0.19506836 0.5200043
-0.1335144 0.19873047 0.6336365
-0.18360901 0.21951294 0.689209
-0.14328003 0.221344 0.65867615
-0.06692505 0.093673706 0.65133667
0.025299072 -0.02848816 0.6873932
0.06561279 -0.04437256 0.79489136
-0.0027923584 0.021575928 1.0093079
-0.12924194 0.09489441 1.3049774
-0.28379822 0.14987183 1.614685
-0.375412 0.28059387 1.728302
-0.3503723 0.37771606 1.6434021
-0.25630188 0.4345398 1.6348419
-0.17016602 0.42965698 1.7741241
-0.07243347 0.46446228 1.8193207
0.0033111572 0.4675293 1.7386932
0.049743652 0.38139343 1.6989746
0.09249878 0.34535217 1.7246399
0.10411072 0.416214 1.7680206
0.06378174 0.58847046 1.8101654
-0.028442383 0.78944397 1.8547516
-0.1493988 0.86701965 1.8804169
-0.2306366 0.76867676 1.831543
-0.19032288 0.6196289 1.7038727
-0.057769775 0.4986725 1.6091919
0.035079956 0.38993835 1.6165161
0.03996277 0.40092468 1.6879883
0.0051574707 0.5463257 1.757019
-0.08770752 0.66482544 1.7698517
-0.18666077 0.6428375 1.7099762
-0.18849182 0.49195862 1.612854
-0.0675354 0.3441162 1.5615387
0.041793823 0.2897644 1.573761
0.06439209 0.402771 1.6152954
0.0057525635 0.55303955 1.6275177
-0.07914734 0.58236694 1.6372833
-0.11824036 0.4565277 1.6195679
-0.077926636 0.3019867 1.5444336
-0.040664673 0.21951294 1.4931183
-0.041275024 0.2714386 1.4833527
-0.05593872 0.416214 1.4772339
-0.0687561 0.50050354 1.4772339
-0.0687561 0.47424316 1.4754028
-0.045547485 0.35939026 1.4778442
-0.030883789 0.23049927 1.5041199
-0.03211975 0.18408203 1.5413818
-0.0675354 0.2579956 1.549942
-0.13412476 0.34840393 1.5010681
-0.14634705 0.3025818 1.4564667
-0.0687561 0.14987183 1.4057617
0.05218506 -0.0071258545 1.3294067
0.01612854 0.09060669 1.2603912
0.011871338 0.19812012 1.2854309
0.0039367676 0.3575592 1.2860413
-0.034561157 0.4870758 1.2780914
-0.09197998 0.48217773 1.2664948
-0.12617493 0.39726257 1.2475433
-0.07304382 0.34474182 1.2286224
-0.0027923584 0.36428833 1.2182312
-0.08892822 0.31541443 1.1980743
-0.15979004 0.24455261 1.1418762
-0.18544006 0.18774414 1.0868835
-0.15856934 0.18713379 1.0630798
-0.1005249 0.22683716 1.0636749
-0.05593872 0.23905945 1.0545197
-0.024169922 0.23110962 1.0184784
-0.017456055 0.20301819 0.94395447
-0.04798889 0.17430115 0.85232544
-0.101135254 0.17063904 0.79307556
-0.09136963 0.1455841 0.76924133
-0.0021820068 0.11077881 0.7722931
0.055847168 0.09060669 0.7722931
0.030792236 0.069229126 0.74542236
-0.01928711 0.038085938 0.6983795
-0.045547485 0.014862061 0.64523315
-0.069381714 -0.0046844482 0.612854
-0.12007141 0.0014343262 0.59880066
-0.1823883 0.0063171387 0.5865936
-0.20315552 -0.066986084 0.58903503
-0.14205933 -0.10240173 0.6360779
-0.02355957 -0.024230957 0.7063141
0.05340576 0.09855652 0.74113464
0.042404175 0.15841675 0.6959381
0.022247314 0.17857361 0.5908661
-0.01133728 0.18223572 0.48823547
-0.06997681 0.19018555 0.40150452
-0.15245056 0.19445801 0.3514099
-0.21231079 0.16268921 0.33857727
-0.22148132 0.096725464 0.3306427
-0.2129364 0.048461914 0.2976532
-0.22209167 0.030136108 0.2316742
-0.22392273 0.040527344 0.16569519
-0.24163818 0.057632446 0.14553833
-0.21231079 0.021575928 0.1693573
-0.17138672 -0.039489746 0.20478821
-0.13168335 -0.0730896 0.2170105
-0.0675354 -0.054153442 0.1980896
-0.0052337646 -0.022994995 0.19136047
0.057678223 -0.006500244 0.20968628
0.1010437 -0.03277588 0.24023438
0.1462555 -0.07614136 0.24816895
0.19207764 -0.09263611 0.21885681
0.19696045 -0.066986084 0.1846466
0.19145203 0.005706787 0.1510315
0.2000122 0.093673706 0.12294006
0.20245361 0.1425476 0.107055664
0.16763306 0.14865112 0.0868988
0.12181091 0.14498901 0.071014404
0.14320374 0.1736908 0.07833862
0.18962097 0.26593018 0.12904358
0.15602112 0.37039185 0.20175171
-0.044326782 0.1907959 0.21334839
-0.1640625 0.03074646 0.20846558
-0.18910217 -0.03643799 0.17913818
-0.16038513 -0.18977356 0.1993103
-0.08830261 -0.36325073 0.19502258
0.11936951 -0.2239685 0.1357727
0.34661865 0.22439575 0.1638794
0.33563232 0.56526184 0.2952118
0.15052795 0.54815674 0.37522888
-0.00340271 0.20729065 0.35202026
-0.085861206 -0.22213745 0.30619812
-0.11091614 -0.45243835 0.27993774
-0.07853699 -0.47810364 0.26649475
0.037521362 -0.40907288 0.25733948
0.18351746 -0.22886658 0.30680847
0.267807 0.045410156 0.40455627
0.24520874 0.2567749 0.48701477
0.19940186 0.2928009 0.47479248
0.13587952 0.14802551 0.38684082
0.06500244 -0.043777466 0.2658844
-0.018676758 -0.22518921 0.17608643
-0.06816101 -0.33088684 0.13394165
-0.07243347 -0.3241577 0.10522461
-0.06265259 -0.22825623 0.083236694
-0.029663086 -0.10058594 0.058792114
0.021636963 -0.040100098 0.02154541
0.054016113 -0.07858276 -0.013885498
0.049743652 -0.13723755 -0.060302734
0.045455933 -0.19953918 -0.11102295
0.098602295 -0.21725464 -0.1476593
0.22200012 -0.15800476 -0.16905212
0.2806549 0.0093688965 -0.15988159
0.10348511 0.021575928 -0.20629883
-0.21965027 -0.09385681 -0.291214
-0.64604187 -0.17633057 -0.4714203
-0.93681335 -0.15800476 -0.6766815
-0.70651245 0.040527344 -0.7005005
-0.026000977 0.38871765 -0.40238953
0.54270935 0.65444946 0.115615845
0.97032166 0.4357605 0.7050934
0.7644501 -0.050491333 0.69654846
0.3105774 -0.5953827 0.42349243
-0.09074402 -0.85928345 0.0032196045
-0.2300415 -0.6375427 -0.36695862
-0.05104065 -0.062088013 -0.511734
0.21099854 0.4192505 -0.3645172
0.2470398 0.5194397 -0.20263672
0.18901062 0.38627625 -0.18553162
0.13647461 0.26531982 -0.24662781
0.06378174 0.20240784 -0.27900696
-0.029052734 0.16513062 -0.27227783
-0.0675354 0.1590271 -0.27290344
-0.045547485 0.18835449 -0.2967224
-0.069381714 0.16636658 -0.26678467
-0.065704346 0.10771179 -0.16720581
-0.015609741 0.08328247 -0.048095703
0.035079956 0.10649109 0.050857544
0.07234192 0.12054443 0.12110901
0.058898926 0.07901001 0.19685364
0.079055786 0.008758545 0.24572754
0.16091919 0.04724121 0.2164154
0.06439209 0.09182739 0.11254883
-0.34609985 -0.21298218 -0.0053253174
-0.61854553 -0.3809662 -0.060302734
-0.59716797 -0.46037292 -0.11468506
-0.22880554 -0.32354736 -0.041381836
0.114486694 -0.016281128 0.10522461
0.14076233 0.2714386 0.21885681
0.18717957 0.5377655 0.2206726
0.22749329 0.58602905 0.2170105
0.12547302 0.34106445 0.25061035
-0.09442139 -0.14151001 0.2866516
-0.35342407 -0.63264465 0.30619812
-0.5385132 -0.91304016 0.2805481
-0.40657043 -0.7334442 0.24145508
0.050964355 -0.14639282 0.2164154
0.15235901 0.3093109 0.2536621
-0.11824036 0.41255188 0.2854309
-0.2672882 0.24821472 0.23840332
-0.1457367 0.03501892 0.1357727
0.010650635 -0.098739624 0.042922974
-0.034561157 -0.15127563 -0.0022735596
-0.13534546 -0.14639282 -0.021820068
-0.14756775 -0.15005493 -0.037704468
-0.09625244 -0.18243408 -0.06274414
-0.052886963 -0.19221497 -0.104904175
-0.05166626 -0.16716003 -0.15011597
-0.060821533 -0.12440491 -0.1928711
-0.065093994 -0.091415405 -0.25028992
-0.07060242 -0.07797241 -0.29367065
-0.060821533 -0.06820679 -0.30465698
-0.021118164 -0.051712036 -0.30038452
0.03201294 -0.031555176 -0.28633118
0.10777283 0.0014343262 -0.24172974
0.12792969 -0.035827637 -0.21180725
-0.05960083 -0.34187317 -0.22584534
-0.3149414 -0.6192169 -0.25946045
-0.43711853 -0.66685486 -0.35292053
-0.3955841 -0.43778992 -0.39691162
-0.3503723 -0.123184204 -0.30099487
-0.33265686 0.04663086 -0.14399719
-0.18055725 0.06617737 -0.019989014
0.12792969 0.0423584 0.09484863
0.45046997 0.041137695 0.2035675
0.6129608 0.028305054 0.25856018
0.54759216 -0.03338623 0.2328949
0.33195496 -0.16349792 0.17852783
0.054016113 -0.42861938 0.07040405
-0.1640625 -0.8134613 -0.120788574
-0.22453308 -0.9399109 -0.3449707
0.006378174 -0.50131226 -0.4738617
0.28431702 0.124816895 -0.37980652
0.2836914 0.5658722 -0.19226074
0.1486969 0.8169403 -0.057266235
0.021026611 0.56892395 0.09239197
0.06378174 0.058242798 0.17120361
0.07234192 -0.32659912 0.2170105
-0.060821533 -0.46343994 0.21029663
-0.15916443 -0.4640503 0.13394165
-0.131073 -0.46954346 0.06123352
0.05706787 -0.28445435 0.04170227
0.27941895 -0.07369995 0.08872986
0.35884094 0.08633423 0.17425537
0.20977783 0.13887024 0.27566528
-0.024780273 0.15475464 0.3672943
-0.12313843 0.23294067 0.4570923
-0.08648682 0.43269348 0.49189758
-0.077926636 0.5206604 0.47846985
-0.16711426 0.42292786 0.46014404
-0.26179504 0.2702179 0.47175598
-0.23980713 0.2756958 0.44487
-0.12924194 0.41558838 0.368515
-0.1811676 0.507843 0.4131012
-0.31433105 0.39360046 0.46746826
-0.3479309 0.221344 0.4900818
-0.19154358 0.1932373 0.4931183
0.023468018 0.38261414 0.5096283
0.07722473 0.5756531 0.5371094
-0.03211975 0.5982361 0.5169525
-0.1640625 0.49684143 0.4607544
-0.24468994 0.29647827 0.42044067
-0.20071411 0.09489441 0.35751343
-0.20132446 0.06800842 0.27198792
-0.33692932 0.20423889 0.25061035
-0.4157257 0.34596252 0.28970337
-0.38885498 0.375885 0.33613586
-0.3161621 0.30136108 0.37095642
-0.29356384 0.12359619 0.43203735
-0.29600525 -0.054763794 0.53100586
-0.25569153 -0.12867737 0.60491943
-0.17749023 -0.05354309 0.6116333
-0.18727112 0.06983948 0.5578766
-0.2813568 0.11199951 0.5145111
-0.2807312 0.055786133 0.5022888
-0.20376587 -0.07736206 0.497406
-0.12313843 -0.16716003 0.46136475
-0.097473145 -0.11279297 0.3453064
-0.15184021 0.023422241 0.1852417
-0.18299866 0.13032532 0.06185913
-0.09991455 0.13887024 0.030715942
0.06317139 0.124816895 0.07223511
0.18107605 0.128479 0.111328125
0.16275024 0.06739807 0.09300232
0.055847168 -0.0004119873 0.010543823
-0.032714844 -0.0077209473 -0.089019775
-0.10296631 -0.015060425 -0.15682983
-0.1799469 -0.05659485 -0.18003845
-0.1958313 -0.018722534 -0.15560913
-0.11152649 0.1907959 -0.076812744
-0.008895874 0.3832245 0.06796265
0.045455933 0.33374023 0.18157959
0.030792236 0.08206177 0.22434998
-0.03517151 -0.12989807 0.20297241
-0.11152649 -0.13113403 0.1669159
-0.16467285 -0.03277588 0.147995
-0.13780212 0.06373596 0.111328125
-0.04737854 0.13154602 0.03437805
-0.021118164 0.069229126 -0.029769897
-0.077316284 -0.035827637 -0.08779907
-0.11579895 -0.08531189 -0.10673523
-0.06816101 -0.088974 -0.07740784
0.013092041 0.0093688965 -0.05419922
0.049743652 0.0753479 -0.041381836
0.002090454 0.072906494 -0.063964844
-0.04310608 0.023422241 -0.09269714
-0.0027923584 -0.04988098 -0.10368347
0.058898926 -0.07369995 -0.07925415
0.07295227 -0.058425903 -0.04319763
0.11387634 -0.06147766 -0.032211304
0.13891602 -0.05354309 -0.06336975
0.03630066 -0.009567261 -0.09880066
-0.07121277 0.061904907 -0.09085083
-0.044937134 0.084503174 -0.06274414
0.035079956 0.04663086 -0.018157959
0.04118347 -0.0046844482 0.022766113
-0.01133728 -0.00894165 0.020324707
-0.073654175 -0.02116394 -0.018157959
-0.07487488 -0.04866028 -0.04748535
-0.008895874 -0.041931152 -0.03404236
0.035079956 -0.018112183 0.006881714
0.02897644 -0.0022277832 0.031936646
0.012466431 0.00021362305 0.016052246
0.0014953613 -0.0022277832 0.014221191
0.002090454 -0.00894165 0.019714355
0.018585205 0.004470825 0.008102417
0.046066284 0.018539429 -0.0065612793
0.07783508 0.030136108 0.0056610107
0.058288574 0.0435791 0.012390137
0.0045318604 0.06373596 -0.001663208
-0.010726929 0.07778931 -0.008392334
0.010650635 0.044189453 0.0032196045
0.034469604 -0.0010070801 0.016662598
0.058288574 -0.0077209473 0.018493652
0.051574707 -0.0028533936 0.008102417
0.022247314 0.002029419 -0.0034942627
-0.0070648193 0.02281189 -0.01083374
-0.016235352 0.038085938 -0.01449585
-0.010116577 0.015472412 -0.011444092
0.011871338 -0.0046844482 -0.011444092
0.023468018 -0.0071258545 -0.019378662
0.009429932 0.0008087158 -0.02305603
0.0069732666 0.015472412 -0.023651123
0.011871338 0.023422241 -0.025497437
-0.008285522 0.044189453 -0.029159546
-0.033340454 0.0435791 -0.004714966
0.09249878 0.019760132 0.003829956
0.2641449 -0.14456177 0.040481567
0.19267273 -0.18121338 0.060638428
-0.017456055 -0.004058838 0.00077819824
-0.20864868 0.23660278 -0.085357666
-0.1298523 0.38078308 -0.17332458
0.12365723 -0.063323975 -0.00044250488
0.17741394 -0.5642395 0.21334839
0.094329834 -0.4335022 0.1522522
-0.065704346 -0.0572052 -0.0041046143
-0.16833496 0.057022095 -0.06336975
-0.105407715 -0.058425903 -0.051757812
-0.009506226 -0.14395142 -0.030380249
0.059509277 -0.11340332 -0.036483765
0.10838318 -0.058425903 -0.04319763
0.123031616 -0.03704834 -0.045639038
0.09921265 -0.04866028 -0.013885498
0.043014526 -0.038269043 -0.0034942627
0.037521362 0.0038757324 -0.049316406
0.11753845 0.072906494 -0.14399719
0.20733643 0.05456543 -0.17759705
0.23117065 -0.0071258545 -0.14460754
0.2158966 -0.075531006 -0.14704895
0.22627258 -0.0743103 -0.14888
0.21528625 -0.033996582 -0.10734558
0.17131042 0.13703918 -0.28572083
0.2934723 0.38383484 -0.78175354
0.6868744 0.53227234 -1.0908508
1.1871796 0.62390137 -1.381012
1.460846 0.36550903 -1.6070251
1.2800293 -0.14273071 -1.5215149
0.52682495 0.16453552 -0.9857788
-0.612442 1.0075378 -0.02243042
-1.5379028 1.3484039 0.6959381
-1.958786 1.0863342 0.77900696
-1.5580597 0.8254852 0.5529938
-0.48292542 0.6141205 0.25549316
0.45596313 0.36489868 0.1308899
0.7174225 0.22012329 0.1834259
0.7375641 0.28486633 0.27444458
0.6661072 0.4198761 0.3000946
0.5433197 0.60435486 0.19685364
0.38082886 0.6800995 0.04660034
0.16641235 0.5273895 -0.018157959
0.030197144 0.17552185 0.11439514
0.06317139 -0.11769104 0.25733948
0.18901062 -0.10668945 0.24633789
0.2830963 0.11199951 0.20907593
0.30142212 0.22988892 0.2157898
0.25682068 0.18041992 0.23777771
0.19389343 0.060684204 0.24267578
0.1157074 -0.014450073 0.18035889
0.047286987 -0.058425903 0.0844574
0.058898926 -0.009567261 0.06491089
0.17007446 0.06251526 0.12232971
0.2617035 0.08267212 0.13821411
0.22749329 0.017318726 0.07711792
0.16824341 -0.019943237 0.02154541
0.1474762 -0.0034484863 -0.0010528564
0.1181488 -0.0413208 0.009933472
0.10533142 -0.024230957 0.0032196045
0.066833496 0.026473999 0.0019989014
0.012466431 0.03074646 0.083847046
-0.007675171 -0.029724121 0.1675415
-0.015014648 -0.088974 0.14248657
-0.010726929 -0.088974 0.04170227
0.0057525635 0.015472412 -0.041381836
0.015533447 0.15597534 -0.021209717
0.049743652 0.14498901 0.059417725
0.06011963 0.040527344 0.11439514
0.013687134 -0.0071258545 0.115615845
-0.019897461 -0.0059051514 0.005050659
-0.12007141 -0.060256958 -0.08106995
-0.17016602 -0.074920654 0.039260864
0.0082092285 0.031967163 0.15776062
0.1486969 0.1071167 0.15959167
0.15298462 0.13276672 0.05331421
-0.03517151 0.18223572 -0.048706055
-0.2843933 0.080841064 -0.05419922
-0.15184021 -0.030334473 -0.016937256
