-158.99734 -105.781555 64.273834
-158.51543 -105.71594 64.71812
-157.95479 -106.453705 64.19525
-157.25479 -107.13692 64.1922
-156.33049 -107.96242 63.77945
-155.55458 -108.71887 63.033295
-155.25742 -108.89473 63.4037
-154.87671 -108.88214 63.476944
-154.56886 -108.79822 63.32779
-154.57344 -108.908844 63.69896
-154.32854 -108.41904 63.36441
-154.14124 -108.48694 63.549805
-154.3644 -108.30803 63.773727
-154.57916 -107.90672 63.700485
-154.74586 -108.31947 64.10866
-155.16243 -108.2962 63.812256
-155.16243 -108.2962 63.812256
-155.17044 -108.55675 63.55133
-155.02281 -108.70094 63.43956
-154.80576 -109.06563 63.401794
-154.76685 -109.0271 63.624573
-154.38423 -108.90274 64.255905
-153.93867 -109.22241 64.328384
-153.65791 -108.76808 64.216995
-152.47688 -108.65631 64.28871
-152.00996 -108.30765 64.39934
-151.79863 -107.59506 64.88304
-151.62201 -106.77223 65.40375
-151.72157 -106.292725 65.665054
-151.4019 -105.80025 65.70244
-150.60158 -105.70068 66.072464
-149.9382 -106.34804 66.10718
-149.56436 -106.55937 66.21704
-149.32137 -107.255936 66.5863
-149.64905 -108.008575 66.511154
-149.61853 -108.22983 66.58478
-149.40376 -108.59299 66.9178
-149.45068 -108.89206 66.58287
-149.1375 -108.58498 66.73126
-148.90251 -108.35457 67.02843
-148.79227 -108.462524 67.139435
-148.66257 -107.97577 67.28935
-148.78731 -108.35152 66.88042
-148.9132 -108.76465 66.508865
-149.21227 -108.66318 66.02669
-149.34235 -109.14955 66.06293
-149.31374 -109.44519 66.09917
-149.34311 -109.14879 66.24832
-149.47281 -109.635544 66.285324
-149.5224 -110.00824 66.13617
-149.43695 -109.67102 66.5081
-149.3061 -110.3344 66.54358
-148.80257 -110.02121 66.6172
-148.74306 -109.313965 67.064285
-148.81248 -109.13086 66.99066
-148.45352 -108.60062 66.91666
-148.87047 -108.576965 66.9548
-148.76518 -108.87108 66.69388
-148.50235 -108.974075 66.50734
-148.53935 -108.93822 66.469955
-148.57979 -108.97598 66.69273
-148.68965 -108.83026 66.95328
-148.62213 -109.088135 66.952515
-149.04213 -109.13811 67.250824
-148.29025 -109.41124 67.21153
-148.03772 -109.848785 66.91322
-148.26279 -109.78165 66.95175
-148.04573 -110.14633 66.54167
-148.31047 -110.08034 66.72821
-148.60802 -109.86748 66.76636
-148.64616 -109.83124 67.100525
-148.48251 -109.45511 67.323685
-148.64883 -108.75549 67.139435
-148.53554 -108.78906 67.10205
-148.9418 -108.43048 67.02919
-149.31602 -108.25653 67.030716
-149.55368 -108.56094 66.882324
-149.55368 -108.56094 66.882324
-149.5079 -108.33664 66.8457
-149.20578 -108.40187 66.659164
-149.31946 -108.36754 66.91933
-149.10469 -108.769226 66.955185
-149.20502 -108.3271 66.918564
-149.27864 -108.21724 67.36488
-149.31679 -108.25653 66.91933
-149.67918 -107.71141 66.88423
-149.68834 -107.97119 67.2554
-149.76616 -108.04825 66.957855
-149.49455 -107.8537 67.14325
-149.42055 -107.9258 66.95671
-149.34425 -107.92389 66.770935
-148.73734 -107.94182 67.10396
-148.9357 -108.20732 67.21535
-148.6248 -107.97424 67.6239
-148.62518 -107.97386 67.80968
-148.73581 -107.90329 67.438126
-148.77853 -108.05359 67.214966
-148.9479 -108.57849 67.214584
-148.82774 -108.38928 67.2142
-149.32251 -108.36754 67.624664
-149.23592 -108.03108 67.62543
-148.88458 -107.76024 67.55028
-148.74306 -108.08945 67.437744
-148.47298 -107.969666 67.25159
-148.65952 -107.864 67.326355
-148.92578 -107.87277 67.21573
-149.27559 -108.144 67.030716
-149.28207 -108.40492 66.39862
-149.28207 -108.40492 66.39862
-149.35951 -108.40683 66.77055
-149.5102 -108.37402 66.659546
-149.53346 -107.891846 66.80908
-149.38011 -107.8495 67.03186
-149.31793 -108.29239 67.030716
-148.93875 -108.2798 67.47589
-148.89946 -108.242035 67.43851
-148.8636 -108.27751 67.772675
-148.47679 -108.08029 67.69791
-148.4787 -108.15506 67.62352
-148.37761 -108.5598 67.734146
-148.59886 -108.34427 67.66052
-148.66524 -108.01239 67.920685
-148.6229 -107.90024 67.586136
-148.30399 -107.445145 67.40036
-148.49892 -107.637405 67.14058
-148.50731 -107.89719 67.06619
-149.22714 -107.80792 67.253876
-149.45679 -107.852554 67.217255
-149.26949 -107.920074 67.40227
-149.03526 -107.76482 67.06772
-148.3654 -108.226776 66.84265
-148.2975 -108.48389 66.95366
-148.3387 -108.55942 66.99028
-148.41881 -108.71086 66.65535
-148.703 -108.089066 66.69464
-148.96812 -108.02231 67.066574
-149.0078 -108.06084 67.21611
-148.90213 -108.317566 67.21535
-148.45085 -108.45146 67.399216
-148.47908 -108.156204 67.25197
-148.35739 -107.92961 67.214584
-148.68507 -107.45659 67.7372
-148.91548 -107.538605 67.58919
-148.76671 -107.6828 67.21687
-148.79723 -107.46117 67.14287
-148.95515 -107.6519 66.84532
-148.90671 -107.315445 67.06848
-149.16534 -107.06329 67.329025
-149.08066 -106.80084 67.25502
-149.00513 -106.79817 67.552185
-149.57504 -106.81648 67.29393
-149.58076 -107.00226 67.29355
-149.8867 -107.04956 67.25731
-150.0782 -107.13043 66.960144
-150.00763 -107.276535 67.29355
-149.5102 -107.149506 67.36717
-149.25041 -107.326126 67.62619
-148.90823 -107.2773 67.95998
-148.76442 -107.53212 67.84744
-148.843 -107.60841 67.92183
-148.65417 -107.67746 67.47551
-148.48251 -107.07855 67.401886
-148.04573 -106.50864 67.36488
-148.42834 -106.59523 67.17949
-148.91243 -107.46384 67.51366
-149.15428 -107.842255 67.848206
-148.81859 -108.05435 67.884445
-148.61946 -107.78885 67.438126
-148.61946 -107.78885 67.438126
-148.68164 -107.3452 67.43927
-148.77014 -107.79381 66.88118
-148.66295 -108.013535 66.65764
-148.6496 -108.75511 66.99104
-148.42567 -108.89664 66.840744
-147.88857 -108.693695 67.39731
-147.6635 -108.79784 67.359924
-147.59445 -109.018326 67.28516
-147.07603 -109.44748 67.28325
-147.1119 -109.412 67.02309
-147.19276 -109.52568 67.39426
-146.96083 -109.3689 68.02559
-147.41402 -109.27124 68.21327
-147.22137 -109.19113 68.027115
-147.29729 -109.19342 67.915726
-147.30339 -109.45473 67.06047
-147.1283 -109.89456 67.170334
-147.50748 -111.05652 67.13219
-147.62344 -111.13434 67.0578
-147.39723 -111.16371 67.2802
-146.87157 -111.40747 67.092896
-146.46721 -111.80267 67.61093
-146.26541 -112.61253 67.64603
-146.62743 -113.217545 67.79442
-146.96808 -113.15346 68.05496
-146.69495 -112.95929 67.7578
-146.13686 -113.31253 68.053055
-145.80116 -113.48648 68.460846
-145.82176 -114.15558 68.08815
-146.1731 -114.42642 68.2003
-146.1731 -114.42642 68.2003
-146.52634 -114.8098 67.754745
-146.74721 -114.632416 67.27257
-146.6999 -114.333725 67.31033
-146.48666 -113.6219 67.199326
-146.7144 -112.40387 67.49954
-146.82236 -112.22229 67.388916
-147.07985 -111.9709 67.315674
-147.8859 -112.21924 67.20581
-147.8878 -112.33139 66.72249
-148.07777 -112.337494 66.53671
-148.15865 -112.488556 66.313934
-148.04993 -112.6709 66.127396
-148.13194 -112.82158 66.31317
-148.2338 -113.60321 66.60957
-148.37952 -114.57214 67.01698
-148.41652 -115.68565 67.46101
-148.53096 -116.87584 67.6075
-148.30513 -116.98074 67.34657
-148.23112 -117.09061 66.86287
-147.94235 -116.41426 66.41731
-148.54431 -116.24832 66.233826
-149.48616 -115.98129 66.19911
-150.48904 -115.27138 65.79399
-151.4946 -112.26044 65.87677
-151.28212 -112.73651 65.763855
-154.38957 -112.6503 63.729095
-155.04417 -111.70578 63.8813
-155.39322 -110.71472 64.10713
-155.87234 -110.24666 64.3322
-157.695 -110.30502 63.22174
-158.7246 -110.44922 62.74109
-159.59053 -110.1799 62.706757
-160.30235 -109.86862 62.52327
-160.52094 -109.57947 62.37564
-161.24687 -108.52661 62.268066
-162.24937 -107.816696 62.0121
-163.26942 -107.62596 61.977768
-164.34326 -107.956314 61.68251
-164.88419 -108.23326 61.572266
-165.46707 -108.65936 61.312485
-165.99998 -108.675766 61.574173
-167.14249 -108.74939 61.50284
-168.00919 -108.55484 61.096954
-168.79959 -108.32062 60.91385
-169.81888 -108.16803 60.284805
-170.46356 -108.1131 60.47249
-171.3974 -108.81004 60.361862
-172.29424 -109.50508 60.585785
-172.88666 -110.19211 60.437775
-173.20938 -110.83412 59.768677
-173.75488 -111.22131 60.066223
-173.75488 -111.22131 60.066223
-174.48006 -111.31859 59.993744
-175.1316 -111.48682 60.10666
-175.7885 -111.76605 60.739136
-176.0624 -112.03499 60.442352
-176.03378 -112.33063 60.478592
-176.34544 -112.56294 60.590363
-176.87683 -112.58049 60.03456
-177.45628 -112.85858 60.147476
-178.1826 -112.99286 60.037994
-178.76816 -113.45596 60.224915
-179.42924 -113.92174 60.411453
-180.46112 -114.064026 60.821915
-180.97191 -114.561844 61.156845
-180.98717 -115.08293 60.523605
-181.37169 -115.205765 60.67314
-181.38275 -115.57808 60.300827
-182.3391 -115.79399 60.079575
-183.09517 -115.66925 60.305023
-183.31985 -115.56511 60.34279
-183.73337 -115.429306 60.3817
-183.84743 -115.43274 60.38208
-184.33342 -115.14969 60.718155
-185.02846 -115.467834 60.94284
-185.18562 -115.621185 61.016846
-185.45303 -115.628815 61.38878
-185.81161 -116.122055 61.53717
-186.05156 -116.50047 61.499405
-186.66039 -116.51955 61.575317
-186.94954 -117.23366 61.574936
-187.2181 -117.31644 61.650085
-187.2181 -117.31644 61.650085
-187.22191 -117.427826 61.761475
-187.59155 -118.25485 62.169647
-187.86621 -118.523026 62.355423
-188.39455 -119.61632 62.02011
-188.98277 -120.15343 62.281036
-189.10065 -120.26825 62.42981
-189.28528 -120.087814 62.50534
-189.4638 -119.68384 63.175583
-189.95934 -119.73686 63.21373
-190.63759 -119.535065 63.36479
-190.99693 -120.06607 63.47618
-191.24832 -120.77904 63.62419
-191.48788 -121.08154 64.255905
-191.7324 -121.57097 64.58969
-192.36755 -121.18111 65.223694
-192.68913 -120.52307 65.29961
-192.72308 -120.41359 65.04021
-192.64183 -120.22514 65.226364
-192.16652 -120.84236 64.74075
-192.0536 -120.87555 64.889145
-192.32101 -120.8828 65.37285
-192.7723 -120.7489 65.262985
-193.153 -120.76073 65.338135
-193.3239 -121.360016 65.226364
-193.5997 -121.70334 64.74304
-193.35556 -122.3629 65.0383
-193.52264 -122.81227 65.52124
-193.30368 -123.10181 65.5941
-192.83409 -123.82889 66.111755
-192.77649 -124.42131 65.96146
-192.50641 -124.30229 65.66353
-192.71278 -124.75357 66.220474
-192.68532 -125.12436 65.69977
-192.31491 -125.408936 65.8474
-192.55486 -125.74959 66.25633
-192.32788 -125.77934 66.181564
-192.39998 -125.63286 66.553116
-192.5621 -125.97237 66.44096
-192.00096 -126.2516 66.51344
-191.97769 -126.73378 66.21513
-191.59279 -126.57318 66.363144
-191.68892 -125.9819 66.66222
-191.33263 -125.56305 66.40167
-191.4692 -125.08469 66.514206
-191.54625 -125.08659 66.81137
-191.37192 -125.60158 66.32652
-191.49399 -125.865555 66.06636
-191.26549 -125.82092 66.51192
-191.34026 -125.82359 66.14075
-191.60118 -125.64545 66.43906
-192.21344 -125.77591 66.51459
-192.44537 -125.93193 66.06903
-192.40723 -125.89302 66.36658
-192.32445 -125.70534 66.06979
-192.0147 -125.47188 66.589355
-191.85104 -125.05798 67.035675
-192.25998 -124.77379 67.111206
-192.34161 -124.88632 67.85431
-192.88445 -125.237274 67.85507
-193.16101 -125.580215 67.6693
-193.16101 -125.580215 67.6693
-192.94548 -125.9449 67.705536
-193.06984 -126.283264 67.63077
-193.18161 -126.21269 67.557526
-193.28842 -125.95558 68.003845
-193.5833 -125.66757 68.15376
-193.26286 -125.13733 68.41354
-193.34259 -125.250626 68.525314
-193.04924 -125.57449 68.6718
-193.06297 -125.982285 68.85681
-193.07976 -126.50299 68.78128
-193.62183 -126.779175 69.22836
-193.94531 -127.344894 70.00885
-193.98079 -127.3098 69.56329
-194.08607 -127.015305 69.89899
-193.58368 -126.776886 69.675446
-193.0912 -126.83601 69.376755
-193.13774 -127.05994 69.89632
-193.23692 -127.767944 70.00618
-193.59589 -128.29895 70.00618
-193.90144 -128.34549 70.04433
-193.90907 -128.60565 69.85855
-193.71452 -128.45078 69.97032
-193.48984 -128.55492 69.932175
-193.26172 -128.51028 70.339966
-192.99507 -128.42674 70.89653
-192.80052 -128.31001 70.71037
-192.56973 -128.19061 71.11893
-192.56973 -128.19061 71.11893
-192.50679 -128.5965 71.22955
-192.4717 -128.70674 71.006775
-192.33322 -129.10995 71.22879
-192.17911 -129.03137 71.22841
-192.43393 -128.7056 70.93201
-192.81387 -128.7178 70.821
-193.0027 -128.64876 71.19293
-193.22548 -128.50723 71.04492
-192.77153 -128.5675 71.04378
-192.0826 -128.43552 70.81947
-192.29431 -127.96097 70.300674
-192.43546 -127.63214 70.11566
-192.92068 -127.34985 70.26672
-193.20755 -126.80206 70.30563
-192.89627 -126.568985 70.454025
-192.78374 -126.60179 70.60242
-192.96303 -126.27373 70.677185
-193.38799 -126.47171 70.82634
-193.23387 -126.43051 70.6028
-193.2682 -126.32065 70.56618
-192.84782 -126.27106 70.15686
-192.73224 -126.26839 69.78493
-193.079 -126.390076 69.82269
-193.23769 -126.58005 69.859695
-193.35747 -126.73149 70.04509
-193.53867 -126.40228 70.60356
-193.536 -126.32828 70.60356
-193.60847 -126.25694 70.34378
-194.07082 -126.45683 70.45593
-193.60847 -127.44408 70.41626
-193.88313 -127.71225 70.52803
-194.38744 -128.02505 70.640564
-194.18297 -127.573395 70.640945
-194.93446 -127.30026 70.68024
-194.74182 -127.21977 70.679474
-194.33022 -127.42958 70.640945
-194.00978 -128.16277 70.007324
-193.63861 -128.44772 70.0428
-193.88542 -129.01154 70.34035
-194.35425 -129.35944 70.71228
-194.35654 -129.35791 71.56677
-194.38782 -129.1359 71.71631
-194.45763 -128.95279 71.530914
-193.99834 -128.86429 71.53015
-194.54613 -129.3644 71.196365
-194.29054 -129.69055 71.19484
-194.41872 -130.1403 71.12045
-194.8082 -130.41153 71.30661
-194.69452 -130.40771 71.492386
-194.92989 -130.63774 71.52939
-194.55833 -130.88493 71.788025
-194.36569 -130.80482 71.78764
-194.3779 -131.13861 72.34421
-194.46182 -131.40068 72.26982
-194.38553 -131.39839 72.19505
-194.09943 -131.94542 72.52731
-193.88504 -132.42111 72.11723
-193.71185 -132.93495 72.190475
-193.71986 -133.1955 72.07832
-193.6943 -133.56552 72.115326
-193.6943 -133.56552 72.115326
-193.46733 -133.59566 72.15195
-193.43987 -133.89091 72.59674
-193.68477 -134.38072 72.85652
-193.53333 -134.41353 72.70737
-193.87779 -134.46083 73.116684
-194.09904 -134.2453 73.15521
-194.21616 -134.28497 73.82431
-195.28427 -134.39217 74.08638
-195.9816 -134.82246 73.864746
-196.18416 -135.19974 74.05014
-196.51985 -135.06241 73.38257
-196.86127 -135.07385 72.90077
-197.27249 -134.82704 73.08807
-197.94884 -134.62677 72.49565
-198.56224 -134.75723 72.75734
-198.29712 -134.74808 73.239136
-198.1514 -135.00404 72.681046
-197.88818 -135.06927 72.94083
-197.55745 -135.46753 72.56737
-198.05717 -135.66933 72.42012
-197.8733 -135.849 72.530365
-198.22235 -136.12099 71.78688
-198.30704 -136.38344 71.89789
-198.13042 -136.82327 71.71059
-198.6435 -137.3951 72.11952
-198.74268 -138.02681 73.15979
-199.02916 -138.62877 73.60573
-199.17107 -139.48593 73.79074
-198.7175 -139.54582 73.97537
-198.21053 -140.3843 73.60077
-198.21053 -140.3843 73.60077
-197.80731 -140.89203 73.15254
-196.94862 -141.3475 73.2975
-196.5271 -142.44766 72.997284
-196.11893 -142.7311 73.218155
-195.9858 -143.32047 73.254395
-195.92552 -143.83888 72.88208
-195.86143 -144.20815 72.880936
-195.83435 -144.57932 72.47162
-195.16754 -145.1149 72.43118
-194.2627 -145.34607 72.50328
-194.04335 -145.63637 72.27974
-193.25294 -145.87097 72.46361
-193.24684 -145.6852 72.46399
-193.52722 -146.13876 72.46399
-193.08052 -146.45882 72.20192
-193.31894 -146.80061 72.052765
-193.09769 -147.0169 71.978
-192.1444 -146.95168 71.455
-191.53442 -146.89636 71.37947
-190.84435 -146.72737 70.858
-190.42778 -146.82617 70.373535
-190.72952 -146.7617 70.336914
-190.68336 -146.53816 70.03975
-190.74173 -146.02089 69.96651
-190.12794 -145.8538 69.59381
-189.77203 -145.43419 69.33403
-189.41994 -145.0882 69.59343
-189.09225 -145.52269 69.5919
-188.66272 -145.21332 69.0712
-188.31902 -145.16563 68.99605
-187.24747 -144.98482 68.473816
-186.7199 -145.19272 67.6548
-186.37352 -145.03288 68.06297
-185.60448 -144.78722 67.65251
-186.02791 -144.94896 67.72766
-185.9745 -144.46487 67.80243
-185.74562 -144.42062 67.765045
-185.96992 -144.27872 68.10036
-185.23483 -143.88504 67.91344
-184.54285 -143.64052 67.949295
-184.46007 -143.45284 67.65175
-184.57451 -143.49403 67.31758
-184.80492 -143.57567 67.24396
-185.18524 -143.5875 67.24472
-185.36224 -143.18466 67.43164
-185.20737 -143.1057 67.43126
-185.23369 -142.77306 67.022705
-184.8423 -142.42744 66.83731
-184.58824 -142.82837 66.464615
-184.3895 -142.56248 66.204834
-183.97064 -142.51175 66.53824
-184.23424 -142.40799 66.724396
-184.12628 -142.58995 66.8354
-184.0271 -143.03207 67.09404
-184.64165 -143.19878 67.61589
-185.21614 -143.3281 67.80319
-186.08818 -143.20564 68.58597
-186.65543 -143.1118 68.77403
-186.74202 -143.44902 68.66188
-186.93733 -143.60352 68.66226
-186.93733 -143.60352 68.66226
-186.8 -144.08188 68.32657
-187.0781 -144.46106 68.32657
-187.35504 -144.80324 68.25256
-187.49542 -145.62378 68.473434
-188.33046 -145.57533 68.58673
-188.87749 -146.00029 69.07005
-189.95476 -146.36688 69.66667
-190.8638 -146.24634 69.8555
-191.44325 -146.4859 70.63713
-192.26799 -146.10252 70.900345
-192.93785 -145.64095 70.94002
-193.52951 -145.10231 71.35124
-194.05594 -144.89555 71.57555
-194.15245 -144.34204 71.72508
-194.97452 -143.88504 72.06192
-195.57571 -143.64357 72.36099
-196.16508 -143.06908 72.289276
-197.0787 -143.09769 72.47734
-197.07642 -143.02368 72.47772
-197.49527 -141.88652 72.109604
-197.95036 -140.63835 72.3362
-198.77815 -139.21776 71.82045
-199.51134 -137.20016 71.60339
-199.80888 -135.79979 71.75522
-199.95575 -134.50699 71.20056
-199.9569 -133.3561 71.42563
-200.38757 -132.5901 71.13037
-200.85526 -131.78864 70.79849
-201.20049 -130.6858 70.98694
-200.96664 -129.30565 71.10062
-200.96664 -129.30565 71.10062
-200.77095 -127.9644 71.06552
-200.45738 -126.470566 71.141815
-200.03624 -125.23384 70.51163
-200.07515 -124.123 69.99397
-200.08087 -123.122025 69.587326
-199.61205 -122.77336 69.21501
-199.55368 -122.140884 69.25354
-199.37592 -121.31882 69.291306
-198.58627 -120.40329 69.40231
-198.17238 -119.35272 69.14368
-197.51091 -118.88771 68.77098
-196.95816 -118.276596 68.58482
-196.52138 -117.70668 68.17551
-195.98618 -116.428375 68.02673
-195.57037 -115.33928 67.80434
-194.74602 -114.57329 67.02309
-194.20433 -113.10997 66.98761
-193.93692 -113.10234 66.61568
-193.46352 -112.56828 66.50429
-193.5791 -111.4212 66.65573
-193.18619 -111.076355 65.800476
-192.20772 -110.22987 65.465546
-191.22925 -109.38377 65.05585
-189.82773 -109.563446 64.6431
-188.64136 -109.34143 64.26926
-187.83455 -109.09462 63.858795
-187.14218 -108.85086 63.63411
-185.94894 -108.444214 62.70294
-184.66034 -108.55255 62.662506
-183.35037 -108.02994 62.251663
-182.15523 -107.54814 61.766434
-181.21796 -106.739044 62.137222
-180.62706 -106.08978 62.13646
-179.79507 -106.173706 62.765503
-178.69911 -106.32439 63.059998
-178.24898 -106.49567 63.13286
-177.48413 -106.36101 62.98294
-176.75934 -106.34003 62.23793
-176.3012 -106.326675 61.67946
-175.12856 -106.5506 61.1187
-174.45145 -106.75125 61.37657
-173.99826 -106.81076 61.561203
-173.26889 -106.60286 61.447906
-173.1163 -106.56052 61.85608
-172.55402 -106.8409 61.408234
-171.79298 -106.85501 60.99739
-171.23032 -107.097626 60.81009
-170.3167 -107.06978 60.43625
-169.52667 -107.34177 60.396576
-169.38438 -107.63397 60.544205
-169.3512 -107.78122 60.692215
-169.24057 -107.889175 60.580063
-168.88313 -107.35817 60.76622
-168.34793 -107.267 60.765076
-167.43584 -107.23801 61.02333
-166.568 -107.43332 61.13243
-166.34789 -107.72362 60.907745
-165.75203 -108.11348 60.68268
-165.868 -108.1913 60.49652
-165.46326 -108.5865 60.643387
-164.6656 -108.59947 60.4187
-164.6656 -108.59947 60.4187
-164.16359 -108.36182 60.269165
-163.14392 -108.59032 59.89456
-163.20381 -108.11005 59.858704
-163.08365 -107.88269 60.342026
-162.5454 -107.67937 60.601425
-162.10022 -107.99904 60.897064
-161.93085 -108.662415 60.523987
-161.90147 -108.9962 59.928894
-162.1151 -109.70802 60.113525
-162.56714 -109.573746 60.11467
-162.81776 -109.06105 60.487747
-163.03673 -108.73337 60.897064
-163.47885 -108.301926 60.89897
-163.35182 -107.88956 61.048508
-163.27553 -107.88727 61.048126
-163.17253 -108.25577 60.787582
-163.28506 -108.22182 60.676575
-163.74817 -108.496475 60.194397
-163.74245 -108.34885 59.823227
-163.67722 -108.680725 59.89685
-163.48457 -108.60138 59.78546
-163.51395 -108.30498 60.009003
-163.33694 -108.70743 60.00786
-163.63373 -108.493805 59.97162
-163.94196 -108.652115 59.711838
-163.95226 -108.986664 59.5253
-163.96027 -109.246826 59.413147
-163.99956 -109.28497 59.45053
-164.00604 -109.47037 59.524536
-164.19296 -109.40285 59.265137
-164.19296 -109.40285 59.265137
-164.48555 -109.04045 59.340668
-164.70985 -108.93631 59.11827
-164.81094 -108.53157 59.08203
-164.81743 -108.71735 59.155655
-164.83078 -109.16405 58.783722
-165.02914 -109.430695 58.709335
-164.95018 -109.35364 58.78334
-164.76784 -109.6077 58.522415
-165.33241 -109.43985 58.41255
-165.13214 -109.0992 58.59871
-165.1043 -109.39522 58.672714
-165.28091 -108.95538 59.04541
-164.7049 -108.750916 59.415817
-164.90402 -109.01642 59.60121
-164.96353 -108.498764 59.67636
-165.26413 -108.39691 59.529114
-165.22751 -108.43315 59.49173
-165.16037 -108.766174 58.82263
-165.45067 -109.55505 58.4507
-165.01923 -110.3199 58.633804
-165.45372 -110.81581 58.78296
-164.83841 -110.57396 59.004593
-164.2807 -110.9642 59.039307
-164.20593 -111.03706 58.667755
-163.55362 -110.868835 58.368683
-163.51967 -111.016464 58.070755
-163.28392 -110.78682 57.959747
-163.15689 -110.33707 58.33168
-163.1424 -109.89113 58.443832
-163.1401 -109.77898 59.00154
-162.59346 -110.466385 59.37004
-162.29591 -110.68001 59.220123
-162.17117 -111.491394 59.516144
-161.87286 -111.7054 59.06906
-162.41379 -110.832214 58.77495
-162.44469 -110.6102 58.924103
-162.39738 -110.38742 58.255386
-162.66785 -110.46867 58.924484
-162.68806 -111.100006 59.03473
-162.70256 -111.54556 59.033966
-162.36153 -111.53412 59.47914
-161.86485 -111.48186 59.14421
-161.39717 -111.09581 59.218216
-160.93788 -111.00769 59.031296
-161.67259 -111.40175 59.218216
-161.92245 -112.07771 59.366226
-162.60872 -112.1357 59.59053
-163.22403 -112.340546 59.740067
-162.87498 -112.106705 59.7023
-162.78114 -111.54709 59.740067
-162.45995 -112.205505 59.62639
-162.42867 -112.42638 59.66339
-162.14867 -113.15918 59.99565
-162.38747 -113.46283 60.21843
-162.59766 -112.91275 60.14595
-163.07297 -112.29668 60.482407
-163.43651 -111.78856 60.484314
-163.42125 -111.343765 60.03914
-163.34 -111.15608 60.15091
-163.11722 -111.372375 59.630203
-163.11722 -111.372375 59.630203
-163.38272 -111.38153 59.3338
-163.60817 -111.27663 59.7435
-163.4922 -111.198044 59.928513
-163.32054 -110.52437 60.523605
-163.14545 -109.77669 60.67276
-163.46092 -110.12001 60.78453
-163.83743 -110.02045 60.786057
-164.3444 -110.44464 60.489273
-164.62173 -110.7872 60.56366
-164.61067 -110.453415 60.452652
-164.80331 -110.57167 59.96971
-164.65416 -110.64072 60.229492
-164.59732 -111.232376 60.228348
-164.6553 -111.86447 60.375977
-164.4249 -112.96997 60.559082
-164.32419 -113.412476 60.37216
-164.82887 -113.76228 60.261536
-164.45732 -114.01024 60.334778
-165.20691 -113.66234 60.48622
-165.59296 -113.822556 60.598373
-165.9481 -113.05466 60.489273
-166.66412 -112.89215 60.11963
-165.82222 -112.67967 60.601044
-165.57007 -113.11722 60.599518
-165.20882 -113.69934 60.70862
-165.17067 -113.66043 61.042786
-165.8165 -113.68141 60.747147
-166.60042 -113.26065 60.638428
-166.856 -112.934875 60.639954
-167.0845 -112.98027 60.232162
-167.0845 -112.98027 60.232162
-167.762 -112.778854 60.011673
-167.9615 -113.043976 60.308838
-168.19382 -113.16223 60.420227
-168.68706 -113.139725 60.569763
-168.66493 -113.62114 60.71663
-168.83812 -113.10768 60.53238
-169.40002 -112.86545 60.46028
-169.78836 -113.137436 60.349274
-170.31898 -113.07907 60.536957
-170.94154 -113.54408 60.351944
-170.94955 -113.804245 60.35118
-171.2162 -113.81264 60.277557
-171.26007 -114.00032 60.20279
-171.33484 -113.96561 60.240555
-171.83762 -114.20364 60.464478
-172.25723 -114.254 60.503006
-172.24808 -113.99422 60.317993
-172.31598 -113.73634 60.50415
-172.12257 -113.65662 60.058212
-171.70944 -112.60414 60.430527
-172.30492 -112.17651 60.766983
-172.57195 -112.184525 60.95352
-172.95685 -112.34474 61.02867
-173.6042 -113.55209 61.1763
-173.61717 -113.96065 61.10115
-173.80142 -113.780594 61.102295
-174.27902 -113.23891 61.327362
-174.25995 -112.64496 61.217117
-174.5945 -112.39548 61.404037
-174.79019 -112.58774 61.21788
-174.90997 -112.73918 61.55243
-175.36621 -112.752914 61.664963
-175.72098 -113.17253 61.517334
-176.07155 -113.443375 61.517715
-176.45988 -113.71498 61.44371
-176.73874 -114.13231 61.07216
-176.86539 -114.50729 61.219788
-177.0279 -114.808655 61.36818
-176.80779 -115.09972 60.92148
-176.62659 -115.353775 61.292267
-176.51596 -115.499115 60.84633
-176.63345 -115.61432 60.95848
-176.95045 -115.994644 61.218643
-177.59666 -116.01524 61.034393
-178.45726 -115.559006 61.48262
-178.91121 -115.499115 61.297607
-179.46625 -114.99634 61.671066
-179.54254 -114.99863 61.671448
-179.179 -115.506744 61.66992
-179.15344 -115.87639 61.817932
-179.28238 -116.363525 61.371613
-179.63028 -116.5226 61.483765
-180.23224 -116.31889 61.522675
-180.45158 -116.028595 61.67221
-180.86357 -115.81879 62.119675
-181.01807 -115.89699 62.231064
-181.32973 -116.12892 62.454605
-181.82907 -116.29295 62.492752
-181.79779 -116.51459 62.23259
-181.94733 -116.407776 62.56752
-181.94733 -116.407776 62.56752
-182.02286 -116.410446 62.307358
-182.2155 -116.490555 62.493896
-182.36008 -116.23459 62.9776
-182.43599 -116.23688 62.86621
-182.05147 -116.07628 63.088608
-181.85349 -115.81001 63.274002
-181.85501 -115.88478 62.976456
-181.97365 -116.03699 62.976837
-182.47719 -116.34941 62.828827
-182.83157 -116.76941 62.49466
-183.36983 -116.934204 62.755585
-183.71048 -116.87012 63.053513
-184.28459 -116.96205 63.57498
-184.20105 -116.66145 64.094925
-184.35097 -116.59126 64.16969
-184.50432 -116.633224 64.20708
-184.84154 -116.495895 63.799667
-185.27298 -116.955185 63.391495
-185.12383 -117.02461 63.68828
-185.4721 -117.22145 63.68904
-185.32524 -117.36488 63.985443
-185.28366 -117.25273 63.948822
-185.79063 -117.63954 64.06059
-185.75096 -117.56325 64.28337
-185.90508 -117.60445 64.543915
-186.203 -117.39006 64.95361
-186.28159 -117.5045 64.50844
-186.39183 -117.35916 64.62059
-186.50322 -117.326355 64.10065
-186.38115 -117.10091 63.87787
-186.38115 -117.10091 63.87787
-186.10306 -116.721344 63.87787
-186.10191 -116.72211 63.506317
-186.28426 -116.46805 63.693237
-186.25374 -116.68892 63.73024
-186.54404 -116.25252 63.880157
-186.57532 -116.0305 64.1037
-186.3041 -115.83557 64.47487
-186.38153 -115.83748 64.84642
-186.26595 -115.758896 65.0692
-186.36742 -115.39154 64.84718
-186.77788 -115.18173 64.62555
-186.71837 -114.54964 64.403534
-186.74927 -114.36539 64.18114
-186.28693 -114.165115 64.36615
-185.63118 -113.88588 64.06784
-185.85205 -113.67035 63.92021
-185.69527 -113.51738 63.845444
-186.1126 -113.49335 63.697815
-186.30905 -113.684845 63.697815
-186.1927 -113.56926 64.06937
-186.652 -113.65776 64.07051
-186.64818 -113.54675 63.885117
-186.55968 -113.13553 64.22005
-186.75346 -113.25264 64.22043
-186.25603 -113.12523 64.73923
-185.98785 -113.04245 64.92424
-186.17668 -112.973404 65.185165
-186.06339 -113.007355 65.1474
-186.05995 -112.93373 64.70184
-186.5139 -112.87308 64.777756
-186.40556 -113.093185 64.36844
-186.6661 -112.9158 64.44359
-186.69395 -112.582016 64.55612
-186.32088 -112.831116 64.10866
-186.45401 -112.241745 64.1098
-186.18279 -112.08458 64.035034
-185.91423 -112.00218 64.03465
-186.4212 -111.201096 64.2601
-186.66801 -111.76453 64.48326
-186.8164 -111.6581 64.484024
-187.30392 -111.45096 64.63394
-186.79199 -112.06589 64.66904
-186.4048 -111.83128 64.74228
-186.55777 -111.873245 64.593506
-186.67755 -112.06207 64.51912
-186.81717 -111.69548 64.48288
-186.96976 -111.70006 64.74304
-186.74316 -111.76758 64.51988
-186.63177 -111.83853 64.59389
-186.48148 -111.87096 64.63051
-186.44104 -111.83281 64.110565
-186.42998 -111.46088 64.48288
-186.15875 -111.30409 64.40773
-186.46011 -111.20186 64.780426
-186.36742 -110.68001 64.78081
-186.22093 -110.82382 64.89143
-186.78627 -110.65521 65.07912
-186.70044 -110.35576 65.042114
-186.91902 -110.06584 65.11803
-187.6751 -109.978485 64.86015
-187.6751 -109.978485 64.86015
-187.37679 -110.155106 64.85901
-187.38861 -110.52704 64.67209
-187.39967 -110.861206 64.74533
-186.9854 -110.92148 65.33852
-187.35046 -110.48775 65.15465
-187.566 -110.08568 65.30533
-187.32872 -109.78088 65.52811
-187.1643 -109.44252 64.82239
-186.7363 -109.13277 64.561844
-186.6951 -109.01985 64.710236
-187.23831 -109.371185 64.637375
-186.76987 -108.948135 65.119934
-187.18338 -108.81271 65.195465
-187.27951 -108.296585 64.82506
-186.95107 -107.54433 64.676285
-187.77924 -107.31087 64.49318
-187.8891 -107.09038 65.23743
-187.9631 -107.0179 65.34958
-188.06458 -106.6124 65.499115
-187.82196 -106.19774 65.164185
-187.72202 -106.67801 64.75372
-188.42697 -106.14281 65.05432
-188.83133 -105.67169 65.57732
-188.7207 -105.77927 65.76271
-188.9473 -105.6736 66.46881
-188.88359 -106.080246 66.1705
-188.6818 -105.74074 65.68718
-188.6818 -105.74074 65.68718
-188.44795 -105.58548 65.16724
-188.5643 -105.66368 64.98184
-188.39531 -105.13916 64.79645
-188.43956 -105.363846 64.68468
-188.62724 -105.29556 64.4989
-188.6612 -105.1857 64.424515
-188.96179 -105.04608 64.83421
-189.25781 -104.75807 65.05852
-189.18037 -104.681015 65.54146
-189.0297 -104.71306 65.68947
-189.08234 -105.19829 65.35416
-188.77525 -105.114365 65.39078
-188.37128 -105.54657 65.53764
-188.1897 -105.80025 65.64865
-188.14507 -105.57518 65.79819
-188.29613 -105.542755 65.83557
-188.77945 -105.262375 65.13176
-188.61427 -104.88701 64.64882
-188.61465 -104.88663 64.83421
-188.24615 -105.20859 65.20386
-188.24501 -105.13344 65.649414
-188.51776 -105.327225 65.761566
-188.33275 -105.50804 65.46402
-188.70888 -105.44624 64.83383
-188.56087 -105.55267 65.09361
-188.18665 -105.72624 65.35187
-188.06572 -105.49927 65.50026
-187.68616 -105.48706 65.75928
-187.38289 -105.51491 65.79552
-187.56027 -105.14984 65.53726
-187.59727 -105.11398 65.50026
-187.55836 -105.15137 64.72015
-187.62932 -105.005264 64.42337
-187.26921 -105.62515 64.30931
-187.05025 -105.91545 64.34555
-186.90605 -106.05736 65.42244
-187.0285 -106.32172 65.34805
-187.10823 -106.435394 65.31105
-187.22878 -106.66199 65.08789
-187.48207 -107.486725 64.7522
-187.6934 -108.16078 64.82582
-187.63084 -108.56705 65.04822
-187.58011 -109.34448 65.12108
-187.16316 -109.368515 65.343094
-186.83167 -109.692 65.304184
-186.76414 -109.94873 65.488815
-186.4624 -109.97543 65.93361
-186.68251 -110.94742 65.48653
-186.11298 -110.96687 65.44838
-185.96497 -111.149216 64.74266
-185.43243 -111.17058 64.29596
-185.09102 -111.23505 63.811874
-184.91592 -111.74965 63.438797
-184.32465 -112.25014 63.73291
-184.2247 -112.73041 63.248444
-183.79478 -112.34589 63.32245
-183.12111 -112.69646 62.911224
-182.25021 -112.818146 62.686157
-181.58264 -113.35373 62.60872
-180.9494 -113.741684 62.792206
-180.10864 -113.56621 63.236237
-177.10762 -112.50992 62.302017
-176.71547 -112.16431 62.00409
-176.31912 -111.63216 62.26387
-175.81177 -111.20834 62.374878
-174.78104 -111.06529 62.14943
-173.63243 -110.806656 62.03575
-172.67189 -110.47974 61.922455
-171.53625 -110.59151 62.253952
-170.62454 -110.56175 62.80899
-169.63577 -110.53047 63.066483
-168.49937 -110.60524 63.54637
-167.83867 -110.139465 63.545227
-167.00134 -110.113525 63.468933
-166.10603 -110.60448 63.762665
-165.16457 -110.90927 63.536835
-163.80539 -111.201096 63.458633
-162.74834 -111.42769 63.45558
-162.04567 -110.84976 63.30681
-161.27548 -110.49118 63.7146
-161.03592 -111.26099 64.455795
-160.75172 -111.84502 64.899826
-160.0914 -112.56561 65.30533
-159.83276 -112.817764 65.04364
-159.17778 -112.53853 64.85634
-158.83789 -112.60147 65.04097
-158.47282 -113.072586 64.89067
-157.7816 -114.0152 65.14778
-157.7816 -114.0152 65.14778
-158.18443 -114.73274 65.22179
-158.12569 -115.2504 65.4068
-158.24165 -115.29083 65.740585
-158.46329 -115.07454 66.00113
-157.87315 -114.46266 65.81535
-157.45125 -114.338684 65.59105
-156.7318 -114.38942 65.96069
-155.94139 -114.58626 66.62712
-155.46455 -115.127945 66.661835
-154.90685 -115.51819 66.8457
-154.84467 -115.96184 66.58516
-154.50821 -116.137695 66.21208
-154.0657 -116.53137 66.50772
-153.79753 -116.448975 66.581726
-153.91083 -116.41464 67.06505
-153.58887 -117.03491 67.21153
-153.4111 -117.3996 67.47017
-153.76091 -117.63229 67.73071
-152.98042 -118.20221 67.46712
-152.88925 -118.9415 67.42859
-152.631 -119.19365 67.35344
-151.71738 -120.31517 67.57202
-151.47629 -121.0865 67.570496
-151.26839 -121.635056 68.460846
-151.04027 -122.81532 68.457794
-151.25237 -123.48938 68.605804
-151.12991 -124.375534 68.82706
-150.91515 -124.85275 68.19382
-150.66566 -125.28877 69.12155
-150.49438 -125.83923 69.52896
-150.72823 -125.99487 69.937515
-150.74234 -126.403046 70.308685
-150.75073 -126.66283 70.308304
-150.35172 -127.28195 69.89708
-150.0721 -128.01437 70.34111
-149.97292 -128.45612 70.45174
-150.21019 -128.76091 70.22896
-150.53978 -128.36266 70.490265
-150.61874 -128.43933 70.49065
-150.47493 -128.69453 70.56389
-149.97444 -129.64287 70.93201
-149.06998 -129.87404 71.11549
-149.04976 -130.42946 71.41113
-148.75717 -130.75333 71.78154
-149.01085 -130.39055 71.59691
-149.13635 -130.72815 71.70792
-148.70796 -130.41801 71.41037
-148.71178 -130.5294 71.52138
-148.12202 -131.06651 72.00241
-148.15369 -132.03163 72.37244
-148.1369 -132.66106 72.85423
-148.2338 -133.2943 73.00224
-148.73238 -133.45947 72.59445
-148.83575 -133.12874 72.52121
-149.17526 -133.0658 72.26219
-148.86055 -132.79686 71.7041
-148.70033 -132.53136 71.88988
-149.11652 -132.5077 71.482086
-148.8884 -132.53822 71.07239
-149.22218 -132.25174 71.29669
-149.22218 -132.25174 71.29669
-148.99483 -132.2815 71.25893
-147.50252 -131.93741 71.850204
-147.68295 -131.6845 71.36841
-147.27783 -130.89294 71.36841
-147.47658 -128.82195 71.00067
-146.85936 -128.50533 71.1483
-146.94443 -128.84293 70.591354
-146.87386 -129.0268 70.40558
-146.96121 -129.4014 70.03403
-147.35603 -129.85878 70.14542
-147.80807 -129.7245 70.22095
-147.89848 -130.17235 70.2198
-148.04802 -130.06439 70.55473
-148.15178 -129.73366 70.6295
-148.77892 -129.16031 70.37239
-149.55101 -128.59612 67.663574
-150.42572 -128.58582 68.00003
-150.41428 -128.21388 68.18619
-150.43907 -127.80609 68.29834
-150.43907 -127.80609 68.29834
-149.87984 -128.12271 68.4082
-149.53003 -127.88925 68.073654
-149.37706 -127.84767 68.03665
-149.71962 -127.934265 67.25693
-150.4654 -127.51236 67.0742
-150.64354 -127.14691 67.26074
-150.47989 -126.80855 67.00058
-150.19951 -126.3546 67.00058
-149.77684 -126.23062 66.66489
-149.41788 -125.738144 66.181946
-149.70093 -125.11673 65.92369
-149.34273 -124.62349 65.701294
-149.64638 -124.59564 65.924835
-149.79286 -124.414444 65.85159
-149.61357 -124.74213 65.96222
-149.4381 -125.18196 66.14647
-149.12529 -124.95041 65.55176
-149.12796 -125.024796 65.55138
-149.35074 -124.884415 65.03143
-149.52126 -124.29619 64.92157
-149.37286 -124.440384 64.58664
-149.34044 -124.66278 64.17694
-149.30801 -124.884796 63.768005
-149.05167 -125.211334 63.506317
-149.38698 -124.998856 63.58185
-148.95706 -124.614334 63.804626
-148.72246 -124.38431 63.9534
-149.03526 -124.692154 63.248062
-148.84224 -124.57504 63.321686
-149.24011 -125.18234 62.65297
-149.21341 -125.5909 62.13188
-149.21341 -125.590515 62.24327
-148.98186 -125.54741 61.53717
-149.04022 -125.030136 61.09276
-149.30763 -125.1133 60.6102
-149.64714 -125.08812 60.09102
-150.11635 -125.54932 59.645462
-150.24681 -126.073456 59.644318
-150.27847 -125.85144 59.719086
-150.00954 -125.76904 59.53293
-149.77226 -125.46425 59.495926
-149.49646 -125.196075 59.124374
-149.49646 -125.196075 59.19876
-150.06104 -125.065994 58.605957
-150.13847 -125.14305 58.4198
-150.24529 -124.92409 58.271408
-150.46806 -124.82109 57.67746
-150.35248 -124.78027 57.788467
-150.26703 -124.51897 57.30591
-150.23384 -124.666214 57.268524
-149.92867 -124.61929 57.23114
-149.57924 -124.38583 57.11937
-150.12283 -124.736404 57.120132
-150.26779 -124.5182 57.083893
-150.46082 -124.67346 56.415176
-150.69046 -124.71771 56.526947
-150.42763 -124.82109 56.45218
-150.51384 -125.15869 56.154633
-150.43564 -125.04463 56.674957
-150.36583 -125.22774 56.85997
-150.36583 -125.22774 56.85997
-150.39597 -125.006485 56.785583
-150.3666 -125.302505 56.636047
-150.70724 -125.276184 56.48842
-150.66681 -125.23804 56.00586
-150.62675 -125.19989 55.597687
-150.79231 -124.42551 55.599594
-150.6382 -124.38431 55.376434
-150.41695 -124.6006 55.301285
-150.46768 -124.972916 55.63469
-150.2491 -125.26283 55.70793
-150.25215 -125.33684 55.892944
-150.73967 -125.12894 55.968857
-150.84534 -124.87221 56.044006
-150.88997 -125.09651 55.96924
-150.92697 -125.06027 56.007004
-150.73357 -124.94316 56.006622
-150.8461 -124.910355 55.709457
-150.91667 -124.765015 55.33867
-150.84953 -125.02251 55.52368
-150.65994 -125.01602 55.709076
-150.54741 -125.04883 55.931854
-150.93803 -125.31967 56.601334
-151.16501 -125.289536 56.565094
-151.55106 -125.48714 56.639862
-151.31989 -125.36812 56.788635
-151.09406 -125.39711 57.196426
-150.7122 -125.27199 58.12416
-150.60005 -125.26741 58.792496
-150.46158 -125.63324 59.571457
-149.89243 -125.61493 60.05287
-149.89243 -125.61493 60.05287
-149.97711 -125.839615 60.572815
-149.65248 -126.348114 60.94284
-149.13635 -126.77536 61.758423
-149.38469 -127.33765 62.724304
-148.94104 -127.65617 63.46588
-148.99101 -127.95334 64.43176
-149.34502 -128.2978 64.803314
-148.86055 -128.57933 64.95018
-148.95134 -129.0268 65.135574
-148.81783 -129.57878 65.28244
-149.05663 -129.88281 65.61623
-149.44687 -130.15327 66.24794
-149.95995 -130.72586 66.656876
-150.38414 -130.88608 67.326355
-150.35591 -131.18172 67.54913
-150.58708 -131.30112 67.40112
-150.36354 -131.44226 67.362595
-149.68643 -131.64368 67.3233
-149.6849 -131.56853 67.694855
-149.66812 -132.1598 68.5112
-149.44992 -132.44972 68.733215
-150.18082 -132.73239 68.73474
-150.19836 -133.25195 69.031525
-150.11711 -133.10127 68.883514
-150.73318 -133.34236 69.03343
-150.47226 -133.48198 69.329834
-150.67139 -133.82301 68.77174
-150.91476 -134.31358 68.62221
-150.73967 -134.71603 69.17839
-151.1631 -134.87778 69.29054
-151.05133 -134.8732 69.92226
-151.24779 -135.0647 70.10841
-151.20392 -134.95293 69.58847
-150.98763 -135.31761 69.55032
-151.10931 -135.58159 69.47594
-151.04103 -135.83946 69.2894
-151.16005 -135.9539 69.511795
-151.42365 -135.88791 69.51256
-151.80893 -136.04813 69.55032
-151.76468 -135.82344 69.95964
-151.48926 -135.55527 69.773865
-151.64948 -135.78186 70.10841
-151.3813 -135.69908 70.21942
-151.49841 -135.81505 69.7361
-151.70555 -136.34071 69.84749
-151.43814 -136.33308 69.475555
-151.59683 -136.52306 69.586945
-151.33972 -136.77368 70.03174
-151.09482 -136.20834 70.440674
