-147.38312 -106.007385 66.32385
-145.57495 -106.69556 65.12909
-144.82422 -106.96869 65.571594
-145.28198 -106.98242 65.57312
-145.28198 -106.98242 65.57312
-145.28198 -106.98242 65.57312
-146.19751 -107.16095 64.98108
-146.67511 -107.76825 65.87219
-146.72546 -109.10034 68.54553
-144.84863 -107.71179 65.571594
-144.3634 -106.806946 65.27405
-144.21844 -106.94733 66.61072
-144.69147 -107.40662 67.20581
-146.07697 -108.04596 65.57312
-145.20111 -109.20715 65.71808
-143.18237 -107.958984 64.375305
-143.76831 -107.23419 65.122986
-143.9209 -107.08618 66.75873
-146.03577 -106.70776 66.61682
-144.68231 -107.10907 67.50336
-145.30487 -107.72705 65.12756
-145.48187 -108.47168 65.719604
-143.61267 -107.07855 66.0141
-144.67773 -107.11212 65.719604
-145.10956 -106.38428 64.98108
-144.67773 -107.11212 65.719604
-145.11108 -106.38275 66.0202
-144.36493 -106.80542 66.01715
-145.10193 -106.085205 66.0202
-146.17615 -106.41632 65.72418
-143.90564 -106.79321 64.53247
-144.53125 -107.25708 65.867615
-143.79272 -107.97424 65.56702
-144.65637 -106.36749 66.46576
-144.64111 -106.074524 64.234924
-144.34967 -106.35986 65.27405
-144.53125 -107.25708 65.571594
-143.0603 -104.09546 65.12756
-142.79633 -105.270386 66.46271
-142.68494 -106.604004 65.86456
-144.33136 -105.76477 65.72113
-144.34967 -106.35986 64.97803
-143.84308 -104.711914 65.72266
-144.28558 -104.278564 66.467285
-142.48047 -104.966736 65.27252
-141.5741 -105.0827 66.31012
-142.4942 -105.26123 66.7572
-142.35992 -105.851746 65.86456
-141.90674 -105.83496 67.796326
-141.26434 -104.776 67.796326
-141.23077 -103.73535 67.79785
-141.28723 -105.51758 67.34772
-142.17987 -104.953 67.204285
-141.24146 -104.03137 68.0954
-141.71143 -104.644775 66.0141
-142.20276 -105.69763 66.7572
-142.18903 -105.25055 67.20276
-142.82684 -106.31256 65.270996
-143.12897 -106.173706 65.56854
-142.64069 -105.11627 67.056274
-142.64069 -105.11627 67.056274
-141.42303 -104.92859 67.94739
-141.2735 -105.07202 67.34772
-140.96375 -104.91638 66.75568
-139.93225 -105.92041 67.19513
-142.20276 -105.69763 66.7572
-141.32996 -106.855774 67.344666
-141.74805 -105.68085 67.49878
-140.88135 -107.14111 66.60309
-141.76636 -106.274414 67.19971
-141.64276 -107.164 67.05017
-140.09857 -106.52313 65.85693
-140.57922 -107.13043 67.79022
-140.69824 -106.24542 65.71045
-141.49933 -107.30591 67.94281
-142.23328 -106.73981 66.01257
-142.84058 -106.75964 65.270996
-141.4627 -106.266785 66.75415
-141.32996 -106.855774 67.79175
-141.48712 -107.00836 67.49573
-142.41333 -107.63855 64.375305
-141.63208 -106.866455 67.05017
-140.76996 -108.32062 68.23425
-139.12506 -109.15985 68.081665
-141.03851 -107.2937 66.45508
-140.71198 -106.692505 65.71045
-140.66162 -109.654236 68.08319
-141.82587 -108.05817 67.941284
-142.30347 -108.818054 66.7511
-142.3111 -109.1156 66.45508
-141.6977 -108.94623 66.304016
-141.6977 -108.94623 66.304016
-142.93213 -109.428406 67.49573
-142.32483 -109.410095 67.941284
-141.46881 -111.31592 65.85083
-141.5329 -108.343506 68.68286
-142.01355 -109.254456 67.04712
-140.82489 -110.105896 67.19055
-142.82379 -110.75897 68.08777
-141.88995 -110.13794 67.1936
-142.46368 -108.96912 67.79175
-140.8371 -110.40192 67.933655
-141.55273 -109.09119 66.74957
-142.8009 -110.01587 68.089294
-142.36908 -110.894775 67.1936
-142.65594 -110.16083 68.681335
-142.94586 -109.87396 67.196655
-142.06543 -110.736084 68.53027
-142.51099 -110.302734 69.27643
-142.66357 -110.45685 68.23425
-141.73431 -109.983826 67.7887
-142.7887 -109.7229 67.048645
-142.35687 -110.44922 67.49115
-141.55121 -109.09119 66.45355
-140.78522 -108.7677 68.23273
-142.34924 -110.1532 67.93976
-141.8869 -110.14099 66.004944
-142.78717 -109.7229 66.60309
-141.70685 -109.243774 66.60156
-142.52167 -110.74982 68.08624
-142.64526 -109.86481 67.93976
-143.55316 -109.74579 67.34619
-141.86707 -109.39484 67.492676
-143.37158 -108.8501 67.944336
-142.34009 -109.85565 67.93976
-143.23273 -109.29108 67.793274
-141.73279 -109.98535 67.04559
-141.57715 -109.83124 67.1936
-141.55273 -109.09119 66.74957
-142.30042 -108.81958 66.007996
-140.49072 -109.05609 67.93671
-141.40778 -109.23157 68.08624
-142.27753 -108.07495 66.456604
-140.21454 -109.935 68.081665
-141.56189 -109.38568 67.19513
-142.43774 -108.22754 67.05017
-144.25659 -107.9834 68.0954
-141.52832 -108.34503 67.196655
-143.34259 -108.10852 66.459656
-141.99982 -108.65631 68.829346
-142.47284 -109.26666 67.344666
-141.83197 -108.35571 66.7511
-142.59491 -108.3786 67.49573
-142.76733 -108.976746 68.09082
-142.47131 -109.26819 67.048645
-142.47131 -109.26819 67.048645
-142.47131 -109.26819 67.048645
-142.89703 -108.38776 67.19971
-141.40625 -109.23309 67.34161
-142.7887 -109.7229 67.048645
-141.52222 -108.04901 67.941284
-140.91797 -108.177185 68.08777
-140.91797 -108.177185 68.08777
-141.66565 -107.90558 67.048645
-142.01508 -109.25293 67.79022
-141.39862 -108.93402 68.08624
-143.50586 -108.25806 68.09387
-142.79022 -109.721375 67.344666
-141.8518 -108.79974 68.681335
-142.64374 -109.86481 67.492676
-143.83087 -109.01184 67.7948
-141.83502 -108.35419 67.941284
-143.367 -108.85162 66.45813
-142.34009 -109.85565 67.93976
-142.04102 -109.99298 68.08624
-141.74347 -110.28137 67.34161
-140.82184 -110.10895 66.00189
-142.6178 -109.12323 67.196655
-143.25409 -110.03418 66.60309
-141.86859 -109.39331 68.23578
-142.9123 -108.83484 67.19818
-141.8808 -109.84039 67.1936
-142.49725 -110.00824 67.79022
-141.38794 -108.638 67.7887
-141.42914 -109.9762 67.04407
-141.99677 -108.65784 67.79022
-142.00897 -108.95386 68.533325
-140.16724 -108.60138 66.29944
-142.9306 -109.428406 67.19818
-141.52222 -108.047485 68.237305
-139.89868 -109.63135 67.78412
-140.0116 -108.29468 68.97583
-140.45715 -108.01544 67.93823
-140.45715 -108.01544 67.93823
-139.7232 -109.036255 66.00189
-142.31567 -109.114075 67.941284
-140.65857 -109.65729 67.04254
-142.43927 -108.22601 67.34619
-140.65552 -109.65881 65.852356
-141.49933 -107.30591 67.94281
-141.3681 -108.195496 65.56091
-140.60669 -108.17261 65.85541
-140.00397 -108.30078 65.70587
-141.97693 -108.21533 65.85846
-141.49475 -107.307434 66.456604
-140.86761 -106.84662 65.11688
-140.71198 -106.692505 66.007996
-141.76636 -106.274414 67.19971
-142.5705 -107.78961 65.26642
-140.69824 -106.24542 65.71045
-141.48712 -107.00836 67.49573
-142.5476 -107.04498 65.7135
-140.67688 -105.65338 65.26642
-142.85431 -107.05109 67.20123
-143.43567 -106.181335 66.61072
-144.37256 -107.10297 65.27252
-143.84766 -105.01099 63.790894
-143.8736 -105.75256 64.97955
-144.18182 -105.911255 64.382935
-145.41321 -106.39343 64.53552
-144.45648 -104.878235 66.319275
-143.55011 -104.99725 66.76178
-145.05768 -104.75159 65.28015
-145.08972 -105.79071 65.278625
-146.62476 -106.28357 64.834595
-146.13037 -105.08118 64.5401
-144.58313 -104.29382 63.79242
-146.55762 -104.20532 64.39209
-146.41266 -104.348755 64.98718
-145.9137 -103.14789 63.352966
-147.1466 -103.479004 65.73181
-148.14148 -101.4328 64.55231
-148.80066 -102.93884 65.14435
-148.30017 -101.586914 64.84833
-149.49951 -101.179504 63.66272
-150.59204 -101.95465 65.15045
-150.10223 -100.90027 65.15045
-151.44196 -100.05188 64.56146
-154.3335 -100.14343 63.824463
-155.08575 -99.8703 64.57214
-153.302 -101.15051 63.819885
-155.22919 -99.72687 63.68103
-155.43518 -101.2146 66.0553
-155.69305 -99.89014 64.27612
-155.42755 -101.21918 63.08441
-156.15845 -100.20294 63.53302
-156.51245 -101.69525 65.019226
-158.8974 -100.1358 65.62195
-157.25098 -100.97504 65.02228
-158.9035 -100.4364 64.43024
-159.04999 -100.29144 64.28223
-160.71472 -99.89319 66.36963
-161.20605 -101.09863 64.5874
-160.45685 -101.37329 65.02838
-160.45685 -101.37329 65.02838
-160.90088 -101.08948 64.58588
-164.10828 -101.48773 65.03754
-162.7594 -102.18811 64.28833
-163.6673 -102.067566 64.44092
-162.60071 -102.034 64.141846
-163.96027 -101.62964 65.18555
-163.65356 -101.62201 64.44092
-162.92267 -102.6413 63.397217
-164.42719 -102.09198 63.700867
-165.51208 -102.72064 64.14795
-165.04517 -102.40784 64.14642
-165.84167 -103.4729 64.442444
-165.37018 -103.01361 63.848877
-165.67383 -103.022766 64.29596
-165.48157 -101.67847 64.89258
-167.47894 -102.33307 65.045166
-167.81921 -103.38135 66.08276
-167.63916 -102.78778 63.409424
-167.94891 -102.793884 65.1947
-171.0083 -103.33557 65.200806
-171.4798 -103.793335 66.09192
-171.31195 -103.34473 64.90326
-171.5683 -106.61774 65.34424
-172.1405 -105.44739 65.94086
-172.18933 -107.084656 64.15558
-173.41614 -107.26776 65.79285
-174.1333 -105.95398 65.79895
-174.33777 -107.59277 65.64789
-174.93896 -107.31354 66.54205
-175.10986 -107.91321 66.68854
-174.92828 -107.01752 65.797424
-174.92828 -107.01752 65.797424
-177.7893 -106.06537 67.29431
-178.16162 -108.15277 68.33038
-178.69263 -105.64575 69.67468
-179.07104 -108.03375 68.185425
-178.9032 -107.43408 68.77899
-179.98962 -108.210754 68.03894
-180.0003 -108.5083 68.03894
-179.982 -107.91321 68.78204
-181.02417 -107.20062 69.529724
-179.94995 -106.87103 69.5282
-179.94995 -106.87103 69.5282
-179.94995 -106.87103 69.5282
-180.69763 -106.448364 70.2713
-182.06635 -106.492615 69.83032
-182.3822 -106.796265 70.42389
-183.31146 -107.26929 71.02203
-183.28857 -106.526184 71.76514
-182.3822 -106.796265 70.42389
-183.55713 -105.49927 70.578
-183.86078 -105.50842 70.28198
-182.99103 -106.814575 70.87097
-182.6828 -106.80847 69.68384
-183.57391 -105.9433 71.321106
-183.00629 -107.414246 68.93768
-181.48651 -107.21283 71.31348
-180.5954 -108.07953 69.37714
-181.66351 -108.11005 70.86487
-180.7602 -108.53119 68.33649
-180.44891 -108.22296 69.52667
-179.68597 -108.20007 68.78052
-179.78973 -106.718445 68.63556
-179.85535 -108.79974 68.18695
-178.64227 -108.91113 67.58728
-179.31519 -111.01227 66.84265
-179.60968 -110.42175 70.41016
-181.46362 -111.52191 68.927
-180.70221 -111.4975 68.1839
-179.32892 -111.30676 68.774414
-181.13098 -110.61859 69.078064
-180.05829 -110.29053 68.777466
-180.66101 -110.16083 68.63098
-180.48248 -109.26361 69.52515
-180.79376 -109.57031 68.78052
-180.18341 -109.40094 70.11719
-181.75507 -110.93445 70.414734
-180.47485 -108.966064 69.82117
-181.08826 -109.28192 69.07959
-178.87726 -111.44104 68.9209
-180.03387 -109.5459 68.77899
-181.4972 -112.56256 68.62793
-179.14734 -110.41107 68.18237
-179.93011 -111.17706 67.437744
-179.80957 -112.06207 68.774414
-179.01764 -110.998535 69.070435
-178.8742 -111.442566 67.881775
-180.72662 -112.2406 68.18237
-178.3081 -112.60834 69.51294
-177.84424 -112.44812 68.17322
-178.8681 -111.14349 68.62488
-178.8681 -111.14349 68.62488
-178.95508 -109.21936 67.289734
-180.21545 -110.443115 69.37256
-179.90875 -110.43396 68.629456
-179.57 -109.384155 68.1839
-179.3045 -110.56366 68.77594
-179.9347 -111.17401 69.37103
-178.86963 -111.14197 69.36798
-178.83759 -110.10132 70.11261
-179.62189 -110.868835 69.36951
-178.99475 -110.25696 69.51904
-181.01196 -111.5036 70.41321
-179.16718 -110.85358 70.11261
-179.16565 -110.8551 69.66705
-179.75769 -110.27832 70.56122
-178.06549 -109.78241 68.9209
-179.74243 -109.983826 68.33191
-179.33044 -111.30524 69.51904
-178.41492 -111.12518 70.10956
-178.84369 -110.40192 68.6264
-179.72412 -109.23767 70.562744
-178.97339 -109.5108 70.55969
-179.6112 -110.42023 71.154785
-181.5918 -110.63385 69.82269
-180.03082 -109.2453 71.30585
-179.60052 -110.12421 70.41016
-180.52673 -110.598755 70.2652
-180.99518 -110.90851 71.15784
-180.85632 -111.35101 70.56122
-182.09076 -111.98273 70.11719
-182.20367 -110.64758 71.75598
-181.42548 -110.180664 70.86029
-181.42548 -110.180664 70.86029
-179.61273 -110.4187 71.89789
-180.513 -110.00214 71.7514
-180.82123 -110.31189 70.2652
-181.15692 -111.361694 69.52362
-181.64062 -112.117004 70.562744
-181.97937 -113.16528 71.30432
-181.66351 -112.709045 71.74988
-181.00128 -111.206055 70.11719
-180.73273 -112.23602 70.85571
-179.76837 -110.572815 71.30432
-178.91846 -112.47711 71.59424
-181.92444 -111.38153 71.75293
-181.14929 -111.06262 70.2652
-181.15387 -111.05957 72.04895
-181.06232 -112.98828 71.60034
-180.75867 -112.9776 71.89636
-181.52466 -113.30109 70.85571
-179.8233 -112.35657 70.26062
-180.10864 -111.61957 72.04437
-179.94995 -111.468506 71.60034
-181.51855 -113.00354 71.60034
-180.27344 -111.92169 73.38257
-180.09796 -111.32507 71.302795
-181.5155 -113.005066 70.41016
-179.32587 -111.00464 71.00525
-180.25055 -111.48071 70.114136
-180.25513 -111.47766 71.89789
-179.90723 -110.13031 71.899414
-180.97382 -110.16388 72.3465
-181.456 -110.920715 73.0896
-181.60095 -110.62622 73.53821
-181.88629 -110.04181 73.53821
-179.91791 -110.42786 72.343445
-180.73578 -112.23602 71.60034
-179.9408 -111.17096 71.60034
-177.95715 -110.961914 71.0022
-178.93372 -112.92114 72.335815
-178.75214 -112.0224 71.743774
-178.30505 -112.30621 71.74225
-179.14429 -110.10895 70.85571
-178.93219 -112.92114 71.891785
-177.97546 -111.55548 71.00067
-179.35944 -112.04224 71.7453
-180.58472 -112.38098 70.262146
-179.97589 -112.21008 72.34039
-179.96368 -111.91254 71.89636
-179.63715 -111.161804 71.598816
-179.67224 -112.20093 72.33887
-181.62994 -111.668396 71.7514
-180.2887 -112.51831 71.89484
-180.27954 -112.220764 71.89636
-179.96063 -111.91406 70.85419
-180.80444 -114.312744 73.08197
-180.3009 -112.96539 71.15173
-179.2221 -112.48627 71.15021
-180.89142 -112.38861 71.302795
-178.46985 -112.91046 69.3634
-177.87476 -113.186646 71.14563
-178.94897 -113.51776 70.40253
-178.94897 -113.51776 70.40253
-179.01306 -115.59906 70.103455
-179.01306 -115.59906 70.103455
-179.01306 -115.59906 70.103455
-178.06549 -114.37836 71.292114
-177.33765 -115.39459 71.28754
-176.71509 -114.93225 70.3949
-177.51465 -116.293335 69.355774
-175.69733 -116.230774 72.621155
-177.99377 -116.89911 71.138
-176.46179 -116.555786 70.8374
-178.10822 -115.71655 70.99457
-177.25067 -117.32178 71.58203
-176.7746 -116.86249 70.0943
-178.35846 -114.09302 70.55054
-179.80042 -116.363525 70.399475
-179.19159 -116.19415 72.03369
-177.23389 -116.874695 71.136475
-177.5177 -116.29028 70.840454
-180.26581 -116.52222 72.03674
-180.75409 -117.58118 70.99762
-178.91998 -117.22412 72.47772
-179.982 -117.25922 71.292114
-179.79736 -116.0614 73.07587
-179.34723 -116.34674 71.88721
-179.20227 -116.49017 72.47925
-181.01654 -116.25061 72.03827
-181.00433 -115.80353 72.7829
-182.0694 -115.8371 73.23151
-180.40314 -116.08276 71.88873
-179.2572 -118.273926 72.03064
-179.09698 -117.970276 73.07129
-179.09698 -117.970276 73.07129
-179.93927 -115.76996 72.78137
-179.87671 -118.73932 70.840454
-180.14984 -117.707825 71.88721
-179.11072 -118.41583 73.07129
-178.98712 -119.30237 72.47467
-180.52063 -119.79828 71.88263
-178.25775 -120.32013 72.02606
-178.26538 -120.6192 71.28143
-178.4256 -120.77026 72.32056
-179.32129 -120.35675 70.54138
-178.57666 -120.92743 70.53833
-179.22974 -122.13135 73.065186
-177.2583 -122.369385 71.27533
-177.41547 -122.52197 71.12732
-177.39105 -121.77887 71.128845
-176.80054 -122.35565 70.97778
-177.90222 -123.42529 72.761536
-177.78625 -124.609375 71.8689
-177.34833 -125.03967 72.75696
-179.80652 -125.857544 73.50464
-178.9383 -127.31781 72.309875
-178.93219 -127.01874 73.35205
-179.3808 -126.734924 74.09515
-178.8086 -127.90375 73.498535
-177.74963 -128.16925 72.454834
-179.42505 -128.07007 74.83826
-179.4342 -128.36761 74.54071
-179.36707 -131.03638 73.94104
-179.30145 -128.9566 74.24164
-177.06757 -130.52063 73.48938
-176.79596 -131.55212 73.19031
-176.23444 -133.1726 70.36133
-177.06146 -130.5252 71.26007
-177.54974 -131.27747 73.93494
-176.38702 -133.02307 72.74017
-177.26135 -131.86646 72.29767
-177.60468 -133.06122 72.743225
-176.98975 -132.8949 72.59369
-176.85242 -133.33435 73.187256
-176.42822 -134.3628 72.4411
-175.81482 -134.04541 74.22333
-176.47095 -135.69946 72.43805
-175.8606 -135.68115 71.69342
-176.46942 -135.69946 71.69495
-175.37384 -134.62524 72.73407
-176.36108 -137.03308 71.84296
-177.71301 -136.47919 72.73712
-177.25525 -136.46545 72.735596
-176.8341 -137.6419 71.543884
-176.50299 -136.74011 71.69342
-177.41394 -136.61957 72.587585
-178.34473 -137.24213 72.73865
-177.7298 -137.22687 70.210266
-177.08435 -136.0199 70.35828
-175.4715 -137.74567 71.68884
-177.5116 -139.74152 71.54236
-177.32391 -138.84888 69.76013
-176.44958 -140.00854 69.607544
-177.79541 -139.30817 69.46411
-176.1383 -139.70032 70.34912
-176.1383 -139.70032 70.34912
-175.36926 -139.37836 71.092224
-176.88446 -139.43024 68.56842
-176.54724 -138.22784 70.50171
-177.4704 -138.70697 68.86749
-178.23029 -138.72986 68.870544
-177.95258 -139.46228 69.61212
-176.27258 -139.26086 69.45953
-177.19269 -139.43787 70.05615
-176.31683 -140.59753 69.75403
-175.48523 -138.4964 68.26935
-175.27466 -141.30554 70.19653
-176.90277 -140.0238 68.862915
-174.13025 -138.74664 70.495605
-173.3841 -139.16931 70.49255
-173.5733 -140.36407 69.30237
-173.0896 -139.75677 67.22107
-173.44818 -141.24908 70.191956
-173.58246 -140.66162 69.30237
-172.52045 -140.93018 67.06848
-172.53876 -141.37268 68.55469
-171.60492 -140.75012 68.255615
-170.07446 -140.40527 67.95654
-170.82214 -140.13214 67.51099
-168.30139 -142.13257 67.204285
-170.1065 -141.44592 67.507935
-168.26782 -141.09192 67.20581
-169.63043 -140.83862 67.803955
-168.88275 -141.25824 68.099976
-167.19208 -140.6128 68.24341
-169.59839 -139.79645 68.10303
-169.59839 -139.79645 68.10303
-167.92145 -139.59503 68.69507
-169.46869 -140.38391 69.44122
-166.69006 -139.11285 68.54401
-168.24951 -140.34729 68.69354
-167.49268 -140.47241 68.09845
-167.63916 -140.32745 68.24646
-166.60919 -141.33606 68.68744
-166.90216 -141.04767 68.688965
-166.86707 -140.00854 67.94891
-167.93213 -140.04211 67.50488
-166.85028 -139.56299 67.20581
-166.8869 -140.60364 68.24341
-165.99274 -141.16821 68.09235
-167.93976 -140.34119 66.46576
-167.00897 -139.7171 67.79938
-165.6723 -140.71655 67.0517
-166.58325 -140.59601 67.94586
-167.7948 -140.4831 67.35382
-165.84778 -141.31165 68.68591
-165.37628 -141.00189 67.19818
-166.22925 -139.09912 67.79938
-164.28375 -139.92462 69.429016
-164.28375 -139.92462 69.429016
-164.28375 -139.92462 69.429016
-165.66772 -140.41595 68.83545
-166.1499 -141.32233 67.49878
-165.35797 -140.25574 68.98346
-166.13007 -140.5777 69.43207
-166.31317 -141.47034 70.32013
-165.19775 -140.10468 67.7948
-165.94696 -139.682 68.53943
-166.28265 -140.73181 68.09387
-165.99579 -141.16669 69.57855
-164.88037 -139.64844 68.83392
-165.38086 -141.00037 68.68439
-165.21301 -140.39764 70.02411
-165.33356 -139.51416 68.68744
-163.83972 -140.35797 68.53485
-165.96985 -140.42511 68.09387
-164.16321 -141.1148 67.04712
-165.40222 -141.59393 69.42749
-166.73889 -140.7486 67.79785
-164.11133 -139.328 68.53638
-166.21857 -138.65051 69.28711
-164.87122 -139.35089 68.53943
-167.0456 -140.75623 68.836975
-164.78424 -141.27655 69.42749
-165.34729 -139.95972 68.68591
-166.74347 -140.74554 69.581604
-165.9729 -140.42358 69.28253
-165.6601 -140.11688 69.58008
-166.60919 -141.33606 68.68744
-166.24908 -139.69116 68.0954
-165.78827 -139.52942 67.94739
-165.81116 -140.27252 67.49878
-166.10413 -139.98413 67.20276
-166.5741 -140.29541 68.24341
-167.7887 -140.18402 68.84003
-166.24756 -139.69269 67.35077
-166.2857 -140.73029 69.28253
-166.2857 -140.73029 69.28253
-167.80853 -140.77759 69.28558
-167.62543 -140.03143 67.20581
-168.15948 -142.27295 69.58313
-167.66205 -141.07056 68.244934
-167.79327 -140.17944 70.77179
-168.01453 -142.41486 70.17517
-167.6651 -141.06903 69.43512
-168.89801 -141.55121 70.03021
-167.50336 -140.76996 68.8385
-169.0033 -140.06958 70.181274
-170.11261 -141.44287 69.73724
-170.13245 -142.1875 68.69507
-169.96918 -141.88538 68.84308
-169.83185 -142.1753 70.47882
-170.41779 -141.60156 68.548584
-170.56885 -141.4566 70.184326
-170.71991 -141.31165 71.52252
-171.35162 -142.2226 70.184326
-171.6278 -141.18805 71.673584
-172.40448 -141.81061 70.484924
-172.55249 -141.66565 70.03937
-172.40448 -141.81061 70.484924
-172.8714 -141.9693 72.26868
-174.70703 -142.47437 70.78705
-173.57635 -140.36255 70.34149
-173.75336 -141.25824 70.191956
-176.44958 -140.00854 69.607544
-175.28992 -141.60004 71.68274
-175.13275 -141.44745 71.83075
-176.48163 -140.74707 72.28088
-177.36053 -139.88495 71.24481
-177.36053 -139.88495 71.24481
-179.61273 -138.91449 71.698
-180.47943 -137.45728 72.29462
-179.86908 -137.28943 73.187256
-180.57251 -135.52856 72.7478
-183.61206 -135.47668 73.350525
-182.9956 -135.30884 72.75391
-183.60138 -135.17914 73.350525
-185.6659 -133.16345 73.802185
-186.25488 -132.59125 73.21167
-187.70142 -130.2597 73.51837
-186.50665 -130.8136 74.70245
-186.9278 -129.78973 74.25842
-185.95886 -127.978516 74.85504
-187.02545 -128.00903 75.30365
-187.1643 -127.71912 73.52142
-185.8902 -125.89874 74.11499
-187.55035 -125.35553 75.01221
-186.01685 -125.01068 74.71161
-189.42871 -122.447205 73.8327
-187.78381 -123.28644 73.976135
-188.6261 -121.084595 74.87488
-187.68768 -120.162964 75.46692
-187.9715 -119.57855 74.72687
-187.64496 -118.826294 75.46997
-188.62762 -116.48712 73.246765
-188.35907 -117.51709 73.98682
-187.5534 -116.004944 75.02899
-187.26349 -116.441345 74.72992
-187.66327 -114.82086 73.84033
-184.758 -114.43787 71.90399
-185.94208 -113.2843 73.54431
-185.5545 -110.75287 72.506714
-186.2091 -112.1048 73.84186
-184.92737 -109.98535 74.58649
-183.92639 -107.284546 72.805786
-183.7799 -107.42798 74.14093
-184.35364 -106.55975 72.06421
-182.84607 -106.95801 72.06116
-182.39594 -107.09076 71.91162
-180.8075 -104.963684 72.35565
-181.55975 -104.689026 72.65625
-181.5445 -104.244995 72.3587
-182.41882 -103.08533 71.76819
-179.01764 -101.345825 71.76361
-180.62134 -104.07257 69.83032
-180.43213 -102.87781 70.425415
-179.48303 -101.65863 71.02356
-179.27704 -100.02136 70.42694
-176.97601 -99.35303 70.869446
-175.82703 -101.545715 70.269775
-177.12097 -99.21265 70.573425
-175.92316 -99.920654 68.19153
-174.67194 -98.69232 69.825745
-174.6994 -99.7345 67.59491
-173.56262 -97.31903 70.269775
-171.89636 -97.41669 70.41321
-171.0556 -95.018005 68.63403
-170.3064 -95.28961 69.67163
-168.62488 -95.08972 68.77594
-168.17474 -95.225525 68.9209
-168.17474 -95.225525 68.9209
-167.56592 -95.051575 71.00372
-167.36755 -93.86444 68.18085
-165.67383 -93.22052 67.5827
-166.29333 -93.533325 68.177795
-164.14185 -92.72461 68.91632
-163.71765 -93.75 68.61725
-163.51166 -92.10968 68.322754
-162.42828 -91.485596 68.02368
-161.08704 -92.33246 68.167114
-159.69086 -91.54816 67.86804
-159.22394 -91.2384 67.12494
-159.05304 -90.63873 67.27295
-157.99713 -90.901184 67.2699
-156.68488 -92.640686 67.263794
-155.44586 -91.85791 68.30292
-156.65283 -91.60156 67.56287
-154.99878 -92.14325 67.40723
-154.05579 -91.223145 67.25769
-153.15704 -91.63971 67.85126
-153.9444 -92.4057 68.1488
-153.10516 -90.00549 67.85431
-153.57513 -90.467834 67.55524
-153.57513 -90.467834 67.55524
-150.71564 -91.41846 66.804504
-150.71564 -91.41846 66.804504
-149.76807 -90.197754 68.141174
-149.53003 -92.2699 67.840576
-149.68567 -92.422485 67.54303
-148.73352 -91.207886 67.09595
-147.8714 -92.66052 69.02466
-147.8714 -92.66052 69.02466
-150.71869 -91.415405 68.29071
-146.81854 -93.07556 67.98096
-147.92328 -94.444275 67.237854
-148.6557 -93.429565 67.985535
-148.31696 -92.378235 68.28308
-148.64502 -93.13202 67.985535
-148.93036 -92.39502 69.47479
-147.15424 -94.12537 67.23633
-146.26923 -94.83795 68.86597
-147.80273 -95.33234 67.83142
-147.6532 -95.477295 66.78772
-146.74835 -95.59631 68.12439
-146.08765 -94.09332 66.4917
-147.5235 -95.9137 69.314575
-146.83838 -93.66913 68.27545
-144.29321 -95.07904 65.74097
-146.04187 -92.60712 67.23633
-145.37048 -95.40405 67.2287
-145.77332 -93.63556 68.2724
-144.15283 -95.217896 68.56537
-146.2326 -93.79883 67.82837
-144.15894 -95.51697 67.82074
-143.40363 -95.487976 70.047
-144.01703 -95.65735 68.71033
-143.9621 -94.02313 68.26782
-144.12079 -94.17572 69.31
-144.4458 -94.77844 70.051575
-143.47534 -92.967224 69.45953
-143.36548 -94.451904 67.37213
-144.38171 -92.848206 69.60907
-144.05975 -92.092896 71.0968
-145.16144 -93.46619 68.86597
-142.86346 -92.94891 69.010925
-143.48145 -93.26782 67.526245
-143.79578 -93.42041 70.0531
-143.16559 -92.96112 67.52472
-143.37006 -94.44885 69.30542
-144.68994 -93.0069 68.71796
-143.07404 -94.73877 68.11676
-142.08984 -92.481995 68.71185
-143.9743 -94.31763 69.45801
-144.12842 -94.47479 68.11981
-142.72766 -93.39142 68.85986
-143.20221 -93.99872 69.0094
-143.80188 -93.72101 68.86139
-143.8034 -93.71948 69.30847
-144.08722 -93.13812 68.56842
-144.86694 -93.75458 68.56842
-145.33997 -94.3634 67.97638
-145.15076 -93.170166 68.12439
-144.6991 -93.30597 67.97638
-144.86542 -93.75458 68.12286
-146.18073 -92.16461 67.83142
-145.77332 -93.637085 67.97638
-147.97516 -91.18347 67.39044
-144.65332 -91.96777 67.23328
-146.83685 -93.670654 67.53235
-146.5683 -94.69757 68.273926
-148.0835 -94.60144 67.08832
-148.03009 -92.967224 67.09137
-148.03009 -92.967224 67.09137
-147.10999 -92.640686 67.98401
-148.31848 -92.378235 68.72864
-147.55554 -92.35535 67.53693
-148.6618 -93.72711 67.23938
-147.42279 -92.94586 67.385864
-147.62268 -94.43512 67.98096
-148.4848 -92.98096 66.64734
-148.38104 -94.45953 67.53693
-148.77777 -92.54303 67.39044
-148.50464 -93.574524 66.64734
-149.86267 -93.322754 65.90576
-148.33679 -93.12439 66.79535
-148.03162 -92.9657 67.83447
-148.0423 -93.263245 67.38739
-148.8205 -93.8797 67.38739
-146.23108 -93.800354 67.085266
-147.01996 -94.566345 67.38129
-147.61047 -94.1391 67.23633
-147.42737 -93.247986 65.15808
-146.84448 -94.12079 65.30304
-148.34595 -93.421936 66.49933
-146.99554 -93.82324 67.38281
-148.33527 -93.12439 66.49933
-148.9212 -92.40112 66.0553
-148.82965 -94.32831 65.60516
-148.8388 -94.62738 65.15808
-146.71326 -94.558716 67.085266
-145.20111 -94.80591 67.37671
-147.47772 -94.88373 64.4104
-147.44568 -93.84155 65.156555
-149.01886 -95.52307 65.01007
-149.01886 -95.52307 65.01007
-147.13745 -93.68286 66.04767
-147.77527 -94.592285 65.89813
-146.57593 -95.14923 65.74707
-147.76154 -94.29779 64.41345
-147.2351 -96.80328 65.00397
-148.36578 -94.16809 65.30762
-149.3164 -95.38574 64.41498
-149.43085 -94.20166 65.30914
-146.75446 -95.895386 66.34064
-148.71368 -95.513916 65.304565
-148.55804 -95.36133 65.15808
-149.49951 -96.27991 65.75165
-148.4375 -96.546936 63.520813
-148.72437 -95.81146 65.008545
-148.75488 -96.850586 64.56146
-149.94354 -95.999146 64.11896
-149.38507 -97.46399 65.15503
-148.92578 -97.45178 64.112854
-146.59119 -95.74585 64.25934
-148.44208 -96.543884 65.00702
-149.81842 -96.88568 64.26544
-149.3927 -97.76306 64.4104
-150.30212 -97.64252 65.01007
-148.43903 -96.54541 64.26239
-148.703 -95.217896 64.564514
-149.47052 -95.539856 64.26544
-150.35706 -94.67621 64.12201
-150.19226 -94.22455 65.312195
-147.9126 -94.451904 63.07831
-148.97614 -94.1864 65.30914
-150.72021 -96.46912 64.41498
-148.4024 -95.50781 63.076782
-148.11096 -95.64514 65.15503
-147.9538 -95.487976 65.7486
-148.98376 -94.48242 64.567566
-148.53821 -94.61517 66.34674
-147.75085 -93.84918 65.60364
-147.97668 -96.232605 65.30304
-146.31653 -96.62628 65.148926
-147.97668 -96.232605 65.00702
-147.9599 -95.788574 63.816833
-147.94312 -95.19348 65.008545
-148.71368 -95.513916 65.304565
-147.64862 -95.48035 65.30151
-147.43958 -93.540955 66.34674
-148.51227 -93.8736 65.901184
-148.38562 -94.76166 65.01007
-147.64099 -95.1828 66.04614
-147.47162 -94.58313 65.600586
-144.91577 -95.54291 65.88898
-146.14258 -95.72754 66.78467
-146.15631 -96.173096 66.78467
-146.15631 -96.173096 66.78467
-146.15631 -96.173096 66.78467
-146.14105 -95.72754 66.48865
-145.36743 -95.407104 66.04004
-145.8374 -95.71838 66.78314
-147.19696 -95.46356 66.78772
-145.22858 -95.84961 65.1474
-146.01593 -96.614075 66.63513
-146.01593 -96.614075 66.63513
-146.69952 -94.262695 65.89661
-145.39948 -96.447754 65.29541
-145.08667 -96.14258 65.29541
-147.07184 -96.35162 65.89203
-146.19598 -97.51282 66.03851
-145.28351 -97.63336 64.8468
-146.34247 -97.36786 65.88898
-147.54791 -96.9574 66.34064
-146.74225 -95.60089 65.597534
-146.67358 -98.26965 65.29541
-146.75293 -95.89691 65.597534
-147.23816 -96.80023 66.49017
-145.06378 -95.39795 66.03851
-147.63031 -94.73419 66.789246
-146.53473 -93.65845 68.27545
-149.45526 -94.792175 66.79382
-148.51074 -93.87512 65.15961
-149.56055 -93.31207 66.352844
-148.79913 -93.28766 66.34979
-149.87183 -93.618774 65.90576
-147.59827 -93.69354 67.533875
-147.89124 -93.40515 67.23938
-148.80219 -93.28613 67.836
-148.9685 -93.73627 67.53845
-149.39728 -93.16101 65.31067
-148.77625 -92.544556 67.09442
-149.88098 -93.91632 65.608215
-150.47607 -93.489075 66.05682
-150.48676 -93.785095 66.50238
-149.3103 -94.93408 67.83447
-149.3103 -94.93408 67.83447
-150.96283 -94.39392 67.09747
-149.61243 -94.94629 66.64734
-148.57178 -95.65582 67.08832
-148.13843 -96.38367 66.63971
-149.00055 -94.77692 66.79382
-148.93188 -97.447205 66.63971
-148.63129 -97.43652 67.82837
-149.37592 -97.01233 67.38434
-149.98474 -97.032166 67.83295
-149.9588 -96.4447 64.41345
-149.05396 -96.56067 66.04767
-152.36664 -95.62683 66.05682
-150.70038 -95.72296 66.34979
-151.01013 -96.032715 64.41803
-153.29742 -96.09833 66.35742
-151.4862 -96.48743 67.09442
-151.01013 -95.729065 68.58063
-149.78333 -95.54443 66.79382
-150.39825 -95.710754 67.388916
-151.93634 -96.35315 66.50238
-150.72632 -96.46454 67.09137
-151.9455 -96.64917 66.500854
-150.29297 -97.34497 65.01007
-152.42004 -97.413635 63.824463
-151.06201 -97.51434 66.34827
-152.26135 -97.10846 65.164185
-152.27509 -97.55707 64.41803
-152.72827 -97.421265 65.312195
-150.49591 -98.83118 66.64276
-149.88098 -98.66638 65.7486
-150.71106 -96.01898 66.34979
-152.71301 -96.97418 65.0177
-151.83105 -97.8363 65.90271
-153.6148 -96.55609 65.61279
-152.75421 -98.46344 63.082886
-154.35028 -100.58746 65.01465
-155.52368 -99.28894 65.16724
-153.7445 -100.71869 64.86359
-154.34723 -100.58899 64.27002
-152.69165 -100.979614 65.60211
-155.6961 -99.88861 65.02075
-155.54504 -100.03357 64.12659
-153.57208 -100.11902 64.567566
-155.07355 -99.572754 63.827515
-156.14319 -99.6048 65.02075
-157.0404 -99.33777 63.685608
-155.96771 -99.00665 64.12964
-154.61884 -99.55597 65.31372
-155.94482 -98.26355 64.87427
-155.35583 -98.838806 64.575195
-156.57349 -98.724365 66.36047
-156.12946 -99.15924 65.02228
-157.03583 -99.0387 65.17334
-157.33643 -99.0509 63.687134
-156.88171 -98.88458 66.06445
-157.4646 -98.161316 65.76996
-156.52008 -97.24121 64.87732
-157.33643 -99.05243 63.389587
-159.43604 -98.07587 64.88342
-157.77283 -98.32153 65.17639
-157.77283 -98.32153 65.17639
-158.57697 -99.67804 66.06598
-158.26111 -99.22333 66.067505
-159.4635 -98.81592 65.92102
-159.04846 -99.98932 67.256165
-158.4076 -99.079895 65.91797
-158.46405 -100.86365 65.6189
-159.5398 -101.19171 66.363525
-159.80225 -100.01831 63.83972
-158.32672 -101.30615 65.319824
-160.87646 -100.3479 64.286804
-159.3811 -101.042175 65.3244
-159.89685 -98.08655 66.371155
-159.32617 -99.2569 65.77301
-160.4248 -100.331116 65.771484
-159.84497 -101.35498 64.28223
-159.06677 -100.73547 65.026855
-159.83124 -100.75531 66.51459
-159.9762 -100.46234 67.85278
-159.49402 -99.85809 65.17792
-159.56116 -101.93787 65.174866
-158.57544 -99.679565 65.322876
-160.69183 -99.150085 66.6687
-161.15265 -99.313354 65.77759
-160.71472 -99.89319 66.36963
-161.32355 -99.913025 66.371155
-162.84485 -99.96033 66.37421
-162.05139 -98.89526 66.37421
-163.00049 -100.11749 65.33508
-161.17554 -100.05951 65.330505
-163.44757 -99.83063 65.78064
-163.44757 -99.83063 65.78064
-162.66785 -99.06464 66.82129
-161.74774 -98.88611 66.37421
-162.96082 -98.77472 67.26837
-163.09662 -98.18573 67.41791
-161.72485 -98.14453 67.118835
-163.12103 -98.92731 67.41638
-162.50916 -98.909 67.118835
-163.54828 -98.20099 66.38031
-162.67548 -99.36066 66.52527
-162.79907 -98.47565 67.12036
-162.65717 -98.76709 66.82129
-163.43994 -99.38049 68.30902
-162.65869 -98.765564 67.56439
-161.3266 -99.9115 67.41028
-163.60474 -99.983215 66.674805
-162.22076 -99.3454 66.81976
-163.02643 -100.85602 66.52374
-162.8891 -101.297 67.11426
-163.1836 -101.01013 66.37421
-162.76245 -102.186584 65.03296
-162.854 -100.2594 65.927124
-163.79547 -101.17798 66.078186
-162.86316 -100.556946 65.62958
-163.94196 -101.034546 65.63263
-164.40277 -101.04828 67.12036
-164.40277 -101.04828 67.12036
-164.40277 -101.04828 67.12036
-163.60321 -99.98474 65.634155
-165.02075 -101.361084 67.41638
-163.60321 -99.98474 65.930176
-166.19415 -100.06409 66.68091
-165.28625 -100.18616 66.52985
-165.7135 -99.30725 66.68091
-164.09302 -100.88806 67.266846
-165.61584 -100.93536 67.56897
-166.82434 -100.67749 67.422485
-164.37073 -100.0061 67.41791
-166.24146 -101.397705 68.16406
-165.47852 -101.37634 67.41791
-165.02838 -101.66016 66.37726
-165.00854 -101.06659 66.67633
-165.32898 -101.52283 66.526794
-166.362 -100.512695 67.27295
-166.81671 -100.37842 68.16864
-164.4226 -101.641846 67.118835
-166.84418 -101.42059 66.381836
-166.5329 -101.11389 67.12494
-166.84113 -101.12152 68.90869
-165.93323 -101.24054 68.75763
-165.95306 -101.986694 66.82434
-165.61737 -100.93536 68.01605
-166.83502 -101.12457 66.68091
-167.76581 -101.597595 66.82892
-166.96777 -100.53558 66.085815
-166.81519 -100.379944 67.87109
-166.47797 -99.32861 67.42401
-166.19873 -100.061035 68.167114
-166.37878 -100.95825 68.01758
-167.59949 -101.14441 68.16864
-166.21704 -100.65765 67.86804
-166.68243 -100.96893 67.57202
-166.68243 -100.96893 67.57202
-166.25061 -101.69678 67.41943
-166.99524 -101.275635 67.57202
-166.83502 -101.12457 66.68091
-166.35284 -100.216675 67.274475
-167.41486 -100.253296 65.79132
-167.26532 -100.094604 68.91174
-165.78064 -101.387024 67.12189
-167.72156 -100.260925 66.53595
-167.29736 -101.135254 68.16864
-166.68243 -100.96893 67.57202
-166.20789 -100.36011 67.422485
-166.66412 -100.52643 66.085815
-166.50085 -100.07172 67.422485
-167.26227 -100.09613 67.87262
-166.34064 -99.91913 66.5329
-166.77704 -99.34235 65.93933
-165.92865 -101.242065 67.27142
-166.68243 -100.96893 67.57202
-166.48712 -99.62616 67.86957
-165.77148 -101.091 67.12341
-166.52069 -100.66681 67.86804
-166.66718 -100.52338 67.274475
-165.75012 -100.346375 67.42096
-167.57202 -100.40436 66.38641
-166.65955 -100.227356 67.57355
-166.79077 -99.63684 67.87109
-165.75623 -100.64545 66.38031
-166.3971 -101.553345 67.56897
-164.4928 -99.12109 66.82587
-166.21094 -100.35858 68.61267
-166.21094 -100.35858 68.61267
-166.6275 -99.18671 68.022156
-165.60211 -100.48981 67.56897
-167.4408 -100.99182 67.276
-166.52222 -100.66528 68.16559
-165.61584 -100.93536 67.56897
-167.45453 -101.28784 68.76221
-166.35284 -100.216675 67.274475
-165.75928 -100.64392 67.41943
-166.67175 -100.52185 68.76068
-166.3559 -100.216675 68.019104
-166.38489 -100.953674 70.54291
-167.89246 -100.70801 68.91174
-166.81519 -100.379944 67.42401
-165.75928 -100.64392 67.866516
-166.2201 -100.65613 68.611145
-166.66107 -100.227356 68.02063
-165.73944 -100.04883 67.86804
-167.27295 -100.39368 67.42554
-165.71655 -99.305725 67.422485
-166.19263 -100.06561 65.93628
-166.35437 -100.216675 67.57202
-166.36047 -100.51422 66.53137
-167.26227 -100.09613 67.42554
-165.72571 -99.60327 67.86804
-165.44647 -100.33722 67.86804
-168.47534 -99.98474 68.02521
-165.59143 -100.19531 66.82739
-165.47394 -101.379395 65.9317
-166.78467 -99.33777 68.61572
-165.9195 -100.946045 66.82587
-166.4978 -100.07324 66.68091
-164.7171 -101.35193 67.86194
-165.4541 -100.63629 67.12341
-165.42206 -99.59412 67.86804
-165.62347 -101.23291 67.27142
-166.64886 -99.92828 67.57355
-166.8045 -100.0824 67.87109
-166.81366 -100.38147 67.12799
-167.42401 -100.54932 66.08734
-166.79077 -99.63684 67.87109
-166.20789 -100.36011 67.422485
-167.25159 -99.64905 68.61572
-165.39154 -98.55347 68.6142
-166.95709 -99.93439 69.506836
-165.90118 -100.19989 69.0567
-166.66718 -100.5249 66.82892
-165.55634 -99.15466 66.5329
-166.68396 -100.96741 68.315125
-166.22772 -101.10474 66.67938
-165.62347 -101.23291 67.27142
-166.81366 -100.38147 67.12799
-166.52222 -100.66528 68.16559
-165.97595 -102.578735 68.75458
-164.97498 -100.02594 66.67786
-166.6214 -99.18976 66.08887
-165.42053 -99.59564 67.12494
-165.59906 -100.49133 66.52985
-165.802 -102.13165 65.63568
-166.19415 -100.06409 66.68091
-167.5415 -99.36218 67.874146
-167.5415 -99.36218 67.874146
-166.82281 -100.679016 67.126465
-166.21399 -100.65918 66.381836
-166.39557 -101.553345 67.27142
-166.81824 -100.37842 68.6142
-167.25922 -100.09766 66.68396
-167.3935 -99.505615 67.27905
-165.47241 -101.0788 68.60962
-166.21246 -100.357056 69.355774
-166.9754 -100.531006 68.76068
-166.96472 -100.23651 68.02063
-167.26074 -100.09766 67.12952
-167.55066 -99.65973 67.42554
-167.41791 -100.25177 66.83197
-167.43011 -100.546265 68.02063
-167.44995 -101.29089 66.830444
-166.54358 -101.40839 67.41943
-166.98761 -100.97809 68.019104
-164.87427 -101.50604 67.26837
-167.44995 -101.28937 67.276
-166.79077 -99.63684 67.87109
-166.67023 -100.52185 68.315125
-165.90576 -100.49896 67.27142
-166.94183 -99.48883 69.06128
-167.31567 -101.73035 67.86957
-166.96014 -100.23804 66.534424
-166.95099 -99.938965 66.830444
-166.63666 -99.48273 68.022156
-166.47949 -99.32709 68.16864
-165.92865 -101.24359 66.82587
-165.29694 -100.48065 67.2699
-165.29694 -100.48065 67.2699
-166.20026 -100.061035 68.61267
-166.20026 -100.061035 68.61267
-166.20026 -100.061035 68.61267
-166.82129 -100.679016 66.68091
-165.59753 -100.49286 66.08276
-165.35645 -102.26135 68.307495
-164.37988 -100.305176 67.12189
-164.92004 -98.24371 67.126465
-164.99634 -100.62103 67.12189
-163.15308 -99.96796 67.86194
-164.4928 -99.12109 66.82587
-162.98218 -99.368286 67.56592
-162.66632 -99.06464 66.52527
-163.74664 -99.38812 69.05365
-163.4674 -100.42572 66.07666
-162.69379 -99.80469 68.00995
-160.99396 -99.16077 65.92407
-163.45978 -100.128174 66.52527
-162.70752 -100.40283 66.075134
-163.57727 -98.939514 68.16254
-161.62262 -99.772644 66.52069
-160.82916 -98.70911 66.52069
-160.08911 -99.279785 66.815186
-159.93042 -99.12567 66.36963
-159.3628 -100.29602 66.81061
-159.31702 -98.96088 66.07056
-159.20715 -100.14191 67.85126
-157.80334 -99.05853 67.84973
-158.25348 -98.92578 66.51459
-157.19604 -99.18976 65.76691
-156.43005 -98.86627 68.29224
-155.3299 -97.795105 67.54761
-155.21393 -98.97919 66.65497
-155.34668 -98.54126 65.31677
-152.8122 -99.79248 68.281555
-154.1748 -99.687195 67.39197
-151.87836 -99.16992 67.385864
-151.02539 -101.07422 67.23328
-150.81482 -99.13635 68.12744
-149.49036 -100.579834 67.82532
-150.34027 -98.67859 66.79077
-148.73047 -100.556946 67.82379
-146.76514 -100.93994 67.222595
-147.84393 -101.42059 66.778564
-145.87097 -101.50757 67.07153
-144.61975 -100.42877 67.36603
-144.97375 -101.92413 67.96112
-144.98901 -102.368164 68.25714
-143.37006 -104.10156 67.06085
-143.13965 -101.56708 68.69812
-142.78412 -104.67224 68.98956
-139.87732 -104.13818 68.23883
-141.56952 -104.78363 68.0954
-141.59546 -105.52368 69.58008
-138.9862 -104.70123 69.5755
-139.18457 -106.19354 68.67981
-140.4007 -106.23169 67.941284
-138.55743 -105.57861 69.42444
-137.10175 -107.61261 68.670654
-139.23187 -107.67822 68.974304
-137.44812 -108.65631 71.94061
-137.44812 -108.65631 71.94061
-139.12964 -109.1568 70.01343
-138.66882 -108.995056 70.15991
-138.237 -109.72443 69.7113
-137.3291 -109.84192 70.303345
-137.01324 -109.53827 69.56024
-139.19525 -111.2381 69.56329
-137.37183 -111.180115 70.30029
-136.44257 -110.70404 70.15076
-135.23102 -110.81543 69.999695
-136.3266 -111.891174 69.25812
-137.55188 -112.07733 69.7052
-135.71777 -111.720276 70.892334
-138.48724 -112.69684 71.49048
-137.86469 -112.22992 71.7865
-138.34839 -113.13782 70.895386
-136.69891 -113.9801 69.55109
-137.32605 -114.442444 70.89081
-137.95471 -115.05432 71.484375
-136.74164 -115.31677 69.54956
-137.19788 -115.33203 69.55109
-136.59515 -115.45868 70.14313
-136.78131 -116.352844 71.77734
-137.53052 -116.08124 71.03729
-135.7254 -116.61835 71.476746
-137.69836 -116.53137 71.18378
-135.89478 -117.21802 71.1792
-136.21521 -117.6712 72.2168
-135.13641 -117.34161 70.729065
-135.4538 -117.648315 71.473694
-136.37543 -117.97333 71.1792
-136.37543 -117.97333 71.1792
-135.49805 -119.13452 70.72601
-136.45935 -120.651245 70.43152
-135.68268 -120.02869 71.61713
-135.68115 -120.03021 70.87555
-137.51068 -120.085144 72.36481
-136.25793 -119.158936 70.72754
-136.79047 -121.398926 71.9162
-135.65979 -119.28711 72.361755
-136.30524 -120.49408 72.21222
-136.00311 -120.63599 71.173096
-137.41608 -121.86279 72.95685
-136.91254 -120.513916 71.02661
-136.586 -119.76013 72.21527
-135.97107 -119.59381 71.62018
-135.39124 -120.314026 72.657776
-135.54382 -120.469666 71.76666
-136.93848 -121.25549 71.76819
-134.51233 -121.476746 71.762085
-134.6344 -120.59326 70.87402
-136.0199 -121.08002 71.91467
-135.39734 -120.614624 71.91467
-135.38666 -120.31708 71.17157
-136.49445 -121.68884 71.173096
-135.27222 -121.50116 71.46759
-134.85107 -122.52655 72.206116
-135.72693 -121.36688 72.3587
-133.78448 -122.49451 71.46149
-136.08551 -123.15979 71.614075
-134.8404 -122.22748 72.50519
-135.7727 -122.7005 73.3963
-134.87549 -123.26813 72.94922
-135.29816 -122.24121 72.95227
-135.79407 -123.44513 73.098755
-135.98328 -124.63989 72.20459
-136.57684 -124.21265 71.91162
-135.04028 -123.71979 71.6095
-135.63843 -123.291016 73.24829
-135.82611 -124.487305 72.3526
-133.99811 -124.42932 71.902466
-134.71985 -123.11554 72.65167
-134.11407 -123.24371 72.50214
-134.58252 -123.55652 73.24371
-135.79407 -123.44513 72.6532
-134.8587 -122.82562 71.46301
-135.05707 -124.16382 73.0957
-134.729 -123.41156 73.09723
-134.74274 -123.70758 73.838806
-135.0296 -123.42224 71.61102
-134.59015 -123.85254 72.50061
-134.87396 -123.26813 72.50366
-134.53674 -122.21832 72.50366
-132.55157 -122.0108 71.16089
-133.20312 -123.36578 71.90399
-133.47473 -122.18323 73.68927
-132.87354 -122.613525 71.16089
-133.95386 -123.09418 71.162415
-134.55505 -122.81647 71.46149
-134.98688 -122.08557 71.61255
-134.69238 -122.37396 70.87097
-134.55505 -122.81647 71.46149
-134.55505 -122.81647 71.46149
-134.67102 -121.63086 72.35718
-131.58722 -120.347595 71.45996
-132.99255 -121.42639 72.50214
-131.73218 -120.20416 71.162415
-133.13141 -121.29059 69.381714
-132.99103 -121.42792 71.75903
-134.65729 -121.336365 70.425415
-132.2525 -122.14813 71.75598
-133.52661 -119.2215 70.8725
-133.52661 -119.2215 70.8725
-133.52661 -119.2215 70.8725
-133.52661 -119.2215 70.8725
-132.83081 -121.276855 70.86792
-133.1253 -120.99304 70.42084
-132.83081 -121.276855 70.86792
-133.38623 -119.662476 70.721436
-132.724 -122.76001 69.9707
-134.6878 -122.377014 69.384766
-133.93097 -122.34955 71.16394
-133.41675 -120.70618 69.532776
-134.6344 -120.59326 71.170044
-134.47266 -120.4422 69.5343
-134.31244 -120.28961 67.453
-133.72345 -120.71228 70.71991
-134.50012 -121.18378 70.27435
-133.9859 -119.384766 70.277405
-134.31854 -120.285034 70.12787
-133.3847 -119.664 69.97986
-133.84857 -119.97528 68.93768
-134.27582 -118.94989 69.68536
-134.27582 -118.94989 69.68536
-134.56573 -118.51349 70.13245
-133.53119 -119.522095 69.38629
-132.6355 -120.088196 68.489075
-133.53271 -119.522095 69.68231
-134.42993 -119.10553 69.53583
-133.55713 -120.26367 69.680786
-134.78394 -120.75043 68.7912
-135.78644 -118.7027 69.54193
-132.1518 -119.03076 71.017456
-133.71887 -120.71686 68.49213
-133.65326 -118.637085 68.7912
-134.73969 -119.41223 68.05115
-134.46198 -120.14618 68.49365
-134.7351 -119.11316 69.98291
-133.44116 -121.447754 69.53125
-134.42993 -119.10553 69.53583
-134.4986 -121.18378 69.97833
-132.96356 -120.68939 70.27283
-133.85468 -119.97223 71.16699
-134.6222 -120.295715 70.129395
-134.30939 -119.98749 70.12787
-132.68585 -121.42029 71.45996
-132.83081 -121.276855 70.86792
-134.00879 -120.12787 69.97986
-135.31036 -122.84088 69.97833
-133.98438 -119.384766 69.981384
-134.78851 -120.747375 70.277405
-133.95996 -118.644714 69.23981
-132.94067 -120.09735 68.78662
-133.64258 -118.33954 68.7912
-133.79974 -118.49213 68.19763
-135.13336 -117.344666 69.244385
-134.2392 -117.90924 68.94379
-134.67407 -117.33246 68.0542
-134.20105 -116.87317 67.16156
-134.50623 -116.88385 67.46063
-134.79614 -116.44745 67.46063
-135.20966 -115.12451 66.72211
-135.50568 -114.83765 67.46521
-135.18372 -114.382935 66.42761
-136.7218 -115.026855 65.09094
-136.5387 -113.83057 67.91687
-136.26556 -114.860535 67.170715
-136.1206 -115.00244 68.507385
-136.50818 -113.08899 65.98511
-134.70917 -113.77411 67.16766
-136.7157 -114.72626 66.2796
-135.49042 -114.39209 67.466736
-134.0805 -113.00964 67.91229
-134.53522 -113.17444 66.278076
-135.45532 -113.35297 66.42914
-135.75897 -113.36212 66.430664
-137.15668 -114.297485 66.5802
-136.41052 -114.7171 66.57715
-135.63843 -114.24866 67.318726
-135.1654 -113.78937 66.42761
-137.12616 -113.253784 67.3233
-134.65881 -112.290955 65.982056
-136.47461 -112.049866 65.98663
-135.13947 -113.046265 65.68451
-136.08856 -114.26544 65.83252
-136.08856 -114.26544 65.83252
-136.01685 -111.88507 67.770386
-136.89728 -111.026 64.95209
-137.3825 -111.93085 65.841675
-136.88812 -110.72693 65.693665
-137.58392 -113.42163 65.245056
-135.44312 -113.056946 65.982056
-135.3653 -110.68115 65.24353
-135.56824 -112.17041 65.53955
-136.51886 -113.386536 65.98511
-135.40039 -111.720276 65.98511
-136.20758 -113.07678 67.17377
-135.74066 -112.76703 67.17377
-136.1847 -112.33673 66.72974
-134.95941 -112.14905 66.28113
-136.32202 -111.894226 67.32483
-136.04279 -112.62512 68.06641
-135.13336 -112.74719 67.17224
-134.98993 -113.1897 65.83252
-135.28137 -112.602234 67.32025
-134.98993 -113.1897 65.5365
-135.15472 -113.34076 67.46826
-134.51996 -112.579346 67.76581
-134.08813 -113.308716 66.72211
-135.45685 -113.35297 66.72516
-134.3811 -113.02185 66.72363
-134.35516 -112.2818 65.982056
-134.2453 -113.61389 65.82947
-134.37347 -112.724304 67.46826
-134.04541 -111.97052 67.466736
-134.55963 -113.91907 66.27655
-134.55963 -113.91907 66.27655
-134.7107 -113.77411 67.46521
-134.6756 -112.734985 66.72516
-134.5871 -114.65912 67.76123
-134.21478 -112.57172 67.02118
-136.17554 -112.03766 67.47284
-134.23004 -113.16681 65.53345
-135.60486 -113.20648 67.32025
-135.1242 -112.298584 68.95599
-135.26459 -112.1582 66.578674
-135.26611 -112.1582 67.02423
-134.0683 -112.71515 66.72363
-135.71625 -112.02545 66.72821
-135.00824 -113.635254 67.022705
-135.3302 -114.2395 66.57562
-135.59418 -112.91199 67.02423
-133.30841 -112.690735 67.46521
-133.77075 -112.85095 68.0603
-135.11658 -112.30469 65.98358
-134.198 -112.127686 65.83099
-134.52911 -112.87689 67.3172
-135.00519 -113.63678 65.83252
-132.69196 -112.52289 66.57257
-134.07898 -113.00964 67.46521
-134.0683 -112.71362 67.16919
-132.87964 -113.7207 65.97443
-133.46405 -112.84332 67.76123
-134.4925 -111.839294 66.28113
-134.96246 -112.14752 67.767334
-136.04889 -112.92572 67.02423
-135.02808 -114.22882 67.3172
-133.43964 -112.101746 67.01965
-133.64105 -113.74359 65.97595
-134.7107 -113.77411 67.46521
-133.66241 -114.33411 67.16461
-133.34045 -113.731384 67.16461
-134.97467 -112.594604 67.02423
-133.1955 -114.17847 64.34021
-134.52606 -112.87842 66.278076
-134.22241 -112.86926 66.5741
-134.22241 -112.86926 66.5741
-134.22241 -112.86926 66.5741
-134.375 -112.724304 67.915344
-134.375 -112.724304 67.915344
-135.4538 -113.35449 65.68451
-134.9945 -113.186646 67.76581
-133.6319 -113.29346 67.463684
-134.10187 -113.7558 66.72058
-134.54895 -113.62305 65.83099
-133.77533 -113.150024 66.5741
-134.98993 -113.1897 65.5365
-134.22546 -112.86774 67.76276
-136.48529 -112.34741 65.98663
-133.4961 -113.8855 67.0166
-134.22241 -112.86926 66.5741
-133.77838 -113.1485 67.315674
-134.27887 -114.653015 65.826416
-133.81195 -114.190674 67.31415
-134.22546 -112.86774 67.76276
-133.3252 -113.28583 66.42456
-135.6018 -113.20801 66.578674
-135.6018 -113.20801 66.578674
-133.34808 -114.02893 66.423035
-134.4223 -114.36005 66.42609
-135.60028 -113.20953 65.834045
-133.74329 -112.1109 66.57562
-134.6817 -113.03253 65.98053
-136.05347 -112.92267 68.51044
-135.01892 -113.931274 67.3172
-135.289 -112.901306 67.022705
-135.65674 -114.99481 65.08942
-133.19397 -113.87482 67.31262
-135.18372 -114.382935 66.42761
-134.29718 -115.24811 65.826416
-136.20148 -112.779236 68.21594
-134.36127 -112.27875 67.915344
-134.26666 -114.20746 67.01813
-135.4599 -113.35144 67.915344
-136.35101 -112.63275 69.25659
-134.37195 -112.72583 66.72516
-136.70044 -114.28223 66.578674
-135.39124 -111.27167 67.47131
-134.99603 -113.18512 68.063354
-134.08356 -113.31177 64.93988
-135.78033 -114.10675 65.982056
-134.52911 -112.87689 67.76428
-134.39484 -113.31787 67.91382
-134.07745 -113.00964 67.16766
-134.50317 -112.135315 66.57715
-134.4101 -114.06555 65.2359
-134.06067 -112.265015 69.400024
-133.4732 -113.13934 67.76123
-133.4732 -113.13934 67.76123
-134.09271 -113.305664 68.65387
-133.77533 -113.150024 66.5741
-133.71582 -111.068726 68.80493
-133.27637 -111.64856 68.20984
-133.29468 -112.24518 67.46521
-134.65424 -111.99036 67.915344
-133.18481 -113.57727 67.31415
-133.4549 -112.54578 67.315674
-133.61206 -112.69989 67.46521
-132.39441 -112.812805 65.82489
-133.72803 -111.51428 68.063354
-132.2113 -111.616516 67.91077
-133.36792 -109.721375 68.51044
-133.30688 -112.69226 66.72211
-134.33838 -111.683655 67.17224
-133.29773 -112.24213 68.951416
-133.38776 -110.466 67.76581
-133.58002 -111.657715 68.20984
-132.8186 -111.63483 68.20831
-132.7713 -110.15015 67.91382
-133.10089 -111.05347 66.278076
-132.82013 -111.63483 68.65387
-133.12836 -111.79352 68.06183
-134.54132 -113.17139 68.507385
-134.05914 -112.265015 68.95294
-133.1192 -111.49597 68.06183
-134.02557 -111.224365 68.95447
-132.18536 -110.87341 67.16766
-134.021 -111.22742 67.170715
-134.02252 -111.22742 67.46826
-133.42133 -111.50665 67.3172
-132.48749 -110.88257 67.16919
-133.58002 -111.657715 68.20984
-133.12836 -111.79352 68.06183
-134.03625 -111.67297 67.46826
-133.42133 -111.50665 67.76428
-134.21936 -112.568665 68.507385
-133.13599 -112.09259 67.01965
-133.7143 -111.068726 68.063354
-134.1507 -110.48889 68.06488
-132.341 -111.02905 67.01813
-132.51495 -111.624146 68.65387
-133.74634 -112.109375 67.76428
-132.56226 -113.26141 66.423035
-133.30688 -112.69226 66.72211
-133.46252 -112.84485 67.01813
-131.61621 -112.04376 67.75818
-132.68127 -112.075806 67.76123
-132.5119 -111.62567 67.46521
-132.35626 -111.47308 67.76123
-134.29565 -110.1944 68.95752
-133.26569 -111.20148 69.400024
-133.60138 -112.25281 68.65387
-132.65991 -111.483765 67.01965
-133.09479 -110.754395 67.318726
-132.8064 -111.18927 68.65387
-132.70416 -112.81891 67.759705
-133.11462 -111.49902 66.57562
-132.82623 -111.9339 67.463684
-133.12988 -111.79352 68.507385
-132.50122 -111.17859 68.65387
-132.50122 -111.17859 68.65387
-134.15375 -110.487366 69.25354
-133.12225 -111.798096 65.83099
-134.0149 -110.928345 68.21289
-134.01184 -110.9314 66.726685
-132.49664 -111.180115 67.16766
-133.42438 -111.50513 68.507385
-132.49817 -111.180115 67.46521
-133.25195 -110.90698 67.46826
-132.3227 -110.432434 67.76276
-133.28705 -111.946106 68.65387
-132.33948 -111.02905 66.275024
-132.49664 -111.180115 67.16766
-133.09631 -110.75287 68.063354
-132.78656 -110.59418 68.655396
-131.7276 -110.85968 67.16614
-133.10547 -111.050415 68.06183
-133.107 -111.050415 68.803406
-132.48138 -110.583496 68.655396
-133.0841 -110.45685 67.76581
-131.2912 -111.439514 67.759705
-133.07037 -110.01129 67.32025
-133.06427 -109.71222 68.51044
-132.79724 -110.89172 68.655396
-131.2912 -111.439514 67.759705
-132.17773 -110.57587 67.91229
-132.62634 -110.443115 67.02118
-132.14722 -109.53522 68.655396
-131.69861 -109.81903 68.65387
-133.52966 -110.173035 67.170715
-134.10034 -109.00726 67.02728
-134.10034 -109.00726 67.02728
-132.75146 -109.55658 67.46826
-132.60803 -109.69696 68.80493
-133.1955 -109.124756 67.918396
-132.29065 -109.39331 67.76428
-132.4234 -108.80432 67.91687
-131.57196 -110.70862 67.01813
-131.57196 -110.70862 67.01813
-131.57196 -110.70862 67.01813
-131.57196 -110.70862 67.01813
-131.87103 -110.41565 69.24896
-132.17621 -110.57587 67.46521
-132.66144 -111.48224 67.76276
-132.15485 -109.83429 67.91382
-132.65076 -111.03516 68.50586
-131.53992 -109.66644 67.76276
-130.9555 -110.539246 66.719055
-132.46613 -110.139465 67.91382
-131.39954 -110.10742 67.463684
-130.94482 -110.09064 68.20526
-130.6549 -110.52704 68.20526
-132.44476 -109.547424 66.72516
-132.46613 -110.139465 67.91382
-132.60193 -109.70001 66.57715
-131.43158 -111.14807 67.16461
-132.2998 -109.68933 67.76428
-132.70264 -108.07037 67.47131
-132.2937 -109.391785 68.803406
-132.44781 -109.54437 68.211365
-132.78809 -110.59265 69.400024
-132.13196 -109.08966 68.65692
-132.79266 -110.89325 67.16919
-132.7713 -110.15015 67.91382
-129.6112 -111.08856 68.64624
-132.79572 -110.89172 68.20984
-132.18842 -110.87341 67.91229
-132.49207 -110.88104 68.655396
-133.70209 -110.77423 67.02423
-133.23822 -110.61096 66.42914
-133.0841 -110.45685 67.76581
-132.61719 -109.99451 68.50891
-133.26263 -111.203 68.20984
-133.69598 -110.47363 68.51044
-132.78656 -110.59418 68.655396
-133.21991 -109.86786 67.91687
-132.79724 -110.89172 68.655396
-132.6416 -110.73761 68.507385
-133.08563 -110.45532 68.063354
-133.10394 -111.05194 67.76428
-132.48749 -110.88257 67.16919
-133.08258 -110.458374 67.022705
-134.14917 -110.49042 67.32025
-132.51038 -111.6272 66.72211
-133.08258 -110.458374 67.022705
-134.9289 -111.1084 67.32178
-131.02417 -112.61902 67.45911
-131.90918 -111.7569 67.76123
-133.15277 -112.535095 68.0603
-132.47986 -110.583496 68.20984
-133.47931 -113.134766 69.99054
-133.43353 -111.80267 68.803406
-133.43353 -111.80267 68.803406
-133.13751 -112.091064 67.76276
-132.85217 -112.675476 68.20679
-131.88934 -111.01227 68.800354
-133.73871 -111.81183 68.80493
-132.31049 -114.73694 67.45758
-131.94275 -112.79602 67.75818
-132.3761 -112.06665 67.31262
-131.45905 -111.88812 68.94684
-132.76825 -114.90021 66.27045
-133.30994 -112.68921 68.20831
-133.50067 -113.88245 68.50281
-130.87769 -112.76245 67.308044
-133.65784 -114.035034 68.65082
-131.76422 -111.8988 68.64929
-132.71637 -113.1134 68.79883
-133.38013 -114.767456 69.39392
-133.64716 -113.74054 67.90924
-131.8039 -113.238525 66.716
-132.42493 -113.55133 68.055725
-131.34613 -113.07068 68.499756
-132.55768 -112.960815 68.65082
-132.27997 -113.69629 68.647766
-131.98853 -114.13269 68.79578
-132.4585 -114.590454 68.05267
-133.6914 -115.07416 68.64929
-131.97937 -113.835144 68.499756
-131.82983 -113.97858 68.20068
-133.37708 -114.77051 67.907715
-131.84052 -114.27612 68.64624
-131.97632 -113.83667 67.75665
-131.97632 -113.83667 67.75665
-132.64465 -115.78674 67.45758
-131.82068 -113.68408 67.90466
-132.29523 -114.29138 67.45911
-132.76978 -114.90021 67.01355
-132.87048 -113.27057 67.46216
