-0.04307556 3.8141632 9.056839
0.29910278 3.7208405 9.219543
0.22253418 3.694519 9.355942
0.110076904 3.637085 9.530609
0.27757263 3.661026 9.592819
0.1531372 3.7016907 9.549759
-0.057434082 3.6801605 9.789032
0.31106567 3.780655 9.22673
0.38046265 3.8596191 8.506485
0.1986084 3.7615204 8.752945
0.15074158 3.739975 9.647858
-0.059814453 3.7016907 9.702896
0.14117432 3.6299133 9.068802
0.34934998 3.6873474 9.006592
0.40438843 3.7088776 9.470795
0.27038574 3.6011963 9.470795
0.2536316 3.5485535 9.401398
0.32063293 3.6083832 9.662216
0.34217834 3.5581207 10.02832
0.33259583 3.5365906 9.738785
0.3254242 3.7830505 8.999405
0.3062744 3.7615204 9.396622
0.1483612 3.6825562 9.501892
0.25602722 3.830902 9.231506
0.26560974 3.8739777 9.255432
0.33021545 3.8022003 9.262619
0.37806702 3.6969147 9.518646
0.29670715 3.5365906 9.896713
0.24885559 3.5677032 9.497116
0.31825256 3.6897278 9.303299
0.25602722 3.7830505 9.262619
0.36610413 3.7208405 9.255432
0.1603241 3.6921234 9.360718
0.06939697 3.6897278 9.707687
0.23210144 3.6562347 9.501892
0.31106567 3.6514435 9.346359
0.1986084 3.637085 9.561722
0.25125122 3.625122 9.4205475
0.24645996 3.7016907 9.162125
0.2368927 3.728012 9.284149
0.45703125 3.7423706 9.341583
0.43310547 3.8285217 9.466003
0.4283142 3.7710876 9.456436
0.4355011 3.6873474 9.298508
0.33738708 3.6490479 9.358322
0.48335266 3.5844421 9.549759
0.49531555 3.5724792 9.544968
0.3014984 3.6418762 9.573685
0.33021545 3.6873474 9.57608
0.42114258 3.763916 9.415756
0.34695435 3.739975 9.480362
0.4355011 3.6562347 9.482758
0.45703125 3.6059875 9.3703
0.39482117 3.6466675 9.463608
0.5001068 3.672989 9.444473
0.5168457 3.7184448 9.276978
0.48335266 3.7088776 9.231506
0.46420288 3.5844421 9.147766
0.47616577 3.5700989 9.178864
0.71066284 3.5940247 9.188446
0.7896271 3.6131592 9.219543
0.6508484 3.637085 9.449265
0.5264282 3.6155548 9.5234375
0.68434143 3.6107635 9.415756
0.8159485 3.6586304 9.454041
0.8279114 3.8189392 9.470795
0.84706116 3.7782745 9.475586
0.5694885 3.6969147 9.482758
0.550354 3.6753693 9.518646
0.6388855 3.6131592 9.377472
0.69392395 3.5126648 9.387039
0.7657013 3.493515 9.525833
0.68434143 3.5796661 9.568893
0.8111725 3.550949 9.451645
0.9068756 3.4791565 9.178864
1.0600128 3.5461578 8.934799
1.1246338 3.5796661 9.224335
0.9834442 3.5078735 9.257828
0.8638153 3.4408722 9.12384
0.7657013 3.419342 9.437286
0.6125641 3.4408722 9.8033905
0.6053772 3.3930206 9.659821
0.7513428 3.402588 9.530609
0.6628113 3.3690948 9.784256
0.7393799 3.3212433 9.578476
0.87338257 3.3188477 9.415756
0.9020996 3.259018 9.492325
0.8422699 3.282959 9.403793
0.68196106 3.3882294 9.595215
0.5766754 3.402588 9.729218
0.653244 3.2733765 9.504288
0.6891327 3.2398834 9.468399
0.5694885 3.1298065 9.631119
0.7298126 3.1417694 9.394226
0.7896271 3.3930206 9.387039
0.64367676 3.254242 9.611969
0.78245544 3.1920319 9.542572
0.72024536 3.3834534 9.449265
0.61735535 3.4097748 9.578476
0.6915283 3.3379822 9.530609
0.7680969 3.3260193 9.5354
0.7010956 3.275772 9.434906
0.61016846 3.122635 9.451645
0.7896271 3.287735 9.418152
0.5096741 3.4360962 9.224335
0.550354 3.1633148 9.841675
0.67237854 3.2518463 9.808182
0.85902405 3.4624176 9.554535
0.73220825 3.4743805 9.296112
0.27757263 3.3762665 9.88475
0.6125641 3.139389 9.681366
0.6412811 3.1489563 9.609573
0.5431671 3.4791565 9.609573
0.5814514 3.316452 9.717255
0.5288086 3.275772 9.805786
0.43788147 3.4241333 9.774673
0.49291992 3.5150604 9.789032
0.43070984 3.6490479 9.891922
0.48335266 3.7471619 9.870392
0.4283142 3.6753693 9.705292
0.37088013 3.460022 9.793823
0.33738708 3.4648132 9.609573
0.17945862 3.6921234 9.422943
-0.06460571 3.6107635 9.480362
0.007171631 3.3882294 9.482758
0.035888672 3.3260193 9.549759
-0.14356995 3.2111664 9.573685
-0.071777344 3.0556335 9.693329
0.01675415 3.1202393 9.458832
0.13160706 3.0747833 9.401398
0.071777344 3.2303162 9.757935
-0.08135986 3.4959106 9.834503
-0.06460571 3.5940247 9.786652
0.033493042 3.7543335 9.789032
0.112457275 3.763916 9.939789
0.23210144 4.137192 10.140778
0.007171631 4.4602203 9.418152
0.100494385 4.520035 8.920441
0.2871399 4.6779633 9.037689
0.021530151 4.6827545 9.609573
0.1483612 4.58226 9.877579
-0.29193115 4.5966187 9.930222
-0.6316986 4.7234344 10.238892
-0.5790558 4.713867 9.937393
-0.5120697 4.7617188 9.736389
-0.112457275 4.598999 9.504288
0.35891724 4.4889374 8.860626
0.23210144 4.6420746 8.3437805
-0.13400269 5.0201416 8.078171
-0.08135986 4.955536 8.413162
-0.105285645 4.6325073 8.463409
-0.39242554 4.9052887 8.238495
-0.59580994 5.091934 7.944168
-0.5694885 5.417343 7.9872437
-0.42591858 5.5322113 8.374878
-0.41635132 5.2833557 8.571091
-0.64367676 5.09671 8.415558
-0.6149597 5.2546387 8.705093
-0.2632141 5.2785645 9.18605
-0.102890015 5.2570343 9.468399
-0.16270447 4.9172516 9.406189
-0.20578003 4.4937286 8.815155
-0.36849976 4.3908234 9.150162
-0.62213135 4.4937286 10.712662
-0.28474426 4.3381805 12.0143585
-0.095718384 3.6993103 11.475983
-0.70588684 3.6442719 9.451645
-1.5003052 4.2065887 7.8460693
-1.4620209 4.443466 7.578064
-0.83509827 3.7830505 8.465805
-0.8231354 3.3188477 9.379868
-1.2131653 3.5557404 10.729416
-0.96191406 3.242279 11.3013
-0.80877686 2.5579224 11.298904
-1.385437 2.5411835 11.114655
-2.1032867 2.8091736 9.88475
-2.325821 3.247055 8.760132
-1.931015 3.5844421 7.9872437
-1.2059784 3.9625092 7.2933197
-0.7896271 3.9792633 7.0875397
-0.6149597 3.7734833 7.171295
-0.66760254 3.7088776 7.2837524
-1.1581268 3.6418762 7.3292084
-1.5744781 3.4384918 7.561325
-2.1272125 3.0293121 8.293518
-2.572281 2.9814606 9.035294
-3.5844421 3.2446747 12.464218
-1.6510468 3.0675964 11.152954
-0.41635132 3.1274261 9.559326
-0.5647125 3.2039948 8.953949
-0.9667053 3.8907318 8.616562
-1.2059784 4.216156 8.506485
-1.3471527 3.763916 8.903687
-1.5098724 3.4743805 8.915665
-2.0147552 3.8332977 9.2482605
-2.0554352 4.352539 9.934998
-1.3663025 4.043869 10.468597
-0.6077728 3.0652008 9.913467
-0.68434143 2.617752 9.111862
-0.69869995 3.4384918 9.377472
-0.8949127 4.158722 10.478165
-1.0959167 3.8500519 10.865814
-1.4955139 3.661026 10.9088745
-1.4979095 3.9433746 10.916061
-0.47616577 4.3166504 8.267197
-0.18424988 3.5772705 7.3962097
-0.3517456 3.3595276 7.5876465
-0.4402771 3.3882294 8.681168
-0.35891724 3.6131592 10.023529
-0.6053772 4.094116 11.487946
-0.44984436 3.677765 10.286743
-0.80158997 2.8809662 8.886948
-0.9667053 2.9981995 8.398804
-1.3495483 3.5317993 8.169098
-1.7778625 3.8931274 7.704895
-1.6366882 3.9864502 7.6043854
-1.4715881 3.9218292 7.984848
-1.1892395 3.866806 8.721832
-0.7346039 4.063019 9.090332
-0.7465668 4.0989075 9.396622
-1.0791626 4.3836517 9.332016
-1.1964111 4.2951202 8.841476
-1.3184509 4.0989075 8.307877
-1.306488 4.3166504 8.257629
-1.1270142 4.472183 8.4179535
-0.9499512 4.857437 8.812759
-0.4402771 5.1469574 9.86322
-0.4355011 4.7808533 10.37767
-1.0983124 4.010376 9.911072
-1.1772614 3.2853394 9.410965
-1.076767 3.9361877 9.57608
-1.0432739 4.6253204 10.478165
-0.6891327 4.443466 11.456833
-0.28953552 3.672989 11.621933
-0.653244 3.1369934 11.152954
-0.933197 3.1082764 10.143173
-1.0480499 2.926422 8.805588
-1.2514496 2.7421722 7.829315
-1.0648041 3.0891266 7.8460693
-0.43310547 3.247055 8.394028
0.01914978 3.5030975 9.401398
0.035888672 3.6179504 10.284348
-0.1986084 3.2446747 10.052246
-0.6029968 3.0149536 8.834305
-0.8949127 2.9934235 7.8556366
-0.9260254 3.402588 7.628311
-0.74417114 3.4648132 8.039886
-0.80158997 3.4791565 8.805588
-0.68673706 3.448059 9.384644
-0.72502136 3.632309 9.2482605
-1.1030884 3.7615204 8.98027
-1.1222382 3.6275177 8.846268
-1.311264 3.5365906 8.843872
-1.4404755 3.6059875 9.183655
-1.2993011 3.6107635 9.348755
-1.3256226 3.9601288 9.705292
-1.7802582 4.220932 10.169495
-1.6701965 4.618149 9.9756775
-0.9403839 4.771286 9.676575
-0.50727844 4.54158 7.8963165
-0.20100403 4.462616 8.097305
0.023925781 3.661026 9.078369
-0.6029968 3.8237305 11.296524
-0.2368927 3.8476562 14.321045
0.6053772 3.632309 14.957535
0.5742798 3.6490479 12.105286
0.35891724 3.5485535 7.9082794
-0.62213135 3.0675964 5.95813
-1.3208313 3.3044891 6.6472626
-0.51924133 3.4289093 8.389236
0.8159485 3.172882 10.334595
1.2658081 3.2925262 11.818146
0.6891327 3.4671936 11.241486
-0.0023956299 3.0675964 9.559326
-0.119644165 2.9216309 8.204987
-0.447464 3.139389 7.755142
-0.47616577 2.995819 7.8771667
-0.19381714 2.9981995 8.405991
-0.105285645 3.053238 8.93959
-0.16749573 3.390625 9.152542
-0.21296692 3.5413818 9.327225
-0.124420166 3.5078735 9.487549
-0.117248535 3.5461578 9.607178
-0.29910278 3.4839478 9.707687
-0.5670929 3.419342 9.726822
-0.7034912 3.4241333 9.800995
-0.65563965 3.6705933 10.167099
-0.78723145 4.0295105 10.231705
-0.29193115 3.826126 10.0785675
0.13400269 3.6562347 11.045273
-0.2368927 3.4217377 11.389832
-0.5766754 3.0221405 11.344376
-0.5479584 2.926422 11.3013
-0.9762726 2.8378906 10.78923
-1.3304138 2.4191437 9.530609
-1.8448639 2.136795 8.726624
-2.1678925 2.0147552 8.925232
-2.074585 2.2085724 8.688339
-1.2586212 2.4358978 8.449051
-0.6412811 2.6823578 8.8701935
-0.1268158 2.531601 9.461227
-0.48812866 2.646469 9.6957245
-0.5264282 2.7804565 9.415756
-0.73698425 2.950348 9.171692
-0.68196106 3.0029907 8.501694
-0.4737854 3.3068848 8.398804
-0.5264282 3.6586304 8.611771
-0.46180725 3.529419 8.956329
-0.6077728 3.2973022 8.968292
-0.69392395 3.316452 8.951553
-0.48095703 3.4791565 9.360718
-0.23928833 3.5365906 9.664612
-0.34934998 3.3619232 9.655045
-0.68434143 3.0652008 9.724426
-0.8111725 3.0891266 10.021149
-0.9308014 3.069992 10.679169
-0.98583984 2.9694977 11.109879
-1.0241241 2.8211365 10.095322
-0.7513428 2.4358978 9.772293
-0.72024536 2.8163452 10.43988
-0.04307556 2.4741821 11.325226
0.011962891 1.8496552 13.433304
-0.7393799 1.6630096 14.8450775
-1.2227325 1.5960083 12.55275
-1.1078796 1.8424683 8.573486
-0.7920227 2.1559296 6.300308
-0.5766754 2.6033936 6.886551
-0.021530151 2.7445679 9.040085
0.4139557 2.244461 10.662415
0.17228699 1.9980011 11.523834
-0.35891724 2.4023895 10.688736
-0.33738708 2.6488495 9.020935
-0.34695435 3.1417694 8.133209
-0.34695435 3.3810577 8.035095
-0.33738708 3.390625 8.243271
-0.2368927 3.3212433 8.544769
-0.15074158 3.2686005 8.611771
-0.21534729 3.385849 8.690735
-0.36610413 3.534195 8.937195
-0.5670929 3.6586304 9.269791
-0.5862427 3.706482 9.303299
-0.6006012 3.797409 9.102295
-0.7154541 3.9242249 9.164505
-0.830307 3.9433746 8.997009
-0.8614197 3.9457703 9.485153
-1.1772614 4.0486603 10.552353
-0.8805542 3.8285217 10.547562
-0.5886383 4.113266 9.793823
0.03111267 3.9338074 9.702896
0.16270447 4.5056915 10.616959
-0.22492981 4.0534363 10.901703
-1.0959167 3.4217377 10.820343
-1.1198425 3.110672 10.990234
-0.80877686 3.1704865 10.37767
-0.4091797 3.426529 9.647858
-1.3208313 2.9288177 8.530411
-1.6127625 2.4741821 8.257629
-1.4907227 3.275772 9.064011
-0.8757782 4.113266 9.322433
0.2632141 4.240082 9.611969
0.43310547 4.3956146 8.915665
0.22492981 3.7208405 7.9872437
0.22492981 3.0675964 6.9870453
0.39959717 3.259018 6.8195496
0.49291992 3.110672 8.291138
0.29431152 3.5150604 9.0759735
0.69869995 3.7662964 8.444275
1.5050812 4.0366974 8.286346
2.1152496 4.3908234 8.951553
1.6941223 4.302292 9.74118
0.7082825 4.0343018 9.832108
0.45224 3.7591248 9.422943
0.49771118 3.5940247 8.750549
0.47138977 3.8452606 7.647461
2.050644 2.6727905 10.260422
2.1750793 2.868988 11.03331
1.2394867 3.2159576 11.042877
0.26560974 2.9599152 9.851257
0.45703125 2.9001007 8.918045
1.1294098 2.8378906 10.657639
1.4596252 2.5028992 12.483353
0.72262573 2.177475 12.064606
0.7776642 2.3042908 10.186249
0.8877411 2.8546448 9.320038
0.9954071 3.1130676 9.011368
0.9786682 2.531601 9.303299
0.8422699 1.9166565 9.387039
0.653244 1.6390839 8.726624
0.7154541 1.9046936 7.8867493
0.9690857 3.4049835 7.7312164
0.3397827 3.6873474 9.643082
-0.39482117 3.242279 12.10051
-0.2368927 2.6608124 11.968903
0.04307556 2.498108 10.284348
0.5766754 2.5052795 8.511276
1.421341 2.6799622 7.6833496
1.8687897 2.8881378 8.262421
1.524231 2.5627136 9.025726
0.98583984 2.0865479 8.98027
1.0337067 2.1726837 8.855835
1.0624084 2.4143524 9.219543
0.8829498 2.4741821 9.920639
0.6508484 2.297104 10.183853
0.5670929 2.3928223 10.009171
0.4905243 2.5363922 9.891922
0.5312042 2.5962067 10.195816
0.41635132 2.6560364 10.473389
0.19621277 2.6321106 9.867996
-0.21057129 2.1439667 8.618942
-0.28953552 2.5698853 8.8007965
-0.29670715 3.5102692 10.753342
-0.6029968 3.0029907 11.576477
-0.21057129 1.8448639 10.226929
0.72024536 1.5218353 8.812759
1.4165497 1.9501495 8.4179535
1.4189453 2.4669952 9.016159
0.46180725 2.4550323 9.640686
-0.34217834 2.5100708 10.061813
-0.8877411 2.7182465 10.255646
-1.1318054 2.7684937 10.104889
-0.81355286 2.6105652 9.607178
-0.3397827 2.4646149 8.9730835
-0.028717041 2.6847534 9.097519
0.086135864 2.7852478 10.241287
0.102890015 2.4095764 11.059631
0.27757263 1.9716797 10.995026
0.46420288 1.8089752 10.411179
0.7346039 2.0650024 10.382462
0.47138977 2.1846466 10.547562
-0.16270447 2.3473663 10.652847
-0.42591858 2.5076752 10.473389
-0.33738708 2.4550323 9.600006
0.20578003 2.486145 9.044876
0.34695435 2.325821 9.396622
-0.1531372 2.567505 9.961319
-0.18664551 2.7302094 9.779465
0.59820557 2.720642 9.355942
1.1102753 2.6488495 9.463608
0.99302673 2.7230377 9.805786
0.43070984 2.9144592 10.004395
-0.3254242 3.0029907 10.13121
-0.35891724 2.7804565 10.104889
0.1531372 2.6560364 9.954147
0.4665985 2.4693909 9.729218
0.26560974 2.732605 10.107285
-0.15553284 3.0843506 11.01416
-0.22013855 2.864212 11.308487
-0.25842285 2.519638 10.78923
-0.34695435 2.4885406 10.021149
-0.25125122 2.6416779 9.688538
-0.086135864 2.6727905 9.98764
-0.17468262 2.651245 10.380066
-0.13877869 2.5651093 10.116852
0.16270447 2.4478607 9.887146
0.03111267 2.600998 9.9039
-0.2416687 2.773285 10.226929
0.04307556 2.5627136 10.279572
0.2632141 2.3497467 10.042679
0.3062744 2.292328 10.102493
0.42591858 2.2612152 10.317856
-0.04547119 2.5914307 9.923035
-0.18424988 2.9240265 9.693329
0.18424988 2.7445679 9.623932
0.22253418 2.486145 9.7005005
0.31585693 2.3976135 9.973282
0.34934998 2.3665009 10.155136
0.17468262 2.4717865 10.035492
-0.026321411 2.5914307 9.930222
-0.39720154 2.8283234 10.1814575
-0.5048828 2.8139648 10.27478
-0.19142151 2.5339966 10.016357
0.098098755 2.285141 9.67897
0.33021545 2.2181396 9.537796
0.021530151 2.3976135 9.619141
-0.46180725 2.7158508 9.609573
-0.1986084 2.766098 9.580856
0.071777344 2.5244293 9.499512
0.22492981 2.4430695 9.387039
0.18902588 2.5986023 9.688538
-0.062210083 2.6249237 10.083359
-0.20817566 2.5028992 9.930222
-0.08135986 2.5866394 10.016357
-0.17228699 2.600998 9.956543
-0.279953 2.6727905 9.74118
-0.0765686 2.6608124 9.726822
-0.095718384 2.6273193 9.808182
-0.38523865 2.7541351 9.824936
-0.53359985 2.8737793 9.808182
-0.36131287 2.8450623 9.791428
-0.112457275 2.670395 9.762711
-0.19142151 2.629715 9.860825
-0.48335266 2.7445679 9.745972
-0.5766754 3.012558 9.786652
-0.33738708 2.8259277 9.889542
-0.124420166 2.395218 9.755539
0.050247192 2.3808594 9.755539
0.033493042 2.634491 9.745972
-0.124420166 2.5435638 9.734009
-0.43310547 2.835495 10.001999
-0.6149597 3.0508423 10.157532
-0.550354 2.9862366 9.860825
-0.35414124 2.9862366 9.504288
-0.23449707 3.1322021 9.276978
-0.18424988 3.1417694 9.303299
-0.38046265 3.0388794 9.544968
-0.52163696 3.139389 9.853638
-0.45224 3.1298065 9.887146
-0.36131287 3.0939178 9.76033
-0.3900299 3.1752777 9.631119
-0.27278137 3.0628204 9.688538
-0.24885559 3.0149536 9.619141
-0.38523865 3.2279205 9.499512
-0.32063293 3.3475647 9.533005
-0.275177 3.3762665 9.549759
-0.44506836 3.397812 9.573685
-0.34457397 3.431305 9.757935
-0.2368927 3.4528503 9.789032
-0.24645996 3.385849 9.631119
-0.28474426 3.4408722 9.470795
-0.39482117 3.505478 9.401398
-0.2871399 3.529419 9.403793
-0.2536316 3.4959106 9.32962
-0.4355011 3.5653076 9.367905
-0.5288086 3.6083832 9.564117
-0.49771118 3.603592 9.540192
-0.4019928 3.5796661 9.4205475
-0.44506836 3.6347046 9.415756
-0.5120697 3.7208405 9.444473
-0.46180725 3.7950134 9.300903
-0.33499146 3.723236 9.2482605
-0.45703125 3.6466675 9.406189
-0.5001068 3.838089 9.458832
-0.36610413 3.8452606 9.415756
-0.41874695 3.8452606 9.317657
-0.61735535 3.9338074 9.363113
-0.5623169 3.9433746 9.451645
-0.52163696 3.9194489 9.444473
-0.727417 4.051056 9.322433
-0.8039856 4.096512 9.116653
-0.5790558 4.043869 8.965912
-0.5814514 4.1228333 8.7960205
-0.7992096 4.1491547 8.882156
-0.77526855 4.125229 9.150162
-0.7130585 4.1276245 9.315262
-0.76330566 4.0462646 9.322433
-0.73698425 3.9888306 9.296112
-0.653244 3.9505463 9.336792
-0.6006012 3.9361877 9.492325
-0.5431671 3.7160492 9.592819
-0.43070984 3.3475647 9.43251
-0.279953 3.1920319 9.047256
-0.3397827 3.768692 9.403793
-1.2969055 3.952942 10.145569
-1.2442627 4.1395874 9.39183
-0.83509827 3.8763733 8.93959
-0.8159485 3.5246277 9.238693
-0.54556274 3.3810577 9.312866
-0.31585693 3.5653076 9.9062805
-0.7776642 3.4504547 10.537994
-1.0552368 3.357132 10.27478
-0.9379883 3.6083832 9.846466
-0.727417 3.907486 9.702896
-0.6652069 3.8739777 9.442078
-0.7346039 3.8141632 9.317657
-0.74417114 3.7926178 9.221939
-0.87098694 3.9314117 9.157333
-0.7992096 3.9338074 9.152542
-0.5814514 3.7591248 9.131012
-0.5766754 3.6753693 9.279373
-0.4857483 3.5581207 9.296112
-0.5407715 3.5772705 9.257828
-0.73698425 3.5389862 9.274582
-0.6652069 3.4241333 9.384644
-0.5048828 3.110672 9.712463
-0.9786682 3.0939178 9.990036
-1.208374 3.0341034 10.284348
-1.0408783 2.8211365 10.660019
-1.0504456 2.457428 10.983063
-1.1222382 2.2540436 10.980667
-1.3423767 2.7230377 10.918457
-1.2299042 2.8881378 10.667206
-1.1485596 2.766098 10.475784
-0.91166687 1.9118652 9.834503
-0.5814514 2.6321106 10.088135
-0.5790558 3.3475647 10.432709
-0.87338257 3.247055 10.4566345
-1.2299042 3.225525 10.41835
-1.5146637 2.9647064 10.475784
-1.5337982 2.251648 9.894318
-1.5098724 2.1248322 9.121445
-1.1605225 2.0817566 10.021149
-1.7252197 1.8879395 10.667206
-1.7611237 1.6917267 10.983063
-0.82073975 1.5553284 10.84906
-0.19621277 1.4476624 10.68634
-0.29193115 1.2945099 10.66481
-0.33021545 1.5984039 10.449463
-0.3397827 1.6534424 10.059433
-0.49771118 1.6845398 9.848862
-0.25602722 1.627121 10.305893
0.22970581 1.7276154 10.475784
0.47138977 1.5505524 9.915863
-0.15074158 1.0911255 9.458832
-0.2033844 1.3208313 9.734009
0.55513 1.208374 10.231705
0.5096741 1.6103668 10.31546
0.08375549 1.8233337 10.114456
0.17706299 1.4620209 10.243668
0.67477417 0.7680969 10.155136
0.66041565 0.99780273 10.308273
0.071777344 1.529007 10.796417
-0.33499146 1.5888367 10.724625
-0.37806702 1.4237366 10.0785675
-0.23449707 1.6534424 9.257828
-0.124420166 2.2277222 8.889343
-0.2871399 2.210968 9.200409
-0.64367676 2.1176453 9.487549
-0.6508484 2.067398 9.501892
-0.5359955 1.804184 9.3511505
-0.39959717 1.8281097 9.274582
-0.38046265 1.9740753 9.571289
-0.28474426 1.9166565 9.834503
-0.36849976 1.7204437 9.812973
-0.4283142 1.8352966 9.578476
-0.72262573 2.395218 9.401398
-1.0576324 2.8139648 9.274582
-1.4237366 3.036499 9.475586
-1.4739838 2.9072723 9.588043
-1.1318054 2.6536407 9.475586
-0.4019928 2.4263153 9.324829
-0.0047912598 2.2492523 9.286545
0.057434082 2.108078 9.360718
0.093322754 2.1391907 9.547363
0.29431152 2.1272125 9.607178
0.42591858 1.9884338 9.367905
0.78723145 1.9860382 9.092728
1.0265198 1.9812622 9.109482
0.9451599 2.0769653 9.348755
0.48812866 2.4382935 9.800995
0.20817566 2.7469635 10.157532
0.3062744 2.6608124 9.762711
0.6699829 2.5698853 9.1453705
0.76330566 2.6943207 9.442078
0.7800598 2.7565308 10.140778
1.0097656 2.5627136 10.162323
0.72262573 2.7373962 9.954147
0.7513428 3.081955 10.080963
1.3304138 2.995819 11.047668
1.414154 2.4047852 11.243881
1.0887299 2.136795 10.420746
0.7082825 2.6967163 9.492325
0.5934143 3.373886 8.915665
0.4785614 3.7184448 8.549561
0.17945862 3.9361877 8.441879
0.12921143 4.060623 8.807983
0.447464 3.7375946 9.372681
0.624527 3.328415 9.43251
0.73220825 3.036499 9.126221
0.67237854 2.950348 9.176468
0.36131287 3.6011963 9.437286
0.6006012 3.7256317 9.489929
1.1509552 3.2781677 9.200409
1.2179413 3.2996979 9.004196
0.9523468 3.5748749 8.767303
0.6197357 3.9481506 8.736191
0.95474243 4.302292 8.638092
1.2586212 4.1324005 8.994614
1.0791626 4.0414734 9.152542
0.41156006 4.228119 9.521042
-0.34934998 4.472183 10.58345
-0.3014984 4.783249 10.339386
-0.26081848 4.6133575 8.927628
-1.2059784 4.0175476 9.927826
-1.9836426 2.979065 12.504898
-1.2634125 1.7060852 14.804398
0.026321411 0.8757782 15.089142
0.43310547 0.6412811 13.153351
-0.071777344 0.6029968 10.944778
-0.99780273 1.3280182 9.6957245
-1.6941223 2.0171509 8.556732
-2.3090668 2.6943207 7.034897
-3.172882 2.1750793 9.506683
-2.3066864 1.7682953 9.949356
-0.5790558 1.5505524 9.296112
-0.062210083 1.3902283 8.618942
-0.17945862 1.7084808 8.286346
-0.4785614 2.0195465 8.250458
-0.6316986 2.182251 8.149948
-0.47138977 2.1583252 7.7862396
-0.37327576 2.3042908 7.6546326
-0.49291992 2.572281 7.944168
-0.9308014 2.8091736 8.300705
-0.99302673 2.9623108 8.834305
-0.54556274 2.995819 9.011368
-0.06460571 3.1489563 9.2482605
0.086135864 3.3044891 9.554535
-0.38046265 3.4719849 9.525833
-0.3900299 3.9194489 9.734009
-0.22253418 4.2305145 10.167099
0.06939697 4.421936 11.105087
0.2416687 3.940979 10.920837
0.052642822 3.2518463 11.107483
0.028717041 2.9934235 11.722443
-0.39720154 2.6153564 13.184448
-0.76330566 2.1942139 14.780472
-0.20817566 1.6055908 14.031509
0.5359955 1.4859467 11.334808
1.0935211 1.6414795 8.977875
1.2945099 2.3617096 6.898514
0.72502136 3.1776733 7.0181427
-0.7154541 2.2205353 9.800995
-0.33259583 1.627121 10.715057
-0.04547119 1.660614 10.289139
-0.2632141 2.1296082 9.131012
-0.39482117 2.4765778 7.9824524
-0.42591858 2.7110748 7.3698883
-0.21534729 2.7876434 6.8650055
0.062210083 2.897705 6.4462585
0.112457275 3.156128 6.8075867
-0.112457275 3.2063751 8.121246
-0.4139557 3.3116608 9.114258
-0.76091003 3.522232 9.891922
-1.0408783 3.529419 10.157532
-1.0959167 3.5820618 10.054642
-0.94755554 3.4791565 10.174286
-1.3375854 3.2638092 10.928024
-1.5074768 3.7854462 11.502304
-1.7395782 3.9720917 10.758133
-1.902298 3.838089 10.636093
-2.120041 2.950348 10.511673
-2.0530396 2.0530396 12.586243
-1.3256226 1.4715881 14.390442
-0.21057129 1.2753754 12.433105
0.0765686 1.5457611 9.466003
-0.37088013 2.0721893 7.0947266
-2.1631165 2.108078 8.712265
-3.4815521 2.1631165 11.298904
-2.8522491 1.8137665 11.519043
-1.5337982 1.8305054 9.430115
-1.0289154 2.2181396 7.2143555
-0.88534546 2.7350006 5.9940186
-0.73220825 2.8498535 5.9557343
-0.54556274 2.7086792 6.6400757
-0.44506836 2.8115692 7.2215424
-0.34934998 2.8857422 7.8675995
-0.4665985 3.000595 8.647659
-0.73698425 3.1944122 9.221939
-0.6915283 3.2446747 9.76033
-0.5670929 3.1680908 10.461426
-0.5048828 3.2326965 10.82991
-0.4785614 3.517456 10.853836
-0.38523865 3.8955078 10.74617
-0.32781982 3.981659 10.305893
-0.29431152 4.2640076 10.593033
-0.23210144 4.5679016 10.238892
-0.21057129 4.0821533 10.392029
0.105285645 3.402588 12.0
0.124420166 2.8570251 14.115265
-0.31106567 1.7276154 14.347366
-0.062210083 2.1272125 10.887344
0.5479584 2.6273193 6.7118683
0.7346039 3.2518463 4.78804
1.0384827 3.4456635 5.407776
0.08375549 2.5627136 7.9704895
-0.90927124 2.2133636 10.755737
-1.3495483 2.096115 12.44986
-0.8925171 1.7204437 11.641083
-0.21774292 1.8711853 9.765106
0.0047912598 2.4311066 7.721634
0.08135986 3.2015991 6.41037
-0.033493042 3.6155548 6.099304
0.086135864 3.6059875 6.9846497
0.08375549 3.493515 7.9704895
0.08375549 3.517456 8.779266
0.3062744 3.522232 9.3703
0.47616577 3.493515 9.918243
0.26560974 3.665802 10.255646
-0.028717041 3.7112732 9.856033
-0.5623169 3.5868378 10.00679
-0.7465668 3.5533447 10.29631
-0.39242554 4.010376 10.188644
0.105285645 3.6681976 9.793823
-0.22970581 3.0939178 9.767502
-0.98106384 2.2899323 11.392227
-0.9068756 1.6678009 14.538788
-0.0047912598 1.174881 14.675186
-0.100494385 1.0935211 12.14119
-0.8805542 1.8472595 10.186249
-1.0049896 2.7708893 8.812759
-1.0839539 2.3042908 9.786652
-1.0528412 1.6582336 10.74617
-0.6963043 1.9692993 10.035492
-0.6652069 2.5244293 8.779266
-0.14596558 2.6990967 7.405792
0.43310547 2.7421722 6.422333
0.8494568 2.9312134 5.91745
0.93559265 3.0317078 6.467804
0.46899414 3.0580292 7.922638
0.06939697 3.2279205 8.997009
0.15074158 3.1322021 9.418152
0.5383911 3.0173492 9.518646
0.4857483 3.172882 9.726822
0.22970581 3.3475647 9.990036
0.5048828 3.5748749 10.085754
0.8901367 3.6562347 10.033112
0.8542328 3.912262 9.858429
0.102890015 4.548752 9.786652
-0.9020996 5.029709 10.559525
-0.050247192 4.922043 10.851456
0.9499512 4.08934 10.380066
1.5625153 3.912262 10.920837
1.5912323 3.8069763 11.325226
1.3136597 3.3332062 11.593231
1.2179413 2.9288177 11.93779
1.3160553 2.670395 11.210373
1.8352966 2.5531464 9.040085
2.7062836 2.7852478 6.6807556
2.8402863 2.9192505 5.8289185
1.8209381 2.8163452 7.4895325
0.42352295 2.7278137 10.045074
-0.5623169 2.9407806 12.521637
-0.3134613 2.4837494 12.9021
0.47616577 1.4955139 11.174484
0.928421 1.4309082 9.181259
0.9954071 2.239685 7.664215
0.93559265 3.287735 6.4821625
0.9020996 3.7854462 5.905487
0.7082825 3.6155548 6.6472626
0.550354 3.6179504 7.7766724
0.6269226 3.723236 8.669189
0.7537384 3.534195 9.403793
0.653244 3.4743805 9.755539
0.7346039 3.4959106 9.547363
0.8063812 3.4002075 9.475586
1.0695953 2.9288177 9.619141
0.8925171 2.945572 9.980469
0.80158997 3.4241333 10.052246
1.0241241 4.0773773 9.138184
0.5240326 4.2711945 8.441879
-0.35653687 4.5343933 8.776871
-1.0145569 3.6969147 10.387238
-0.77526855 2.5579224 12.509674
0.21296692 1.8831482 13.777878
0.53359985 2.0291138 12.878174
0.21534729 2.3688965 10.652847
0.122039795 3.0293121 8.685944
-0.33259583 3.6825562 7.4656067
-1.0648041 3.385849 8.650055
-1.4524384 2.6943207 10.784454
-1.426117 2.3162537 10.841873
0.16989136 2.725418 7.6833496
0.6006012 2.7397766 7.2622223
0.78723145 2.703888 8.611771
0.46180725 2.3449707 10.104889
0.2368927 2.1439667 9.74118
0.071777344 2.7397766 9.078369
0.21534729 3.4073792 8.669189
0.72502136 3.9314117 8.726624
0.43788147 3.7304077 8.757736
-0.13400269 2.7302094 9.482758
0.090927124 1.9956207 9.978073
1.0097656 1.5936127 9.236298
1.9501495 1.6941223 8.530411
1.6988983 2.0721893 8.482559
1.0289154 2.5244293 8.934799
0.2416687 2.8378906 9.82254
-0.5288086 2.7565308 10.533203
-0.5886383 2.411972 11.071594
0.23210144 1.9908295 10.868195
0.7728882 1.4883423 10.107285
0.7776642 1.4309082 10.317856
0.6269226 1.4739838 10.332214
0.009567261 1.4811554 10.777267
0.088531494 1.5098724 11.358734
0.34217834 1.3375854 11.545364
0.49531555 1.4787598 10.868195
0.8542328 1.5696869 9.887146
1.2466583 1.763504 9.683746
1.6941223 1.8544312 9.870392
1.8831482 1.7180481 9.913467
1.146164 1.6630096 9.506683
0.35891724 1.8903351 8.918045
0.45224 2.251648 8.626129
0.8638153 2.3330078 8.6237335
0.81355286 2.5052795 8.750549
0.45942688 2.6990967 9.779465
-0.08135986 2.1583252 11.229523
-0.8566284 1.2275238 12.167511
-1.1006927 0.36131287 11.801407
-0.9068756 0.29193115 10.724625
-0.36131287 0.84706116 9.583252
0.22732544 1.4667969 8.834305
0.22732544 1.8065796 9.025726
-0.20578003 1.7563324 9.444473
-0.30389404 1.4572296 9.281754
-0.0382843 1.6055908 9.068802
-0.100494385 1.8735809 9.561722
-0.43788147 1.9692993 10.68396
-0.5670929 1.9262238 11.133804
-0.77049255 1.8951111 11.088333
-0.9403839 1.7898254 10.880173
-0.8159485 1.655838 11.119446
-0.5096741 1.4691925 11.270203
-0.06460571 1.483551 10.942383
0.2033844 1.6582336 10.248459
0.27038574 1.935791 9.549759
0.0 2.325821 9.183655
-0.25602722 2.6440735 9.3511505
-0.41635132 2.8211365 10.200607
-0.32302856 2.732605 10.432709
-0.2871399 2.5986023 10.112076
-0.32063293 2.7158508 9.724426
-0.48095703 2.8833466 9.336792
-0.29193115 2.938385 9.152542
-0.06460571 2.7373962 9.317657
0.06460571 2.6129608 9.482758
0.100494385 2.5339966 9.544968
0.13400269 2.4263153 9.623932
0.17706299 2.321045 9.731613
0.13400269 2.2994995 10.001999
-0.20817566 2.354538 10.332214
-0.35891724 2.4430695 10.380066
-0.31106567 2.5052795 10.164719
-0.2871399 2.6057892 9.899109
-0.35414124 2.778061 9.827316
-0.44506836 2.9001007 9.815353
-0.45224 2.9766693 9.791428
-0.4019928 3.000595 9.707687
-0.27278137 2.892929 9.767502
-0.13639832 2.8426666 9.949356
-0.17228699 2.8713837 9.944565
-0.117248535 2.876175 9.867996
-0.071777344 2.7445679 9.698105
-0.119644165 2.761322 9.635895
-0.117248535 2.7493591 9.896713
-0.057434082 2.691925 10.021149
-0.059814453 2.6536407 9.789032
-0.08135986 2.6871338 9.470795
-0.119644165 2.7900238 9.482758
-0.114852905 2.847458 9.82254
-0.07417297 2.778061 9.997208
0.011962891 2.7708893 9.887146
-0.1483612 2.8737793 9.643082
-0.057434082 2.926422 9.805786
-0.03111267 2.8091736 10.092926
-0.0382843 2.7972107 9.985245
0.0382843 2.7876434 9.815353
-0.01914978 2.8115692 9.820145
0.009567261 2.8378906 9.669403
0.122039795 2.823532 9.623932
0.15553284 2.7637177 9.729218
0.19381714 2.7469635 9.611969
0.20578003 2.663208 9.736389
0.35653687 2.3976135 9.714859
0.071777344 2.7493591 9.839294
-0.2871399 3.2350922 9.190826
-0.8661957 3.2805634 9.683746
-0.59580994 2.9240265 10.19342
0.48095703 2.3018951 9.004196
0.46899414 2.6273193 8.8007965
-0.27278137 3.1130676 9.851257
-0.65802 2.9599152 10.772491
-0.21057129 2.4717865 10.738983
0.057434082 2.3688965 10.272385
-0.007171631 2.5962067 9.908676
-0.24885559 2.8570251 9.6263275
-0.38046265 3.0221405 9.504288
-0.31106567 2.8378906 9.757935
-0.06460571 2.6536407 10.083359
-0.06939697 2.555542 10.164719
-0.21534729 2.622528 10.045074
-0.5670929 2.7445679 9.954147
-1.1198425 2.9407806 10.126419
-1.2993011 2.8522491 10.29393
-1.1102753 2.3784637 10.660019
-0.95474243 2.1511536 10.82753
-0.91166687 2.120041 10.48056
-0.89730835 2.0626068 10.116852
-1.1485596 2.1176453 9.867996
-1.1365967 2.321045 9.592819
-0.7728882 2.3401794 9.492325
-0.33499146 2.1990051 9.600006
-0.17945862 2.0027924 10.121643
-0.12921143 2.0554352 10.365707
-0.32063293 2.222931 9.980469
-0.25842285 2.2468567 9.552155
0.13400269 2.1678925 9.068802
0.7680969 2.3066864 8.673981
1.1988068 2.3641052 9.004196
1.208374 2.3856506 9.67897
1.2035828 2.5435638 10.009171
0.9571228 2.5842438 10.415955
0.83987427 2.3928223 10.305893
1.0791626 2.4143524 9.468399
1.3758698 2.4885406 8.831909
1.2969055 2.5842438 9.011368
1.036087 2.5531464 9.542572
0.8757782 2.2827454 10.095322
0.7776642 2.0027924 10.516449
0.36131287 1.907074 10.679169
0.26560974 1.8855438 10.229324
0.39242554 1.7754669 9.611969
0.7513428 1.5960083 9.312866
0.7657013 1.5553284 9.568893
0.49531555 1.557724 9.937393
0.33021545 1.8209381 9.757935
0.08375549 1.8089752 9.399002
-0.3014984 1.4955139 10.461426
-0.36610413 1.2012024 11.877975
-0.12921143 0.95951843 11.887543
0.2871399 1.0384827 10.6026
0.3014984 1.4237366 9.501892
0.062210083 1.6869354 9.159729
0.5096741 1.4285126 9.238693
0.7537384 1.2849426 9.774673
0.58384705 1.3088684 10.10968
0.40678406 1.3591309 10.073776
0.1483612 1.5361938 10.140778
0.124420166 1.5792694 10.066605
0.088531494 1.5720825 9.796219
0.04307556 1.5792694 9.549759
-0.20100403 1.6654053 9.590439
-0.2871399 1.6821594 9.657425
-0.050247192 1.5553284 9.595215
0.088531494 1.426117 9.430115
0.122039795 1.5888367 9.274582
-0.29670715 1.931015 9.396622
-0.33499146 2.0362854 9.442078
0.052642822 1.8592224 9.152542
0.2632141 1.6821594 8.812759
0.4905243 1.6366882 9.032898
0.74417114 1.5840454 9.463608
0.8446655 1.586441 9.753143
0.69869995 2.0482635 9.954147
0.6388855 2.3856506 10.083359
0.65802 2.1296082 9.765106
0.5790558 2.1726837 9.777069
0.8446655 2.2779694 9.92543
1.0791626 2.3018951 10.533203
1.0432739 2.3976135 11.3013
1.4931183 2.3377838 10.7030945
1.7419739 2.148758 8.908478
1.3830566 2.2660065 8.030319
0.6412811 1.9621124 10.411179
0.21774292 1.1078796 12.954742
0.28474426 -0.007171631 13.945374
0.6771698 -0.31106567 13.825729
1.2418823 0.26081848 12.583847
1.1724854 0.68673706 10.872986
0.94755554 0.78723145 9.667007
0.9882355 0.8494568 8.992233
0.933197 0.71066284 9.229111
1.1868439 0.6699829 9.729218
1.6869354 0.6915283 9.729218
1.8352966 0.72024536 9.810577
1.5433655 1.0145569 9.882355
1.2442627 1.4596252 9.789032
0.9068756 1.9190369 9.537796
0.8231354 2.0171509 9.04248
0.94277954 2.0219421 8.415558
1.2346954 2.2277222 8.106888
1.5026855 2.4335022 8.283951
1.4045868 2.2994995 8.6237335
1.2035828 2.313858 8.977875
1.0001984 2.5076752 9.4205475
1.2418823 2.6943207 9.734009
1.3663025 2.5914307 9.879959
1.1964111 2.572281 9.722046
1.0432739 2.7828522 9.475586
1.0408783 2.945572 9.142975
0.90448 3.0604248 9.255432
0.65563965 2.9288177 9.561722
0.44984436 2.8091736 10.325027
0.21534729 2.7158508 10.916061
0.55992126 3.0221405 10.84906
0.28234863 2.8618164 9.836899
-0.7680969 2.6847534 9.176468
-1.6845398 2.8833466 11.047668
-0.7848511 1.5696869 13.483551
1.105484 -0.46899414 13.708481
2.4071808 -1.2155609 12.744171
2.1511536 -0.57188416 11.418549
0.93559265 0.20100403 10.303497
-0.64367676 0.98583984 9.769897
-1.7850494 1.5218353 9.274582
-1.8376923 1.6701965 9.588043
-1.1940155 1.3016968 9.88475
-0.30389404 1.0695953 9.415756
0.4665985 1.3423767 8.673981
0.5479584 1.4309082 8.099701
0.2368927 1.5003052 8.293518
0.24885559 1.655838 8.932404
0.5288086 1.6630096 9.406189
0.5814514 1.5218353 9.434906
0.53359985 1.6797638 9.332016
0.5934143 1.9836426 9.367905
0.4857483 2.0841522 9.578476
0.19381714 1.9980011 9.59761
0.37327576 1.8496552 9.346359
0.6412811 1.931015 9.308075
0.62213135 2.0195465 9.446869
0.14596558 2.1463623 9.702896
-0.2679901 2.4406738 9.800995
-0.117248535 2.6871338 10.169495
0.2416687 2.5411835 10.313065
0.107681274 2.0769653 10.004395
0.5240326 2.5938263 10.432709
0.45942688 2.3856506 11.490341
-0.098098755 1.5601196 11.655441
-0.35414124 1.2203369 11.779861
-0.16270447 1.2753754 12.191437
0.5886383 1.1964111 12.002396
1.3639069 1.0983124 10.387238
1.4883423 1.2969055 8.513657
0.68673706 1.8664093 7.606781
-0.74417114 2.096115 7.757538
-1.2227325 1.8017883 8.295914
-0.6412811 1.3639069 9.018555
-0.0382843 0.8183441 10.415955
0.19142151 0.5001068 11.229523
0.44267273 0.79681396 10.432709
0.55274963 1.3351898 8.793625
0.6771698 1.6247253 7.5708923
0.6388855 1.9573364 7.6378937
0.6029968 2.177475 8.539978
0.47616577 1.8185425 9.379868
0.55274963 1.2993011 10.21257
0.2679901 1.3304138 10.380066
0.35414124 1.627121 9.731613
0.36610413 1.529007 9.963715
0.057434082 1.1030884 10.688736
0.21774292 1.0863342 11.124237
0.26081848 1.1365967 10.198212
0.19381714 0.96191406 9.712463
-0.110076904 0.8805542 10.083359
-0.81355286 0.5479584 10.442276
-1.1270142 0.5024872 11.138596
-0.12921143 0.45942688 12.301498
0.95951843 -0.021530151 13.083954
1.3830566 -0.5886383 12.3637085
1.2681885 -0.19621277 10.920837
0.6699829 0.34934998 8.941986
-0.26081848 0.8661957 7.3579254
-1.2849426 1.2442627 7.5517426
-2.0147552 1.414154 9.772293
-2.1631165 0.9451599 11.511871
-1.4069824 -0.07896423 11.741577
-0.21534729 -0.6197357 10.913666
0.37806702 -0.21534729 9.324829
0.023925781 0.43310547 8.413162
-0.5647125 0.7657013 8.659622
-0.8183441 0.72262573 9.131012
-0.8949127 0.7800598 9.506683
-0.75613403 0.72502136 9.724426
-0.5001068 0.5766754 9.958923
-0.39242554 0.43070984 9.834503
-0.27038574 0.46420288 9.867996
-0.088531494 0.4019928 10.124039
-0.08135986 0.20817566 10.473389
-0.059814453 0.110076904 10.66481
-0.2033844 0.17468262 10.667206
-0.04547119 0.20100403 10.645676
-0.32781982 -0.023925781 10.447067
-0.9882355 -0.086135864 10.195816
-1.0337067 0.26560974 10.159927
-0.279953 0.29910278 11.227127
0.052642822 -0.15792847 12.366104
-0.04547119 -0.29670715 12.296722
0.07896423 -0.059814453 10.712662
0.13639832 0.3637085 8.767303
0.4355011 0.34695435 8.128418
0.67237854 0.08375549 9.131012
0.6915283 -0.22970581 10.344177
0.67477417 -0.43070984 10.755737
0.8063812 -0.38285828 11.018951
0.6412811 -0.32781982 11.045273
0.35653687 -0.32302856 10.614563
0.5240326 -0.27278137 9.705292
0.83509827 -0.122039795 8.673981
0.9690857 0.011962891 7.9609222
0.91166687 0.105285645 7.8891296
0.80158997 0.1603241 9.126221
0.70588684 -0.16749573 10.41835
0.8661957 -0.5288086 11.40419
0.88534546 -0.8518524 11.143372
0.8159485 -0.928421 9.820145
0.6197357 -0.6771698 8.752945
0.55992126 -0.63409424 9.135803
0.6006012 -0.9762726 10.097717
0.7680969 -1.3663025 10.5308075
0.66041565 -1.3543396 10.380066
0.095718384 -1.0265198 9.265015
0.047851562 -0.37327576 8.532806
0.1651001 -0.17706299 8.8007965
-0.06939697 -0.59580994 9.623932
-0.6891327 -0.76330566 10.640884
-1.1844482 -0.5048828 11.743973
-0.91166687 -0.43788147 12.078964
-0.5001068 -0.41874695 11.454437
-0.15792847 -0.63648987 11.042877
0.1531372 -0.83987427 10.466202
0.055038452 -0.99302673 9.78186
-0.22253418 -0.89730835 10.1766815
-0.3637085 -0.8542328 10.846664
-0.42114258 -0.88534546 11.186447
-0.45463562 -0.90927124 11.018951
-0.6269226 -0.8925171 10.844269
-0.6006012 -0.7298126 10.545166
-0.48812866 -0.52163696 10.248459
-0.26560974 -0.447464 10.506882
-0.48335266 -0.62213135 11.700897
-0.92362976 -0.76330566 11.729614
-0.653244 -0.65563965 10.3537445
-0.37088013 -0.72024536 9.796219
-0.5024872 -0.9451599 9.944565
-0.38763428 -0.8925171 9.690933
0.047851562 -1.0671997 9.470795
0.059814453 -1.2418823 9.698105
-0.41156006 -0.9690857 10.021149
-0.8566284 -0.7034912 9.870392
-0.7417755 -0.7657013 10.662415
-0.80877686 -0.5670929 10.593033
-0.54556274 -0.5168457 10.162323
-0.5407715 -0.45942688 9.937393
-0.8183441 -0.3517456 10.119247
-0.82073975 -0.40438843 10.463806
-0.4785614 -0.6412811 10.66481
-0.19381714 -0.7657013 10.406387
-0.057434082 -0.70588684 9.951752
-0.21774292 -0.6006012 9.913467
-0.47616577 -0.6149597 10.681564
-0.46899414 -0.59580994 10.554749
-0.31106567 -0.48095703 9.982849
-0.36849976 -0.45463562 9.927826
-0.69392395 -0.43788147 10.494919
-0.7992096 -0.4091797 10.662415
-0.64367676 -0.41635132 10.27478
-0.6316986 -0.38763428 10.083359
-0.727417 -0.31106567 10.207779
-0.68434143 -0.39959717 10.236496
-0.6460571 -0.44506836 10.023529
-0.68673706 -0.4091797 9.915863
-0.5479584 -0.55513 10.188644
-0.37327576 -0.7393799 10.339386
-0.3254242 -0.76330566 10.095322
-0.4139557 -0.71784973 9.824936
-0.5407715 -0.6915283 9.96611
-0.42352295 -0.7992096 10.1814575
-0.31825256 -0.84706116 10.394424
-0.2536316 -0.91645813 10.494919
-0.24885559 -0.8925171 10.301102
-0.46420288 -0.7010956 10.104889
-0.55992126 -0.61016846 10.145569
-0.45703125 -0.6699829 10.226929
-0.44984436 -0.6388855 10.25325
-0.5670929 -0.5359955 10.291534
-0.59103394 -0.50727844 10.198212
-0.58384705 -0.5048828 10.052246
-0.6628113 -0.4857483 10.073776
-0.61735535 -0.5264282 10.10968
-0.47616577 -0.6628113 10.231705
-0.4019928 -0.71784973 10.317856
-0.4737854 -0.6652069 10.064209
-0.42114258 -0.72024536 9.970886
-0.34695435 -0.8063812 10.121643
-0.38763428 -0.7393799 10.203003
-0.35653687 -0.7537384 10.164719
-0.36849976 -0.72502136 10.021149
-0.39720154 -0.6915283 9.9756775
-0.39242554 -0.69392395 10.073776
-0.42114258 -0.7298126 10.317856
-0.3254242 -0.7728882 10.217346
-0.34695435 -0.7346039 10.164719
-0.48812866 -0.653244 10.291534
-0.55513 -0.65563965 10.198212
-0.49291992 -0.66041565 10.013962
-0.4665985 -0.6316986 9.999603
-0.45703125 -0.6077728 10.186249
-0.447464 -0.6915283 10.291534
-0.49531555 -0.68673706 10.195816
-0.44984436 -0.69869995 10.140778
-0.5024872 -0.7130585 10.09053
-0.41874695 -0.7034912 9.96611
-0.34695435 -0.78723145 10.203003
-0.17468262 -0.928421 10.473389
0.124420166 -1.2035828 10.511673
0.42352295 -0.9308014 8.98027
-0.7680969 -0.550354 10.461426
-2.182251 0.14117432 11.621933
-2.4263153 0.114852905 11.748764
-0.0765686 -1.0384827 8.903687
1.8113708 -1.1509552 8.202591
-0.114852905 -0.72024536 11.60759
-1.7706909 -0.7776642 11.952148
-0.4857483 -0.8183441 9.372681
-0.088531494 -0.83509827 9.276978
-0.34457397 -0.78245544 10.549957
-0.3254242 -0.8685913 11.035706
-0.38523865 -0.81355286 10.511673
-0.38046265 -0.68673706 9.997208
-0.48812866 -0.63409424 10.198212
-0.43310547 -0.5814514 10.537994
-0.3134613 -0.5383911 10.8012085
-0.279953 -0.5431671 11.131409
-0.55513 -0.39720154 11.248657
-0.7728882 -0.25842285 11.150558
-0.68196106 -0.29193115 10.999802
-0.5670929 -0.32302856 10.736603
-0.39959717 -0.33738708 10.636093
-0.66041565 -0.14117432 11.028519
-0.87338257 0.13639832 11.090729
-0.65802 0.13639832 9.872787
-0.6771698 0.20100403 9.872787
-0.8925171 0.29670715 10.02832
-0.7920227 0.26560974 9.736389
-0.58384705 0.21774292 9.334396
-0.34695435 0.21774292 9.202789
-0.3397827 0.16989136 9.5354
-0.5168457 0.093322754 9.997208
-0.624527 0.14356995 10.277176
-0.51924133 0.114852905 9.942184
-0.2679901 0.105285645 9.418152
-0.32063293 0.2416687 9.5354
-0.5024872 0.34695435 9.951752
-0.42114258 0.32781982 10.009171
-0.28474426 0.32063293 9.815353
-0.38285828 0.43070984 9.839294
-0.5431671 0.49771118 9.734009
-0.53359985 0.63648987 9.482758
-0.5144501 0.64367676 9.3703
-0.5168457 0.61735535 9.533005
-0.5001068 0.5120697 9.896713
-0.45463562 0.47138977 9.999603
-0.49771118 0.5694885 9.94696
-0.44267273 0.6269226 9.88475
-0.33259583 0.5264282 9.872787
-0.34217834 0.5312042 9.875183
-0.41156006 0.6412811 9.853638
-0.29670715 0.5144501 10.100098
-0.22970581 0.35891724 10.17189
-0.22970581 0.42591858 9.994827
-0.18424988 0.40438843 9.949356
-0.17945862 0.32302856 10.035492
-0.27038574 0.39959717 10.140778
-0.25125122 0.38763428 10.382462
-0.114852905 0.33259583 10.332214
-0.124420166 0.3756714 10.143173
-0.3254242 0.4737854 10.198212
-0.4355011 0.6006012 10.217346
-0.34934998 0.5647125 10.222137
-0.25602722 0.66760254 8.621338
-0.102890015 0.122039795 9.702896
-0.5096741 0.25842285 10.497314
-0.9523468 0.24645996 11.313263
-0.8422699 0.31825256 11.81337
