-1.5218353 5.264206 7.8771667
-1.5218353 5.264206 7.8771667
-1.5218353 5.264206 7.8771667
-2.3473663 5.15654 8.145172
-1.730011 5.190033 8.353348
-1.306488 5.355133 9.044876
-1.2873383 5.271393 9.454041
-1.5026855 5.046463 9.250656
-1.5625153 5.1924286 9.128616
-1.3328094 5.304886 9.066406
-1.3686981 5.2618103 8.963516
-1.3734741 5.0943146 9.104691
-1.3782654 4.7353973 9.116653
-1.4620209 4.730606 8.738586
-1.4476624 4.6205444 8.559128
-1.5720825 4.4769745 8.530411
-1.4572296 4.4937286 8.539978
-1.351944 4.4027863 8.372482
-1.5074768 4.347763 8.386841
-1.4763641 4.4195404 8.839081
-1.7371826 4.3621216 8.918045
-1.5888367 4.6612244 8.114059
-1.2969055 5.0345 7.7240295
-1.4620209 4.9124603 7.9130707
-1.7658997 4.615753 8.410767
-1.4452667 4.742569 9.214767
-1.3088684 4.914856 9.4205475
-1.2945099 5.108673 9.3511505
-1.3974152 4.153946 9.166901
-1.9405823 3.5150604 9.355942
-1.7204437 3.952942 10.284348
-0.8614197 4.015152 10.68396
-0.28234863 4.0821533 10.64328
-0.3637085 3.3212433 9.456436
-0.92362976 3.2494507 9.004196
-0.9499512 3.9218292 9.253052
-0.57188416 3.826126 9.1453705
-0.34217834 3.6155548 9.011368
0.17468262 4.0247345 9.650253
0.45703125 4.0175476 10.179062
0.8111725 3.8141632 9.793823
0.79441833 3.9481506 9.6263275
0.38046265 4.0462646 8.877365
0.50727844 4.290329 8.781662
0.7537384 4.417145 8.628525
0.55513 4.1204376 8.482559
-0.21774292 4.0390778 8.508881
-0.45463562 3.9457703 8.659622
-0.32302856 4.118042 8.678772
-0.009567261 4.4937286 8.683548
0.30389404 4.5511475 8.475372
0.14117432 4.474579 8.377274
0.04547119 4.421936 8.654846
0.13160706 4.409973 8.992233
0.06460571 4.577469 9.231506
0.15074158 4.594223 9.066406
0.1268158 4.6636047 8.810379
0.112457275 4.7856445 9.035294
0.2679901 4.9052887 9.568893
0.3014984 4.9579315 9.999603
0.37806702 5.065613 10.119247
0.43070984 5.024933 9.970886
0.112457275 4.898102 9.745972
-0.2416687 5.0345 9.554535
-0.23449707 4.9411774 9.688538
-0.23210144 4.936386 10.061813
-0.43310547 4.852646 9.860825
-0.44506836 4.3286133 9.968506
-0.9690857 3.4815521 10.794022
-1.0671997 3.144165 11.028519
-0.9523468 2.9814606 10.741379
-1.0337067 3.122635 9.509079
-1.4404755 3.3427734 7.9250336
-1.4979095 3.3930206 7.1497498
-1.5744781 3.562912 7.968094
-1.2921295 3.2446747 9.298508
-1.0576324 2.897705 10.004395
-0.80158997 3.0652008 10.27478
-0.59820557 3.4145508 10.013962
-0.7417755 3.3954163 9.219543
-1.3040924 3.4648132 8.195419
-1.5409851 3.4002075 7.5062866
-1.5098724 3.665802 7.338791
-1.2466583 3.9170532 7.688141
-1.071991 3.7830505 8.200211
-0.9906311 3.7543335 8.597412
-0.7992096 3.9673004 8.987442
-0.6029968 4.137192 9.078369
-0.67237854 4.208969 8.822342
-0.7465668 4.311859 8.575882
-0.7776642 4.3740845 8.561523
-0.8829498 4.4362946 8.709869
-0.83270264 4.646866 9.011368
-0.6652069 4.7401886 9.573685
-0.30867004 4.7688904 10.750946
-0.44984436 4.922043 11.203201
-0.19142151 4.163513 10.669601
-0.32063293 4.0295105 10.478165
-0.4283142 4.0127563 10.272385
-0.39242554 3.694519 10.267609
-0.08135986 3.5270233 10.717453
0.21534729 3.6586304 10.724625
-0.009567261 3.8069763 8.666809
0.32781982 3.8763733 7.9178467
1.1437683 3.878769 7.8149567
1.7132568 3.625122 8.819946
0.9786682 3.385849 10.121643
0.093322754 2.9120636 10.64328
-0.76091003 2.7302094 10.030716
-1.002594 2.9934235 8.949158
-0.66041565 3.2518463 8.3437805
-0.35414124 3.4337006 8.200211
-0.055038452 3.5940247 8.042282
0.062210083 3.8237305 8.240875
0.14117432 3.8404846 8.640488
-0.0047912598 3.735199 8.760132
-0.31106567 3.728012 8.606979
-0.41635132 3.7998047 8.788834
-0.44984436 3.8811646 8.839081
-0.6388855 4.0390778 8.927628
-0.61016846 3.974472 9.422943
-0.5479584 3.780655 10.054642
-0.5264282 3.7926178 10.875381
-0.122039795 3.9314117 11.207977
-0.007171631 4.153946 10.987839
0.17945862 4.072586 10.97348
0.4402771 4.094116 11.234299
0.63648987 3.8428802 11.765503
0.5431671 3.402588 12.129211
0.17945862 2.8139648 11.619553
-0.23210144 2.725418 10.408783
-0.6149597 2.9072723 8.819946
-0.8638153 3.213562 7.9704895
-0.96191406 3.053238 8.662018
-1.2658081 2.802002 9.133408
-1.1509552 2.560318 9.284149
-0.6006012 2.7804565 9.676575
-0.1603241 2.9742737 9.688538
-0.16270447 3.0867462 9.080765
-0.5407715 3.270996 8.281555
-0.76330566 3.3427734 7.5134583
-0.9260254 3.3882294 7.429718
-1.0600128 3.3260193 7.9609222
-0.92123413 3.184845 8.6979065
-0.77049255 3.1752777 9.162125
-0.83270264 3.316452 9.516251
-0.9499512 3.4528503 9.609573
-0.6125641 3.2111664 9.530609
-0.6388855 3.4791565 9.095123
-0.51924133 3.637085 9.188446
-0.43788147 3.7375946 9.690933
-0.36849976 3.7567291 10.384857
-0.22732544 3.7040863 10.916061
0.04547119 3.5796661 11.21994
0.007171631 3.7615204 10.750946
0.3014984 3.632309 11.006989
0.2632141 3.866806 10.87059
0.38285828 3.866806 10.277176
0.7346039 3.7304077 10.52124
0.830307 3.426529 10.901703
0.37806702 3.4911346 10.33699
0.122039795 3.4337006 8.740982
0.50727844 4.130005 7.487137
1.105484 4.113266 7.980057
1.4380798 3.3930206 8.834305
1.1198425 2.9431763 9.944565
0.51924133 2.8713837 10.736603
0.047851562 2.8594208 10.619354
-0.279953 2.950348 9.360718
-0.38046265 3.110672 8.0733795
-0.41874695 3.4169464 7.664215
-0.124420166 3.620346 8.044662
0.1483612 3.6179504 8.681168
0.2416687 3.562912 9.066406
0.28234863 3.6634064 9.324829
0.28234863 3.7878418 9.516251
0.25842285 3.8692017 9.492325
0.2416687 3.9912262 9.253052
0.2368927 4.1443634 9.073578
0.15074158 4.2951202 8.920441
0.035888672 4.331009 8.930008
-0.06460571 4.2257233 9.49472
0.0143585205 4.158722 10.195816
-0.1986084 4.2185516 10.585846
-0.7154541 4.64447 9.836899
0.16270447 4.158722 9.9062805
-0.35414124 4.4362946 9.817749
-0.59103394 3.9768677 10.045074
0.088531494 3.2063751 11.8349
0.011962891 3.1058807 12.75853
-1.0049896 2.7182465 9.08316
-1.4165497 2.9527435 6.9511566
-1.3639069 3.180069 6.415161
-1.3710938 3.1992035 7.779068
-1.4691925 2.802002 9.518646
-1.282547 2.4622192 10.49971
-0.93559265 2.388031 11.310867
-0.67477417 2.7373962 11.75354
-0.80158997 2.7924194 10.676773
-1.134201 2.6368866 8.616562
-1.0983124 3.103485 7.3339996
-0.82073975 3.7208405 7.389038
-0.8494568 3.6275177 7.9417725
-1.076767 3.2374878 8.499313
-1.2634125 3.0149536 8.846268
-1.2418823 3.1417694 9.044876
-0.9954071 3.3523407 9.272186
-0.79681396 3.4552307 9.568893
-0.8925171 3.3930206 9.937393
-1.1365967 3.2350922 10.291534
-1.2729797 3.151352 10.420746
-1.1198425 3.0197449 10.384857
-1.0456696 3.2518463 10.516449
-1.0887299 3.488739 10.655243
-1.5816498 3.7878418 10.13121
-1.9405823 4.1204376 9.212372
-0.90448 3.8022003 9.097519
0.1268158 3.4049835 10.45903
0.4139557 2.7828522 12.476181
0.03111267 2.383255 12.3637085
-0.26081848 1.9980011 10.695923
-0.22013855 2.1583252 9.181259
-0.29193115 2.7230377 8.355743
-0.52163696 3.6562347 8.468201
0.34695435 3.9385834 9.064011
1.4428711 3.7902374 9.480362
1.6103668 3.357132 9.750748
0.933197 3.036499 10.243668
0.026321411 2.8043823 10.470993
-0.83509827 2.555542 9.997208
-0.99302673 2.5435638 8.8367
-0.59820557 2.9862366 8.090134
-0.18664551 3.7184448 7.802994
0.27757263 4.2137604 7.812561
0.39482117 4.3573303 8.446671
0.15792847 4.0773773 9.525833
-0.16270447 3.7328033 10.372879
-0.38763428 3.4719849 10.444672
-0.47138977 3.4671936 10.198212
-0.2536316 3.7423706 9.875183
-0.086135864 4.08934 9.389435
0.033493042 4.445862 9.212372
0.13877869 4.532013 9.446869
0.028717041 4.3836517 9.540192
-0.40438843 4.474579 9.099899
-0.15792847 4.3381805 9.133408
-0.19142151 4.4243317 10.052246
-0.4857483 4.3166504 10.447067
-0.36610413 3.9553375 10.442276
-0.050247192 3.4863434 10.09053
0.1603241 3.4097748 9.937393
0.059814453 3.2374878 9.937393
-0.41156006 3.036499 9.643082
-1.4907227 3.385849 7.1641083
-1.3136597 3.9936218 7.1210327
-1.0600128 4.405182 8.109283
-0.9308014 4.134796 9.12384
-0.5359955 3.9194489 9.6957245
0.0 3.8045807 10.25325
-0.0143585205 3.8692017 10.600204
-0.58384705 3.8285217 9.810577
-1.1676941 3.7998047 8.181061
-1.2729797 4.106079 7.0181427
-1.0863342 4.3980103 6.685547
-0.9786682 4.543976 6.9798584
-0.94755554 4.412369 7.7695007
-0.89730835 4.290329 8.784058
-0.9020996 4.216156 9.422943
-0.928421 4.297516 9.547363
-0.9451599 4.371689 9.461227
-0.85902405 4.6325073 9.355942
-0.8638153 4.759323 9.355942
-0.8829498 4.7162476 9.454041
-0.76330566 4.74736 9.870392
-0.89730835 4.78804 9.896713
-1.0983124 5.0440674 9.052048
-0.4091797 4.8765717 9.011368
0.21774292 4.3980103 10.016357
0.5862427 3.6825562 11.653046
0.34457397 3.275772 12.748962
0.057434082 3.151352 12.021545
-0.22253418 3.2279205 10.238892
-0.27038574 3.5796661 8.891724
-0.34695435 3.9433746 7.7001038
-0.34457397 4.3621216 6.8004
0.15553284 4.496109 6.7166595
0.8518524 4.240082 7.8341064
1.0671997 3.5270233 9.489929
0.61016846 2.926422 10.983063
-0.25842285 2.8043823 11.923431
-0.8901367 2.835495 11.112274
-1.0600128 2.9694977 9.085556
-0.7082825 3.562912 7.9896393
-0.27278137 4.1276245 7.750351
0.17706299 4.4769745 7.5421753
0.4091797 4.689926 7.4153595
0.39482117 4.7760773 7.807785
0.2632141 4.7569275 8.678772
-0.01914978 4.5702972 9.291336
-0.28234863 4.3621216 9.489929
-0.3062744 4.3980103 9.439682
-0.2679901 4.543976 9.489929
-0.16270447 4.792816 9.434906
0.03111267 4.9698944 9.281754
0.090927124 5.1230316 9.355942
-0.35653687 5.4604187 9.032898
0.40678406 5.1062775 9.162125
0.37327576 5.2618103 10.346573
0.08375549 4.8789673 11.160126
-0.062210083 4.3549347 11.861221
-0.5312042 3.6634064 11.85643
-1.2012024 3.3212433 11.318054
-1.409378 3.316452 10.210175
-1.414154 3.8069763 8.489731
-0.8566284 4.204193 6.632904
-0.9499512 4.0127563 7.6211395
-0.9762726 3.6873474 8.865402
-0.8279114 3.4695892 9.229111
-0.5168457 3.3379822 9.054443
-0.34457397 3.373886 9.164505
-0.6077728 3.4432678 9.324829
-1.1365967 3.505478 9.035294
-1.2610168 3.591629 8.260025
-1.1820526 3.7615204 7.628311
-1.1892395 3.8022003 7.750351
-1.2299042 3.7160492 8.257629
-1.1700897 3.8931274 8.824738
-1.0504456 4.158722 9.0711975
-0.9762726 4.3358 8.932404
-1.1078796 4.364502 8.927628
-1.105484 4.340576 9.408585
-0.7848511 4.3453674 10.358536
-0.04547119 4.2352905 11.447266
0.32063293 4.2472534 12.050262
-0.28234863 4.594223 10.99263
-0.01675415 4.381256 9.9062805
-0.023925781 4.62294 9.856033
0.23210144 4.433899 10.121643
0.61735535 3.8931274 11.035706
0.21057129 3.431305 11.377869
-0.5048828 3.3547363 10.660019
-0.84706116 3.4432678 8.901306
-0.5120697 3.6083832 7.1449738
0.36131287 3.9242249 6.3672943
0.39959717 3.5677032 10.284348
-0.46180725 3.4815521 10.116852
-0.80158997 3.620346 8.678772
-0.5647125 3.998413 7.606781
-0.122039795 4.4075775 7.331604
0.43788147 4.8598175 7.836487
0.7393799 5.1756744 8.231308
0.69392395 5.24028 8.475372
0.58384705 5.30011 9.061615
0.3062744 5.2833557 9.296112
0.14117432 5.2043915 8.867798
0.088531494 5.326416 8.475372
0.01675415 5.5345917 8.212173
0.06939697 5.71167 8.145172
0.2536316 5.6757812 8.461029
0.24885559 5.7643127 9.032898
-0.3900299 6.1375885 9.260223
-0.49531555 6.173477 8.803192
-0.20817566 6.1950226 8.896515
-0.090927124 5.9318085 9.135803
0.46180725 5.09671 10.74617
-0.06939697 4.4027863 11.954544
-0.93559265 3.9768677 11.188843
-1.3088684 3.9194489 8.635696
-1.1916199 4.0773773 6.599411
-1.557724 3.9720917 7.728821
-1.5194397 3.5485535 8.884552
-1.0217285 3.270996 9.521042
-0.47616577 3.4719849 10.080963
-0.49531555 3.830902 10.243668
-0.77526855 3.7304077 9.147766
-1.036087 3.900299 7.8747864
-1.0695953 4.165909 7.154541
-0.9643097 4.4937286 6.920044
-0.78723145 4.7353973 7.171295
-0.72502136 4.689926 7.664215
-0.9403839 4.6372833 8.147568
-1.1246338 4.646866 8.425125
-1.1102753 4.6707916 8.635696
-1.1174469 4.78804 9.095123
-1.0983124 4.8598175 9.434906
-0.9523468 4.936386 9.729218
-0.63648987 4.881363 10.384857
-0.5790558 4.8095703 10.784454
-1.0600128 4.9818573 9.6957245
-0.71066284 4.6995087 9.044876
-0.8231354 5.0895386 9.662216
0.033493042 4.8837585 10.70549
1.2012024 4.2424774 12.313461
1.1581268 4.2951202 13.596024
0.36849976 4.3501587 12.30629
-0.13400269 4.1826477 9.011368
0.13877869 4.369293 7.0420837
0.87338257 4.6492615 6.972687
1.6127625 4.5966187 8.200211
1.409378 4.237686 8.997009
0.117248535 3.9673004 8.851059
-0.8446655 3.9098663 8.157135
-1.138977 4.0797577 7.4967194
-1.1318054 4.2544403 7.075577
-1.0049896 4.4889374 6.9846497
-0.6197357 4.6013947 7.3651123
-0.18902588 4.840683 8.298309
0.31825256 4.9531403 9.064011
0.5359955 4.9411774 9.384644
0.4091797 4.8071747 9.260223
0.16270447 4.8478546 9.087936
0.0143585205 4.881363 8.707489
-0.31106567 5.0033875 8.147568
-0.5670929 5.2163544 8.501694
-0.8566284 5.42453 8.647659
-1.1413727 5.8815613 8.044662
-0.3134613 5.654236 8.762512
-0.5934143 5.87677 9.867996
-0.55992126 5.3766785 11.07399
-0.6149597 4.6995087 12.315857
-1.4404755 4.3214417 12.071793
-1.7563324 4.118042 10.040283
-1.8711853 4.3621216 7.848465
-1.7324066 4.445862 6.644867
-1.5720825 4.450653 6.972687
-1.5098724 4.163513 7.848465
-1.3902283 3.8883362 8.585449
-0.9690857 3.5102692 9.422943
-0.7010956 3.5533447 10.549957
-0.66760254 3.7328033 11.040482
-0.9379883 3.7375946 9.662216
-1.1772614 4.063019 7.972885
-1.0528412 4.340576 7.0157623
-1.1844482 4.520035 6.6376953
-1.3950195 4.546356 7.068405
-1.3830566 4.58226 7.791031
-1.3256226 4.7162476 8.181061
-1.1868439 4.749756 8.312668
-1.2921295 4.924423 9.044876
-1.2131653 5.0105743 9.305695
-1.1413727 5.1134644 9.303299
-1.0480499 5.2043915 9.410965
-0.89730835 5.0823517 9.71965
-1.0839539 5.0416718 9.865616
-1.8424683 5.2043915 9.47319
-2.5363922 5.7547455 8.3485565
-1.5003052 5.6614227 7.984848
0.107681274 5.2259216 9.030518
0.3014984 4.565506 11.79422
-0.9690857 3.9481506 13.454849
-1.8089752 3.275772 11.578873
-1.7060852 3.5030975 8.092529
-1.3997955 4.4530487 5.5872345
-1.1270142 4.984253 5.333603
-0.5288086 4.771286 7.0540466
0.5886383 4.1730804 8.941986
1.0552368 4.1850433 10.676773
0.8661957 4.5272217 11.791824
0.062210083 4.5750732 10.652847
-0.5934143 4.5391846 8.633301
-0.8638153 4.524826 7.8101807
-1.0887299 4.606186 7.668991
-0.8159485 4.7688904 7.613968
-0.33259583 5.0560303 7.7072754
0.055038452 5.2785645 7.984848
0.112457275 5.2259216 8.291138
-0.107681274 5.065613 8.743378
-0.46899414 4.78804 9.008972
-0.78723145 4.594223 9.157333
-0.7393799 4.546356 9.430115
-0.62931824 4.7042847 9.588043
-0.34695435 4.989029 9.623932
-0.28953552 5.3407745 9.250656
-0.48812866 5.740387 8.4227295
0.21296692 5.355133 8.523239
0.33499146 5.170883 9.867996
-0.21774292 4.926819 10.707886
-0.67477417 4.6420746 10.657639
-0.8159485 4.3621216 10.052246
-0.65802 4.302292 9.583252
-0.43310547 4.0797577 8.941986
-1.4715881 4.2711945 6.57547
-1.6725769 4.5511475 6.1160583
-1.4452667 4.6588287 6.695114
-1.1509552 4.6085815 7.975281
-0.80158997 4.4267273 9.078369
-0.5312042 4.347763 10.262817
-0.4905243 4.472183 10.995026
-0.8183441 4.5104675 10.025925
-1.1892395 4.4195404 8.209778
-1.2442627 4.792816 6.735794
-1.0121613 5.0368958 6.977478
-0.83987427 4.965103 7.515854
-0.6963043 4.9579315 8.281555
-0.5264282 5.0345 8.913269
-0.38523865 5.0488586 9.324829
-0.28474426 5.067993 9.564117
-0.1603241 5.067993 9.628723
-0.2033844 5.0775757 9.458832
-0.22970581 5.0560303 9.085556
-0.14596558 5.11586 9.004196
-0.19381714 5.1134644 9.198013
-0.7154541 5.1110687 8.901306
-0.8901367 5.1349945 8.3437805
-0.36610413 4.960327 8.532806
0.73220825 4.0773773 10.485352
0.5359955 3.775879 11.612366
-0.1268158 3.4624176 11.586044
-0.5001068 3.2686005 10.655243
-0.68673706 3.431305 9.233902
-0.7130585 3.9050903 7.819748
-0.37088013 4.319046 6.723831
0.16270447 4.6588287 6.202194
0.8374939 4.965103 6.599411
1.3830566 4.833496 7.757538
1.2035828 4.3166504 9.142975
0.39242554 3.9146576 10.475784
-0.5096741 3.6993103 11.17926
-0.9523468 3.4528503 10.260422
-0.58384705 3.632309 8.709869
0.110076904 4.2017975 8.066208
0.55992126 4.58226 8.097305
0.85902405 4.8095703 8.267197
1.0456696 4.8694 8.394028
0.8279114 4.9100647 8.559128
0.39482117 4.833496 8.729019
0.04547119 4.7114716 8.953949
-0.14596558 4.646866 9.078369
-0.2632141 4.6731873 9.138184
-0.32063293 4.74736 9.348755
-0.33259583 4.8765717 9.686142
-0.13160706 4.9579315 10.124039
-0.21057129 5.11586 10.363312
-0.3397827 5.247467 10.243668
-0.47616577 5.3814545 9.889542
-0.0382843 5.1637115 10.21257
-0.29193115 5.2498474 10.782059
-0.44506836 4.7114716 10.667206
-0.39242554 3.9720917 10.954346
-0.47616577 3.665802 11.624329
-0.85902405 3.4576263 11.114655
-1.1652985 3.172882 9.157333
-1.3615112 3.2039948 7.319641
-1.6342926 3.4576263 6.2811584
-1.7491608 3.739975 6.4342957
-1.7706909 3.8213348 7.2311096
-1.3280182 3.637085 8.571091
-0.4737854 3.2087708 10.116852
-0.43788147 3.5389862 11.923431
-0.5766754 3.3666992 10.269989
-0.6508484 3.5437775 8.281555
-0.5168457 4.0079803 7.223938
-0.3756714 4.1778717 7.176071
-0.9451599 4.651642 6.8482513
-0.6029968 4.634903 7.381851
-0.38763428 4.587036 8.054245
-0.64845276 4.47937 8.288742
-0.80158997 4.340576 8.559128
-0.7130585 4.4243317 8.930008
-0.6006012 4.5343933 9.389435
-0.39720154 4.5391846 9.860825
-0.117248535 4.524826 10.370499
-0.08135986 4.4889374 10.636093
-0.8183441 4.754532 9.870392
-0.9308014 4.646866 8.865402
-0.85902405 5.139786 8.597412
-0.28474426 5.2378845 8.953949
0.87815857 4.278366 10.380066
1.1437683 3.8285217 12.24646
0.49771118 3.637085 12.906891
-0.41156006 3.098709 11.71286
-0.87338257 2.9742737 9.0711975
-0.46899414 3.4719849 6.65683
-0.050247192 4.3980103 5.419739
0.4355011 5.211563 5.699707
1.5457611 5.063217 7.6091766
2.2994995 4.051056 10.119247
1.3160553 3.981659 12.232117
-0.050247192 3.775879 12.093323
-1.002594 3.2183533 10.04747
-1.2251282 3.328415 8.099701
-0.69869995 4.0055847 7.2837524
-0.102890015 4.512863 7.142578
0.22970581 4.919647 7.3172455
0.3397827 5.022537 7.429718
0.25125122 4.9292145 7.4608154
0.035888672 4.9507446 7.6785736
-0.13400269 5.029709 8.078171
-0.22732544 4.9459686 8.544769
-0.22013855 4.9124603 9.037689
-0.57188416 4.8837585 9.030518
-0.7513428 4.989029 8.776871
0.17468262 5.5082703 9.437286
-0.25842285 5.314453 9.032898
-0.5670929 5.474777 8.609375
-0.15553284 5.8456726 8.784058
0.20817566 5.6327057 9.174088
-0.3062744 5.34317 10.260422
-1.0145569 4.5009003 11.538193
-1.557724 3.809372 11.638687
-1.6127625 3.522232 10.650452
-1.3040924 3.4145508 9.238693
-1.2801666 3.5102692 8.059021
-1.4931183 3.5988007 7.5182495
-2.050644 3.6466675 7.2885437
-2.5411835 3.8811646 7.5708923
-2.5028992 4.0917206 8.362915
-1.5553284 3.9098663 9.394226
-0.76091003 3.4648132 10.600204
-1.0217285 3.3954163 11.172089
-1.6127625 3.3930206 11.155334
-2.0602264 3.0915222 10.82991
-1.9932251 3.0436707 9.152542
-1.5912323 3.677765 7.7407837
-1.5026855 3.8883362 6.9678955
-1.9788666 3.8644104 7.1928253
-2.2420807 3.677765 8.324631
-2.1966095 3.5533447 9.552155
-2.0889282 3.637085 9.774673
-2.2420807 3.9768677 9.743576
-2.0985107 4.455429 9.913467
-1.4045868 4.749756 10.145569
-1.0791626 4.692322 10.33699
-0.9499512 4.4147644 10.724625
-1.277771 3.6705933 10.52124
-1.6438751 3.5581207 9.463608
-1.7395782 3.981659 8.437088
-2.0889282 4.187439 7.812561
-2.3784637 4.137192 7.554138
-2.2420807 4.0917206 7.6857452
-1.6845398 4.4817505 8.437088
-1.1916199 4.8382874 9.219543
-1.0528412 4.8789673 9.683746
-1.277771 4.852646 10.1479645
-1.4476624 4.687546 10.164719
-1.2801666 4.881363 8.444275
-1.3399811 4.8478546 7.3292084
-1.2179413 4.7449646 8.133209
-1.4620209 4.9052887 8.724228
-1.0408783 5.1230316 10.030716
-1.8640137 4.778473 8.099701
