0.19145203 0.0105896 -0.03404236
0.17434692 -0.012619019 0.0697937
0.1315918 0.030136108 0.07223511
0.043624878 0.06617737 0.0697937
-0.011947632 0.07839966 0.04963684
-0.03578186 0.07167053 0.044143677
-0.026000977 0.031967163 0.04963684
-0.0021820068 -0.011383057 0.06123352
0.02897644 -0.055374146 0.06430054
0.011245728 -0.04071045 0.03742981
-0.040664673 0.041137695 0.0062713623
-0.06692505 0.11810303 0.008102417
-0.04676819 0.013641357 0.050857544
0.013687134 -0.063323975 0.09422302
0.046066284 0.0423584 0.071624756
0.012466431 0.09855652 0.0337677
-0.05104065 -0.0010070801 0.026428223
-0.0821991 0.014251709 -0.0010528564
-0.058380127 0.004470825 -0.019378662
-0.014389038 0.05885315 -0.032211304
-0.00340271 0.08572388 -0.03404236
-0.041885376 0.08694458 0.014831543
-0.11091614 0.044189453 0.07652283
-0.15794373 0.0050964355 0.09851074
-0.15490723 0.019760132 -0.0309906
-0.069381714 0.028915405 -0.09451294
0.008804321 -0.017501831 -0.064590454
0.010650635 -0.035827637 -0.037094116
-0.06265259 -0.004058838 -0.028549194
-0.13595581 0.03135681 -0.0309906
-0.15979004 0.04724121 -0.012054443
-0.14328003 0.07595825 -0.0022735596
-0.11213684 0.06983948 -0.013885498
-0.049209595 0.06434631 -0.040161133
-0.015014648 0.05885315 -0.07559204
-0.054107666 0.0741272 -0.08413696
-0.11457825 0.117492676 -0.07130432
-0.13412476 0.16453552 -0.056640625
-0.10847473 0.1761322 -0.03892517
-0.07121277 0.22439575 -0.013885498
-0.09074402 0.26470947 0.031311035
-0.16589355 0.31236267 0.0844574
-0.2917328 0.26837158 0.123550415
-0.3503723 0.18652344 0.17791748
-0.17811584 0.2091217 0.1999054
0.061950684 0.21827698 0.2011261
0.11753845 0.26654053 0.22679138
-0.028442383 0.25248718 0.27444458
-0.19766235 0.12910461 0.34162903
-0.2587433 0.06251526 0.3599701
-0.25080872 -0.01322937 0.32635498
-0.19398499 -0.06637573 0.29154968
-0.121292114 -0.19404602 0.27137756
-0.042495728 -0.28079224 0.29031372
0.01675415 -0.17755127 0.3086548
0.010650635 -0.06454468 0.3660736
-0.05104065 -0.020553589 0.44792175
-0.12313843 -0.024230957 0.47297668
-0.2318573 -0.16227722 0.41983032
-0.3662567 -0.2190857 0.3837738
-0.38336182 -0.08226013 0.41921997
-0.17749023 0.24333191 0.4900818
0.02041626 0.46324158 0.46931458
-0.01133728 0.3086853 0.4485321
-0.18421936 -0.035217285 0.510849
-0.365036 -0.19221497 0.53466797
-0.4285736 -0.08103943 0.51145935
-0.3088379 0.03868103 0.48701477
-0.08648682 -0.06942749 0.43692017
0.09677124 -0.2850647 0.37461853
0.18107605 -0.34065247 0.35507202
0.1181488 -0.18914795 0.3489685
-0.07182312 -0.020553589 0.35446167
-0.24163818 0.045410156 0.3666687
-0.2843933 -0.04866028 0.37095642
-0.20376587 -0.1561737 0.38867188
-0.07914734 -0.17144775 0.3935547
-0.0070648193 -0.10180664 0.34346008
-0.033340454 -0.091415405 0.27503967
-0.11885071 -0.10424805 0.22434998
-0.22087097 -0.123184204 0.19258118
-0.2648468 -0.06637573 0.21273804
-0.18971252 0.10160828 0.2341156
-0.03149414 0.23171997 0.20419312
0.07661438 0.14620972 0.14553833
0.034469604 -0.0730896 0.11683655
-0.081588745 -0.11706543 0.14004517
-0.15306091 0.007537842 0.16998291
-0.121292114 0.072906494 0.17669678
-0.0027923584 0.04663086 0.14309692
0.06806946 -0.07614136 0.11500549
-0.07060242 -0.06515503 0.21395874
-0.102371216 -0.010787964 0.20724487
-0.058380127 0.038085938 0.14126587
-0.007675171 0.036239624 0.095443726
-0.018676758 0.0014343262 0.08018494
-0.085861206 -0.013839722 0.06918335
-0.14512634 0.041137695 0.07223511
-0.1652832 0.0423584 0.07774353
-0.12007141 -0.03338623 0.08811951
-0.033935547 0.004470825 0.06185913
-0.010116577 0.019760132 0.055755615
-0.052886963 -0.031555176 0.10095215
-0.1005249 -0.027267456 0.09729004
-0.12069702 0.013641357 0.060012817
-0.098083496 0.013031006 0.030090332
-0.058380127 0.038085938 -0.007171631
-0.03578186 0.05885315 -0.02243042
-0.03944397 0.057022095 -0.018157959
-0.044326782 0.05456543 -0.024871826
-0.041275024 0.047851562 -0.05480957
-0.065704346 0.021575928 -0.049316406
-0.08648682 0.04296875 -0.039535522
-0.08648682 0.051513672 -0.053588867
-0.08708191 0.0038757324 -0.040756226
-0.0675354 -0.018722534 -0.023651123
-0.045547485 -0.019332886 -0.017547607
-0.05960083 -0.015060425 -0.011444092
-0.073654175 0.0093688965 -0.0132751465
-0.05899048 0.03868103 -0.03404236
-0.03944397 0.068618774 -0.04319763
-0.040664673 0.081451416 -0.06703186
-0.089523315 0.088775635 -0.09329224
-0.12251282 0.053955078 -0.08352661
-0.09564209 0.017913818 -0.049926758
-0.05593872 -0.018722534 -0.02243042
-0.044937134 -0.022994995 -0.027328491
-0.07426453 0.0069274902 -0.05848694
-0.121292114 0.0014343262 -0.06336975
-0.13717651 -0.027267456 -0.03526306
-0.113357544 -0.04866028 -0.01083374
-0.05166626 -0.059646606 0.0154418945
0.013092041 -0.039489746 0.022766113
0.009429932 -0.019943237 0.027648926
-0.04798889 -0.008346558 0.030715942
-0.109069824 -0.024230957 0.020935059
-0.09136963 -0.012008667 0.020935059
0.0027160645 0.0026550293 0.0056610107
0.054016113 -0.012619019 -0.013885498
0.017364502 -0.008346558 -0.024276733
-0.05166626 -0.022994995 -0.015716553
-0.069381714 -0.02482605 -0.025497437
-0.03578186 -0.022384644 -0.041381836
-0.0015716553 -0.02911377 -0.039535522
0.014907837 -0.0077209473 -0.040756226
0.039352417 0.046020508 -0.040756226
0.0839386 0.044189453 -0.03465271
0.1169281 0.038085938 -0.0309906
0.09005737 0.017913818 -0.031600952
0.01612854 -0.008346558 -0.009002686
-0.004623413 -0.00894165 -0.005935669
-0.005844116 0.0026550293 -0.009613037
-0.005844116 0.026473999 -0.0065612793
0.21038818 0.077178955 -0.06825256
0.4242096 0.014251709 -0.09024048
0.3252411 0.0741272 -0.045639038
0.0051574707 0.0105896 0.016052246
-0.285614 -0.051101685 0.07223511
-0.21047974 -0.21603394 -0.03465271
0.014907837 -0.38035583 -0.0132751465
0.12792969 -0.2911682 0.083236694
0.23544312 0.02708435 0.022766113
0.32156372 0.21339417 -0.120788574
0.26231384 0.16513062 -0.13362122
0.08883667 -0.008346558 -0.09147644
-0.07975769 -0.14945984 -0.05908203
-0.08097839 -0.1060791 -0.06336975
0.08149719 -0.005279541 -0.09147644
0.20184326 0.0423584 -0.10612488
0.18107605 0.06434631 -0.10368347
0.114486694 0.08389282 -0.117126465
0.07173157 0.0765686 -0.14949036
0.031417847 0.06556702 -0.16842651
0.009429932 0.06434631 -0.18309021
0.007598877 0.03868103 -0.19714355
0.070510864 0.07044983 -0.17393494
0.16152954 0.10282898 -0.14888
0.14808655 0.0741272 -0.11956787
0.05218506 0.019760132 -0.09085083
-0.009506226 0.016693115 -0.09024048
0.0039367676 0.023422241 -0.112838745
0.07783508 0.024642944 -0.12017822
0.13954163 0.007537842 -0.12445068
0.17619324 0.002029419 -0.13545227
0.12181091 -0.0071258545 -0.1476593
0.07600403 -0.029724121 -0.1476593
0.07234192 -0.06515503 -0.1635437
0.082107544 -0.062698364 -0.20204163
0.08761597 -0.018722534 -0.24295044
0.09799194 0.028305054 -0.280838
0.09799194 -0.0046844482 -0.28388977
0.12547302 -0.063323975 -0.2295227
0.18840027 -0.14273071 -0.17576599
0.20733643 -0.17877197 -0.18920898
0.14135742 -0.14334106 -0.24906921
0.059509277 -0.11035156 -0.26922607
0.04118347 -0.15068054 -0.24784851
0.098602295 -0.15922546 -0.23806763
0.18717957 -0.13417053 -0.25457764
0.24032593 -0.12013245 -0.26678467
0.17556763 -0.13417053 -0.29733276
0.035690308 -0.21176147 -0.31687927
-0.065704346 -0.36019897 -0.30221558
-0.01928711 -0.43533325 -0.21914673
0.11387634 -0.42800903 -0.14460754
0.21162415 -0.2557373 -0.15499878
0.17678833 -0.08470154 -0.25395203
-0.010726929 -0.11647034 -0.34375
-0.19032288 -0.18243408 -0.3425293
-0.18727112 -0.15127563 -0.3242035
-0.018066406 -0.115249634 -0.3449707
0.15052795 -0.08409119 -0.4610443
0.1352539 -0.17694092 -0.6265869
0.009429932 -0.15922546 -0.8361206
0.013687134 0.08206177 -1.1702576
0.008804321 0.24760437 -1.0939026
-0.106033325 -0.099365234 -0.93263245
-0.101135254 -0.283844 -1.0059357
-0.08526611 -0.43289185 -1.1873627
-0.12802124 -0.45121765 -1.3840637
-0.1628418 -0.32781982 -1.5447235
-0.20376587 -0.20870972 -1.5954285
-0.18971252 -0.32537842 -1.5648804
-0.1799469 -0.50009155 -1.5697784
-0.17749023 -0.36569214 -1.6705627
0.015533447 -0.062088013 -1.8263397
0.21099854 -0.24229431 -1.969284
0.2959137 -0.4713745 -1.97966
0.23727417 -0.37791443 -1.8800964
0.061340332 -0.17510986 -1.888031
-0.07182312 -0.15800476 -1.9149017
-0.15672302 -0.30766296 -1.877655
-0.17689514 -0.27223206 -1.7731934
-0.06816101 -0.16778564 -1.6681213
0.10838318 -0.12745667 -1.6161957
0.21099854 -0.21237183 -1.6235352
0.24459839 -0.34065247 -1.619873
0.21406555 -0.34736633 -1.5722198
0.18840027 -0.31681824 -1.4665375
0.12121582 -0.34065247 -1.4262238
0.07722473 -0.4151764 -1.6583405
0.13891602 -0.32110596 -1.8159485
0.15908813 -0.3534851 -1.8074036
0.11999512 -0.399292 -1.6943817
0.058288574 -0.4347229 -1.486084
-0.00340271 -0.41029358 -1.2704468
-0.07182312 -0.34614563 -1.0939026
-0.09564209 -0.17694092 -0.9772339
-0.044326782 -0.07797241 -0.8886566
0.022247314 0.025863647 -0.7762451
0.011245728 -0.014450073 -0.6950073
0.027130127 -0.123184204 -0.6925659
0.08944702 -0.2398529 -0.71821594
0.14135742 -0.29789734 -0.7310486
0.12669373 -0.26062012 -0.75730896
0.071121216 -0.20748901 -0.7371521
0.02041626 -0.15983582 -0.7084503
0.027130127 -0.17877197 -0.7224884
0.027740479 -0.2740631 -0.74754333
-0.065704346 -0.39868164 -0.74632263
-0.20132446 -0.45915222 -0.6766815
-0.29968262 -0.4359436 -0.5801544
-0.2453003 -0.4053955 -0.5630493
-0.049819946 -0.45611572 -0.6583557
0.04118347 -0.6906891 -0.76953125
-0.04005432 -0.9411316 -0.8532257
-0.06448364 -0.8831024 -0.9405823
0.0851593 -0.6088257 -1.046875
0.23239136 -0.39257812 -1.1494904
0.27209473 -0.33270264 -1.1885834
0.2849121 -0.37547302 -1.1800385
0.23849487 -0.3852539 -1.1953125
0.13342285 -0.34065247 -1.2484589
-0.00340271 -0.3192749 -1.262497
-0.17382812 -0.37303162 -1.2136383
-0.2453003 -0.5648346 -1.109787
-0.40168762 -0.9845123 -1.0071564
-0.5037079 -1.007721 -0.9582825
-0.51652527 -0.8928833 -0.9961548
-0.4609375 -0.7627716 -0.9833374
-0.3601532 -0.6283722 -0.8904877
-0.33021545 -0.5422363 -0.8202362
-0.42001343 -0.6259308 -0.74876404
-0.5159149 -0.6662445 -0.7176056
-0.6606903 -0.6638031 -0.7218933
-0.72850037 -0.50619507 -0.6925659
-0.66130066 -0.22703552 -0.6510315
-0.48477173 -0.05781555 -0.6345215
-0.2642517 0.04663086 -0.58444214
-0.27340698 -0.054153442 -0.43537903
-0.54096985 -0.3522644 -0.3278656
-0.7181244 -0.48908997 -0.38224792
-0.6851349 -0.6369171 -0.38102722
-0.5525818 -0.4994812 -0.3730774
-0.35832214 -0.10240173 -0.32237244
-0.17260742 0.15170288 -0.19958496
-0.05960083 0.23782349 -0.08352661
-0.024780273 0.3514557 0.03253174
0.110824585 0.6141205 0.030715942
0.294693 0.8719177 -0.09391785
0.38082886 0.11503601 -0.31321716
0.5775299 0.011810303 -0.5422821
0.46635437 0.30136108 -0.46409607
0.308136 0.4345398 -0.28633118
0.06317139 0.52005005 -0.20692444
-0.2795105 0.5951996 -0.291214
-0.36320496 0.36917114 -0.34985352
-0.08830261 0.33251953 -0.37980652
0.37716675 0.34657288 -0.5361786
0.9764252 -0.034606934 -0.73165894
1.1743469 -0.2716217 -0.62231445
0.7882843 -0.27957153 -0.40911865
0.07600403 -0.20870972 -0.27166748
-0.54463196 -0.08653259 -0.22525024
-0.74072266 -0.022994995 -0.22462463
-0.4255066 0.033187866 -0.18493652
-0.034561157 0.08755493 -0.09635925
0.110824585 0.10649109 0.00016784668
0.042404175 -0.091415405 0.02154541
-0.10784912 -0.29605103 -0.04260254
-0.26057434 -0.33392334 -0.10368347
-0.28501892 -0.12684631 -0.13667297
-0.090148926 0.1932373 -0.15377808
0.1328125 0.39604187 -0.18797302
0.22261047 0.41558838 -0.18675232
0.14808655 0.26715088 -0.16966248
0.017974854 0.064956665 -0.19592285
-0.013793945 -0.046829224 -0.23074341
0.14076233 0.017318726 -0.24784851
0.3252411 0.1431427 -0.21914673
0.35455322 0.33312988 -0.14094543
0.25315857 0.38139343 -0.035873413
0.11753845 0.19384766 0.09667969
-0.0021820068 -0.079193115 0.16264343
-0.05593872 -0.24902344 0.20602417
-0.18544006 -0.015060425 0.2817688
-0.4126892 0.030136108 0.38745117
-0.6191559 -0.16288757 0.5248871
-0.66741943 -0.35897827 0.5554352
-0.30700684 -0.580719 0.43998718
0.33866882 -0.5746155 0.29154968
0.77423096 -0.12135315 0.1687622
0.723526 0.55303955 0.011169434
0.49505615 0.85054016 -0.046875
0.2989807 0.68070984 0.11010742
0.15602112 0.15414429 0.35202026
0.061950684 -0.2899475 0.51145935
0.02835083 -0.39257812 0.5071869
0.06806946 -0.2032013 0.37400818
0.17190552 0.08023071 0.19197083
0.29530334 0.3056488 0.04170227
0.33866882 0.29891968 -0.010223389
0.18351746 0.11566162 -0.019989014
-0.054107666 -0.0718689 -0.036483765
-0.18910217 -0.14395142 -0.0053253174
-0.20315552 -0.14456177 0.1174469
-0.22697449 -0.18243408 0.1980896
-0.18482971 -0.24414062 0.13516235
-0.12802124 -0.24169922 0.0032196045
-0.062042236 -0.26856995 -0.12322998
-0.026611328 -0.28260803 -0.17515564
-0.03883362 -0.23191833 -0.20814514
-0.04737854 -0.17510986 -0.24784851
-0.0040130615 -0.18121338 -0.29794312
0.07295227 -0.31315613 -0.3474121
-0.034561157 -0.21420288 -0.3914032
-0.26669312 -0.050491333 -0.44638062
-0.5256958 -0.13417053 -0.49952698
-0.5146942 0.20057678 -0.5636749
-0.026611328 0.2555542 -0.5923767
0.4272461 0.1443634 -0.614975
0.4956665 -0.07247925 -0.62231445
0.15846252 -0.30949402 -0.6461334
-0.3125 -0.36569214 -0.59054565
-0.5403595 -0.17266846 -0.472641
-0.3296051 -0.016281128 -0.3474121
0.118774414 0.019760132 -0.25579834
0.27392578 0.18347168 -0.19958496
0.08761597 0.2775421 -0.19836426
-0.14205933 0.12176514 -0.15988159
-0.1298523 -0.11769104 -0.10002136
0.114486694 -0.22091675 -0.10185242
0.27392578 -0.10240173 -0.18247986
0.20611572 0.14009094 -0.23318481
0.012466431 0.25737 -0.22218323
-0.1506195 0.10588074 -0.10795593
-0.21598816 -0.050491333 0.005050659
-0.16038513 -0.04866028 0.05331421
-0.042495728 0.08206177 0.06613159
0.0039367676 0.24638367 0.07896423
-0.013168335 0.32641602 0.1162262
-0.045547485 0.28486633 0.19380188
-0.1005249 0.16331482 0.28604126
-0.2306366 0.11503601 0.3813324
-0.299057 -0.18365479 0.45280457
-0.4462738 -0.36997986 0.42471313
-0.47254944 -0.43411255 0.25305176
-0.13717651 -0.5666809 0.15348816
0.43519592 -0.72612 0.12232971
0.82676697 -0.46466064 0.08506775
0.799881 0.22195435 0.0062713623
0.46757507 0.79922485 -0.11773682
0.10411072 1.0325775 -0.16049194
-0.09991455 0.9226227 -0.02671814
-0.14390564 0.5475464 0.17425537
-0.02355957 0.1101532 0.24145508
0.14930725 -0.16593933 0.16569519
0.2934723 -0.19526672 0.060638428
0.4107666 -0.0901947 0.018493652
0.2653656 0.07044983 0.07223511
0.0851593 0.053955078 0.096069336
-0.07304382 -0.038269043 0.10888672
-0.17626953 -0.15190125 0.11193848
-0.17811584 -0.17204285 0.07896423
-0.06387329 -0.088974 0.044143677
0.087005615 -0.015060425 0.019104004
0.1951294 -0.015060425 -0.062149048
0.19696045 -0.07247925 -0.17454529
0.11143494 -0.050491333 -0.1977539
0.06990051 0.036239624 -0.104904175
0.18107605 0.08389282 -0.011444092
0.37043762 0.03930664 -0.021820068
0.37165833 0.0912323 -0.17515564
0.058288574 0.19750977 -0.29367065
-0.414505 0.46324158 -0.27290344
-0.5348511 0.6593323 -0.20814514
-0.046157837 0.60435486 -0.20080566
0.5201111 0.2066803 -0.228302
0.51950073 -0.16227722 -0.28022766
0.062561035 -0.2887268 -0.40116882
-0.31311035 -0.21237183 -0.45126343
-0.29051208 -0.03704834 -0.39323425
-0.013793945 0.097335815 -0.34985352
0.37165833 0.0912323 -0.38224792
0.5714264 0.048461914 -0.41278076
0.47062683 0.055786133 -0.31993103
0.2470398 0.024642944 -0.060928345
0.17497253 -0.029724121 0.07345581
0.21955872 -0.12562561 -0.009613037
0.13587952 -0.23191833 -0.19592285
-0.042495728 -0.28689575 -0.32054138
-0.18177795 -0.24169922 -0.24784851
-0.1481781 -0.13417053 -0.100631714
-0.030273438 -0.03765869 -0.026107788
0.019195557 -0.016281128 -0.09391785
0.015533447 -0.06820679 -0.24357605
0.014907837 -0.12928772 -0.31932068
0.02897644 -0.2887268 -0.2899933
0.025299072 -0.4823761 -0.31504822
-0.121917725 -0.6234894 -0.33703613
-0.5006561 -0.22335815 -0.29426575
-0.75904846 0.11077881 -0.29489136
-0.7376709 0.09916687 -0.35658264
-0.46949768 -0.17755127 -0.46897888
-0.15428162 -0.6381378 -0.5056305
0.017364502 -0.6833496 -0.49769592
0.035690308 -0.0071258545 -0.5086975
0.0033111572 0.699646 -0.47631836
-0.008895874 0.80044556 -0.35353088
0.08761597 0.37649536 -0.21424866
0.1315918 -0.23252869 -0.25883484
0.0851593 -0.17388916 -0.3755188
0.12059021 -0.08226013 -0.45370483
0.1340332 0.014862061 -0.4885254
0.061340332 0.1455841 -0.5312805
0.0069732666 0.33374023 -0.6314697
0.013092041 0.42720032 -0.7395935
-0.024780273 0.31175232 -0.7713623
-0.09564209 0.13276672 -0.7664795
-0.0993042 -0.0071258545 -0.82328796
-0.08830261 -0.08653259 -0.8568878
-0.11947632 -0.16105652 -0.835495
-0.12739563 -0.040100098 -0.85505676
-0.06021118 0.33740234 -0.8929291
0.02468872 0.42720032 -0.8941498
0.10899353 0.19262695 -0.8843689
0.2134552 -0.17999268 -0.8849945
0.33563232 -0.5831604 -0.8593292
0.4406891 -0.8867798 -0.8318329
0.5885315 -1.0480347 -0.7939606
0.56347656 -0.9099884 -0.7243347
0.033233643 -0.36203003 -0.720047
-0.33265686 -0.42678833 -0.8495636
-0.4456787 -0.23802185 -0.8868103
-0.27401733 -0.05293274 -0.94973755
0.09310913 -0.19587708 -1.0261078
0.37226868 -0.5245209 -1.0737457
0.2763672 -0.5904999 -1.1238251
-0.07243347 -0.32966614 -1.1275024
-0.2984619 0.009979248 -1.0114441
-0.27645874 0.1455841 -0.9094238
-0.17199707 0.10221863 -0.835495
-0.19949341 0.15231323 -0.7286072
-0.2770691 0.22439575 -0.7359314
-0.19459534 0.1296997 -0.80862427
0.07966614 -0.05659485 -0.8978119
0.35150146 -0.2752838 -0.91308594
0.30630493 -0.2875061 -0.8190155
0.011871338 -0.15005493 -0.6687317
-0.2129364 0.018539429 -0.55633545
-0.17199707 0.07472229 -0.5483856
0.009429932 0.041748047 -0.5825958
0.12121582 0.020980835 -0.5691681
0.13832092 0.07106018 -0.5135803
0.15968323 0.088775635 -0.4451599
0.2464447 -0.04988098 -0.42744446
0.37226868 -0.2349701 -0.43722534
0.4107666 -0.41090393 -0.47998047
0.23361206 -0.3864746 -0.5349579
-0.17199707 -0.04927063 -0.46348572
-0.46766663 0.0741272 -0.25946045
-0.45483398 -0.22335815 -0.16783142
-0.23797607 -0.4811554 -0.30038452
-0.04005432 -0.45733643 -0.5496216
0.04057312 -0.11584473 -0.76708984
0.07661438 0.2579956 -0.7970276
0.12365723 0.38505554 -0.7359314
0.27575684 0.24699402 -0.6925659
0.4071045 -0.05354309 -0.6510315
0.29042053 -0.22642517 -0.55511475
0.045455933 -0.15068054 -0.3926239
-0.08403015 -0.0101623535 -0.22525024
-0.0846405 -0.04499817 -0.18493652
-0.05104065 -0.19770813 -0.19958496
-0.022338867 -0.35653687 -0.27290344
-0.03578186 -0.44511414 -0.37980652
-0.01133728 -0.25024414 -0.475708
0.12547302 -0.02116394 -0.5477905
0.2158966 0.007537842 -0.5667267
0.074783325 -0.062698364 -0.62841797
-0.113357544 -0.09996033 -0.7206726
-0.14451599 -0.17510986 -0.7212677
-0.18299866 -0.10852051 -0.6516266
-0.1493988 -0.1048584 -0.62231445
-0.0021820068 -0.107910156 -0.66690063
0.066223145 -0.04071045 -0.7023468
0.03201294 0.024032593 -0.7493744
0.061950684 0.017913818 -0.77319336
0.09371948 0.0026550293 -0.75914
0.12243652 -0.07003784 -0.76586914
0.1181488 -0.17327881 -0.7121124
0.006378174 -0.31866455 -0.6357422
-0.12251282 -0.30400085 -0.62597656
-0.15856934 -0.14639282 -0.723114
-0.061431885 -0.14395142 -0.8464966
0.027130127 -0.20137024 -0.98394775
0.0033111572 -0.13783264 -1.0798492
-0.03149414 0.0038757324 -0.9527893
0.014907837 0.0026550293 -0.7371521
0.08149719 -0.19526672 -0.60154724
0.058288574 -0.38891602 -0.5508423
-0.09869385 -0.49765015 -0.57710266
-0.23492432 -0.2740631 -0.59788513
-0.16833496 -0.14517212 -0.5850525
-0.05166626 -0.1048584 -0.5728302
0.07966614 -0.19282532 -0.5630493
0.08332825 -0.25024414 -0.53556824
0.037521362 -0.30827332 -0.47875977
-0.037612915 -0.27467346 -0.43600464
-0.10418701 -0.14823914 -0.37124634
-0.121917725 -0.14761353 -0.26983643
-0.09686279 -0.21725464 -0.24479675
-0.024780273 -0.15922546 -0.27778625
0.049743652 -0.032165527 -0.3107605
0.049118042 0.005706787 -0.30160522
-0.018676758 -0.060256958 -0.2796173
-0.05899048 -0.10668945 -0.25212097
-0.00340271 -0.088974 -0.21180725
0.029571533 -0.04499817 -0.20507812
0.0002746582 -0.0034484863 -0.2099762
0.010025024 -0.015670776 -0.20263672
0.027130127 -0.04437256 -0.16720581
-0.005844116 -0.058425903 -0.10429382
-0.032714844 -0.062088013 -0.08718872
0.022247314 -0.031555176 -0.101242065
0.06378174 -0.0016326904 -0.09391785
0.002090454 -0.0413208 -0.084747314
-0.04005432 -0.04988098 -0.062149048
0.02468872 -0.055984497 -0.044418335
0.06561279 -0.030944824 -0.049316406
0.042404175 -0.006500244 -0.049316406
0.0069732666 -0.0034484863 -0.037704468
0.035079956 -0.017501831 -0.015716553
0.05218506 -0.074920654 -0.01449585
0.0002746582 -0.08163452 -0.015106201
-0.04798889 -0.027267456 0.019714355
-0.018676758 0.0093688965 0.04109192
-0.0070648193 -0.0046844482 0.03804016
-0.042495728 -0.041931152 0.023986816
-0.028442383 -0.062698364 -0.012054443
-0.00035095215 -0.048049927 -0.057266235
-0.029663086 -0.03765869 -0.07803345
-0.07609558 -0.029724121 -0.08413696
-0.07121277 -0.019943237 -0.07069397
-0.04371643 -0.050491333 -0.056030273
-0.024780273 -0.06576538 -0.048095703
-0.013168335 -0.03277588 -0.045043945
-0.0027923584 -0.013839722 -0.041381836
-0.016830444 -0.035217285 -0.036483765
-0.025390625 -0.087142944 -0.03526306
-0.0821991 -0.21725464 -0.11468506
0.03263855 -0.41212463 -0.2295227
0.24581909 0.5597687 -0.18003845
0.30569458 0.4363556 -0.045043945
0.078445435 -0.36264038 0.111328125
-0.15367126 -0.8379059 0.1308899
-0.105407715 -0.44389343 -0.004714966
-0.18421936 0.558548 -0.061523438
-0.053497314 0.5799103 0.06491089
0.24520874 -0.09629822 0.1852417
0.179245 -0.5904999 0.119277954
-0.015014648 -0.5245209 -0.005935669
-0.03517151 -0.110961914 0.00016784668
0.12609863 0.13459778 0.091171265
0.20184326 0.06678772 0.1492157
0.09310913 -0.08470154 0.17120361
-0.0027923584 -0.18977356 0.1809845
-0.00340271 -0.16900635 0.19075012
0.0839386 -0.059646606 0.23472595
0.1340332 0.025253296 0.27993774
0.09738159 0.046020508 0.312912
0.022857666 0.033187866 0.33918762
0.0002746582 -0.0004119873 0.3648529
0.030792236 -0.034606934 0.365448
0.1010437 0.020980835 0.35324097
0.16152954 0.09977722 0.38806152
0.13832092 0.11810303 0.45524597
0.082717896 0.08633423 0.5157318
0.054626465 0.051513672 0.54016113
0.06744385 0.085113525 0.5328369
0.12243652 0.104660034 0.53466797
0.1621399 0.09611511 0.5670471
0.11631775 0.10771179 0.6385193
0.054626465 0.13948059 0.6849518
0.058898926 0.16941833 0.6947174
0.110824585 0.2066803 0.7289276
0.17375183 0.2555542 0.79977417
0.20611572 0.29464722 0.887146
0.1511383 0.29525757 0.9482269
0.09677124 0.20240784 1.0050354
0.054016113 0.17552185 1.0930023
0.12669373 0.28059387 1.1931915
0.26109314 0.323349 1.3342896
0.2134552 0.26531982 1.5181732
-0.00035095215 0.10221863 1.6464539
-0.32044983 -0.28079224 1.7374725
-0.11274719 -0.05293274 1.6666107
0.26231384 0.18408203 1.6837158
0.4633026 0.18223572 1.7814484
0.37165833 0.07106018 1.8486481
0.17741394 -0.12013245 1.9360046
-0.065704346 -0.28689575 2.0557404
-0.25202942 -0.19587708 2.1003265
-0.13412476 0.09916687 2.0202942
0.07966614 0.3086853 1.9207306
0.15235901 0.416214 1.8364258
0.15968323 0.3832245 1.7338104
0.17678833 0.2408905 1.6104126
0.27270508 0.28486633 1.4668579
0.38449097 0.40948486 1.4204254
0.37594604 0.46385193 1.47052
0.3936615 0.34596252 1.5090027
0.46818542 0.1907959 1.5700836
0.4773407 0.11932373 1.6782074
0.43946838 0.1413269 1.7698517
0.36494446 0.20301819 1.8358307
0.30142212 0.28303528 1.844986
0.25743103 0.350235 1.846817
0.23361206 0.4039917 1.8981323
0.24520874 0.47485352 1.9353943
0.25987244 0.4675293 1.9299011
0.23788452 0.35328674 1.9421082
0.20428467 0.24821472 1.9555511
0.17007446 0.24516296 1.9421082
0.19207764 0.3380127 1.887146
0.24215698 0.4650879 1.8510895
0.25743103 0.50294495 1.8578186
0.21406555 0.41314697 1.8382721
0.16152954 0.41070557 1.7765656
0.16885376 0.47485352 1.7509155
0.15968323 0.5206604 1.7900085
0.14198303 0.507843 1.822998
0.18351746 0.38993835 1.8162689
0.25926208 0.40582275 1.7661743
0.28858948 0.5377655 1.7576294
0.25559998 0.46202087 1.8113861
0.20733643 0.080841064 1.8370514
0.17497253 -0.17999268 1.7765656
0.14930725 0.035629272 1.6647797
0.15420532 0.35939026 1.5352783
0.21894836 0.37405396 1.4204254
0.2690277 0.2421112 1.3898773
0.27575684 0.2543335 1.4289856
0.17068481 0.51516724 1.536499
0.046066284 0.69537354 1.6195679
0.054016113 0.5915375 1.636673
0.22444153 0.36306763 1.6030731
0.4455719 0.20484924 1.6098022
0.5011749 0.2695923 1.7142639
0.32829285 0.43147278 1.8187256
0.12669373 0.5426636 1.7350311
0.015533447 0.53349304 1.6598969
0.0027160645 0.5133362 1.6427917
-0.0009613037 0.4876709 1.6702728
-0.053497314 0.47973633 1.7209778
-0.12680054 0.5206604 1.7478485
-0.17382812 0.57380676 1.7594604
-0.18055725 0.570755 1.7631378
-0.14024353 0.4858551 1.7277069
-0.05593872 0.34230042 1.6598969
0.03201294 0.2702179 1.6305695
0.07966614 0.2732544 1.6311798
0.08944702 0.3080902 1.5774231
0.07722473 0.3514557 1.5175629
0.054016113 0.38200378 1.4497528
0.011245728 0.4235382 1.3599548
-0.05593872 0.4711914 1.3312378
-0.08648682 0.43881226 1.3336792
-0.06816101 0.3832245 1.3239136
-0.049209595 0.36795044 1.3184204
-0.037002563 0.37649536 1.3202515
-0.022949219 0.36795044 1.3110809
-0.06326294 0.33618164 1.3037567
-0.15672302 0.32641602 1.2835999
-0.20803833 0.389328 1.2316742
-0.16589355 0.3270111 1.1876831
-0.09442139 0.18347168 1.1730347
-0.018066406 0.11627197 1.1247711
0.057678223 0.11993408 1.016037
0.10533142 0.19873047 0.88468933
-0.020507812 0.2695923 0.636673
-0.109069824 0.4015503 0.57681274
-0.1640625 0.49256897 0.8486481
-0.15794373 0.5218811 0.92684937
-0.07121277 0.31907654 0.85720825
-0.021728516 0.11503601 0.7808533
0.000869751 -0.04437256 0.6348572
0.041793823 0.024032593 0.3471222
0.11143494 0.17430115 0.315979
0.20733643 0.20423889 0.34040833
0.2494812 0.16331482 0.34346008
0.21162415 0.14680481 0.28726196
0.1352539 0.084503174 0.24206543
0.086380005 0.0026550293 0.26893616
0.08088684 -0.03704834 0.35324097
0.09738159 -0.035217285 0.4497528
0.08944702 0.017913818 0.510849
0.04118347 0.10221863 0.5255127
0.0039367676 0.124816895 0.5022888
0.0002746582 0.06251526 0.46868896
0.015533447 0.017913818 0.4265442
0.019195557 0.08633423 0.38867188
-0.0052337646 0.21278381 0.38623047
-0.032714844 0.3086853 0.40150452
-0.021728516 0.33862305 0.3666687
0.010025024 0.28181458 0.27993774
0.008804321 0.15109253 0.2023468
-0.04310608 0.020980835 0.17303467
-0.102371216 0.014862061 0.20907593
-0.13595581 0.07901001 0.24694824
-0.15916443 0.14802551 0.23962402
-0.16955566 0.15841675 0.19197083
-0.17077637 0.06434631 0.14553833
-0.21476746 -0.083480835 0.123550415
-0.3014984 -0.13113403 0.104003906
-0.32104492 -0.074920654 0.115615845
-0.24958801 0.033187866 0.184021
-0.14024353 0.11444092 0.21090698
-0.08770752 0.07778931 0.19441223
-0.11213684 -0.02482605 0.16203308
-0.1335144 -0.11769104 0.14859009
-0.11579895 -0.17877197 0.12782288
-0.05593872 -0.20075989 0.047821045
0.02897644 -0.204422 -0.028549194
0.059509277 -0.11706543 -0.019989014
0.033859253 0.04724121 0.0337677
0.007598877 0.19262695 0.1186676
0.05218506 0.21217346 0.15470886
0.1486969 0.10038757 0.067352295
0.16275024 0.0105896 -0.100631714
0.1181488 -0.026672363 -0.26800537
0.1010437 -0.013839722 -0.39079285
0.13464355 -0.0016326904 -0.44638062
0.1987915 0.023422241 -0.43722534
0.2763672 -0.051101685 -0.472641
0.3276825 -0.22581482 -0.59788513
0.32034302 -0.26184082 -0.78541565
0.23483276 -0.15312195 -0.9124756
0.007598877 0.032577515 -0.8782654
-0.23553467 0.11993408 -0.7945709
-0.32533264 0.13398743 -0.6650696
-0.20681763 0.16941833 -0.48791504
0.15298462 0.0435791 -0.37002563
0.55859375 -0.28260803 -0.41156006
0.6630554 -0.4139557 -0.5349579
0.43824768 -0.27894592 -0.59176636
0.05706787 -0.0743103 -0.5276184
-0.23614502 0.056411743 -0.38591003
-0.2501831 0.10343933 -0.26005554
-0.044326782 0.15841675 -0.22096252
0.16152954 0.18896484 -0.28327942
0.19940186 0.121154785 -0.34313965
0.12365723 -0.088974 -0.3095398
0.094940186 -0.2887268 -0.22769165
0.094940186 -0.34248352 -0.2111969
0.058898926 -0.20137024 -0.26434326
0.021636963 0.04663086 -0.29733276
0.06072998 0.15597534 -0.23501587
0.16397095 0.097335815 -0.11468506
0.22077942 -0.015060425 -0.05053711
0.18717957 -0.021774292 -0.053588867
0.11999512 0.13154602 -0.033432007
0.04789734 0.36306763 0.006881714
0.03630066 0.5206604 0.056350708
0.07661438 0.4076538 0.15348816
0.08027649 -0.05659485 0.18890381
-0.013793945 -0.3217163 0.14981079
-0.2526245 -0.12867737 0.18708801
-0.431015 -0.06942749 0.3037567
-0.43589783 -0.10852051 0.4497528
-0.299057 -0.13783264 0.43510437
-0.019897461 -0.31011963 0.2194519
0.27941895 -0.5068054 0.005050659
0.32463074 -0.38035583 -0.05419922
0.11387634 0.017913818 -0.025497437
-0.0675354 0.42536926 0.14614868
-0.004623413 0.52311707 0.36790466
0.22200012 0.1773529 0.4607544
0.37716675 -0.36080933 0.30497742
0.3460083 -0.6234894 0.15409851
0.10838318 -0.20381165 0.08506775
-0.0009613037 0.04724121 0.047195435
-0.07853699 0.19018555 0.030715942
-0.09136963 0.1296997 0.04537964
-0.04798889 -0.10118103 0.036819458
0.0027160645 -0.22764587 -0.041381836
0.06867981 -0.14395142 -0.13116455
0.22749329 0.009979248 -0.14949036
0.4584198 0.014251709 -0.12934875
0.6129608 -0.13479614 -0.18309021
0.5750885 -0.20748901 -0.27412415
0.38327026 -0.16471863 -0.29244995
0.19451904 -0.07736206 -0.24845886
0.13891602 -0.10546875 -0.15744019
0.19023132 -0.18611145 -0.13484192
0.21711731 -0.13294983 -0.16783142
0.13832092 -0.06576538 -0.25579834
-0.07182312 0.11993408 -0.36817932
-0.31311035 0.31053162 -0.4561615
-0.23797607 0.10221863 -0.48608398
0.10838318 -0.2581787 -0.4873047
0.3276825 -0.3718109 -0.47875977
0.1670227 -0.08041382 -0.5019684
-0.22758484 0.3538971 -0.5001373
-0.4603424 0.5066223 -0.42134094
-0.3137207 0.3209076 -0.3608551
0.0069732666 0.013031006 -0.37734985
0.055236816 -0.11218262 -0.3425293
-0.13290405 -0.08163452 -0.26739502
-0.21720886 -0.009567261 -0.1769867
-0.12680054 0.021575928 -0.14949036
-0.016235352 0.038085938 -0.12445068
-0.030883789 0.1455841 -0.07803345
-0.09564209 0.20057678 0.00077819824
-0.10359192 0.11932373 0.08934021
-0.026611328 -0.02116394 0.1333313
0.12059021 -0.10668945 0.1162262
0.25559998 -0.10118103 0.09851074
0.231781 0.0038757324 0.14370728
0.031417847 0.17002869 0.236557
-0.109695435 0.1455841 0.28482056
-0.053497314 -0.10668945 0.20968628
0.055236816 -0.4188385 0.024597168
-0.16772461 -0.20993042 -0.0132751465
-0.5507355 0.08572388 0.184021
-0.68574524 0.18286133 0.3947754
-0.35710144 -0.10118103 0.32635498
0.15724182 -0.4713745 0.083236694
0.37287903 -0.2875061 -0.13362122
0.2629242 0.31480408 -0.19897461
0.079055786 0.76013184 -0.101242065
0.049743652 0.70210266 0.05331421
0.12121582 0.22805786 0.16998291
0.054626465 -0.24597168 0.19258118
-0.12495422 -0.41090393 0.1876831
-0.25752258 -0.30949402 0.22862244
-0.259964 -0.07858276 0.30314636
-0.14512634 0.044189453 0.3471222
-0.0009613037 0.039916992 0.2671051
0.10592651 0.004470825 0.09300232
0.16152954 -0.027893066 -0.016937256
0.19023132 -0.08409119 -0.026107788
0.1987915 -0.15127563 0.039871216
0.17619324 -0.123184204 0.11683655
0.1462555 -0.03277588 0.1522522
0.09799194 0.025863647 0.06552124
0.022247314 0.02708435 -0.08779907
-0.037612915 -0.030334473 -0.20080566
-0.061431885 -0.09692383 -0.26983643
-0.065704346 -0.08836365 -0.33459473
-0.12069702 -0.11647034 -0.4109497
-0.28379822 -0.008346558 -0.4934082
-0.5531769 0.18835449 -0.50624084
-0.8140259 0.14680481 -0.45126343
-0.94047546 0.12298584 -0.42988586
-0.6973572 0.10588074 -0.43722534
-0.24346924 -0.06881714 -0.45555115
0.09799194 -0.24841309 -0.5618286
0.21833801 -0.28933716 -0.6644592
0.070510864 -0.06637573 -0.71333313
-0.22148132 0.22805786 -0.68156433
-0.3454895 0.270813 -0.5477905
-0.21965027 0.13276672 -0.4402771
-0.052886963 0.088775635 -0.4121704
0.006378174 0.18530273 -0.43600464
0.014907837 0.1907959 -0.4738617
0.09738159 0.019760132 -0.45492554
0.2158966 -0.111572266 -0.40789795
0.22810364 -0.13417053 -0.3284912
0.04852295 -0.03643799 -0.22158813
-0.12617493 0.19384766 -0.14399719
-0.058380127 0.34657288 -0.08291626
0.42236328 0.2531128 0.023986816
0.4962921 0.13825989 0.010543823
0.42114258 0.11503601 -0.018157959
0.3166809 0.19567871 0.0154418945
0.25193787 0.23416138 0.107666016
0.347229 0.014862061 0.13148499
0.4584198 -0.42861938 0.08262634
0.21833801 -0.35775757 0.08201599
-0.23553467 -0.15249634 0.16203308
-0.5831146 -0.0046844482 0.24938965
-0.47865295 -0.091415405 0.15348816
-0.00035095215 -0.5074158 -0.11528015
0.4242096 -0.84828186 -0.35047913
0.48529053 -0.59721375 -0.43782043
0.23483276 0.28242493 -0.37612915
0.025909424 0.97943115 -0.27227783
0.05218506 0.93421936 -0.2441864
0.13098145 0.3227539 -0.29367065
0.08883667 -0.35102844 -0.32115173
-0.0021820068 -0.62776184 -0.23684692
0.014907837 -0.3834076 -0.15560913
0.14686584 0.0008087158 -0.1782074
0.2800293 0.16087341 -0.228302
0.3179016 0.008148193 -0.26800537
0.2824707 -0.14761353 -0.34191895
0.25621033 -0.06942749 -0.4133911
0.20184326 0.052734375 -0.4738617
0.1315918 0.37649536 -0.47631836
0.018585205 0.53959656 -0.36695862
-0.08403015 0.3196869 -0.38224792
-0.053497314 0.09182739 -0.5545044
0.07173157 -0.055374146 -0.6278076
0.24154663 -0.27467346 -0.604599
0.449234 -0.40907288 -0.5056305
0.7167969 -0.33821106 -0.41278076
0.9776459 -0.35836792 -0.36695862
1.1480865 -0.5966034 -0.3547516
1.0289612 -0.45489502 -0.35292053
0.23483276 0.3416748 -0.32115173
-0.38885498 0.1431427 -0.33581543
-0.5159149 -0.17816162 -0.35902405
-0.49209595 -0.18977356 -0.44210815
-0.3638153 -0.018112183 -0.5074768
-0.065704346 -0.05659485 -0.5740509
0.25743103 -0.4616089 -0.6925659
0.3142395 -0.6845703 -0.7530365
0.038742065 -0.46832275 -0.7701416
-0.37052917 -0.024230957 -0.7078247
-0.6625366 0.38383484 -0.5288391
-0.71017456 0.62023926 -0.27349854
-0.391922 0.4577484 -0.17271423
0.10411072 -0.09629822 -0.26922607
0.3411255 -0.5984497 -0.3730774
0.11387634 -0.5495758 -0.35107422
-0.19459534 -0.23924255 -0.31748962
-0.1506195 -0.09263611 -0.31932068
0.059509277 -0.110961914 -0.31748962
0.17253113 -0.16593933 -0.3070984
0.16275024 -0.20137024 -0.27716064
0.10714722 -0.18304443 -0.24967957
0.098602295 -0.20014954 -0.22525024
0.08761597 -0.23069763 -0.17149353
0.010650635 -0.18243408 -0.113464355
-0.02355957 -0.12684631 -0.09513855
0.06744385 -0.12623596 -0.12750244
0.21894836 -0.14823914 -0.18431091
0.2659912 -0.14700317 -0.20448303
0.165802 -0.10974121 -0.18981934
0.10043335 -0.071258545 -0.2087555
0.22138977 -0.11828613 -0.291214
0.3936615 -0.28567505 -0.36270142
0.19940186 -0.29605103 -0.37734985
-0.3418274 -0.12072754 -0.17576599
-0.688797 0.06556702 0.15287781
-0.5134735 0.05090332 0.10644531
-0.050430298 -0.07064819 -0.24479675
0.32156372 -0.13661194 -0.5654907
0.426651 -0.13661194 -0.6644592
0.2922516 -0.12562561 -0.5606079
0.06561279 -0.014450073 -0.32725525
-0.12680054 0.14680481 -0.04748535
-0.21965027 0.16390991 0.19685364
-0.14390564 -0.13539124 0.29826355
-0.057159424 -0.5727844 0.24145508
-0.13595581 -0.84828186 0.099731445
-0.33999634 -0.8818817 -0.017547607
-0.46888733 -0.6430359 -0.09147644
-0.38580322 -0.29545593 -0.05848694
-0.17504883 -0.107910156 -0.040161133
-0.030883789 -0.103637695 -0.09147644
-0.03211975 -0.059646606 -0.16966248
-0.13961792 -0.015060425 -0.23196411
-0.20498657 -0.0572052 -0.23501587
-0.12557983 -0.016281128 -0.24113464
-0.037612915 0.0105896 -0.228302
0.015533447 0.033187866 -0.18493652
0.02041626 0.096725464 -0.17332458
-0.02722168 0.1565857 -0.22462463
-0.081588745 0.1455841 -0.280838
-0.16467285 0.08206177 -0.3388672
-0.2312622 0.0038757324 -0.3608551
-0.101135254 -0.020553589 -0.3730774
0.17434692 0.0741272 -0.41156006
0.35884094 0.112594604 -0.47937012
0.347229 0.036865234 -0.5783386
0.22566223 -0.067596436 -0.643692
0.058898926 -0.04866028 -0.64308167
-0.11213684 0.07778931 -0.6308594
-0.14512634 0.19628906 -0.66567993
0.0033111572 0.17063904 -0.71699524
0.18351746 -0.00894165 -0.7310486
0.23971558 -0.20687866 -0.643692
0.11143494 -0.23802185 -0.511734
-0.07914734 -0.18611145 -0.4072876
-0.18971252 -0.18733215 -0.38772583
-0.18910217 -0.19770813 -0.4268341
-0.090148926 -0.20625305 -0.4781494
-0.012573242 -0.15249634 -0.46531677
-0.03211975 -0.052322388 -0.41767883
-0.0821991 -0.040100098 -0.4072876
-0.1298523 -0.07064819 -0.41583252
-0.109069824 -0.12867737 -0.41400146
-0.015014648 -0.15739441 -0.41278076
0.05645752 -0.111572266 -0.37980652
0.027130127 -0.063934326 -0.31443787
-0.06021118 -0.04071045 -0.26190186
-0.117630005 -0.042541504 -0.2111969
-0.09991455 -0.09692383 -0.1794281
-0.0009613037 -0.16900635 -0.19226074
0.10043335 -0.18548584 -0.20326233
0.102890015 -0.14761353 -0.15805054
0.02835083 -0.11584473 -0.121398926
-0.025390625 -0.107910156 -0.109802246
-0.042495728 -0.11402893 -0.09817505
-0.050430298 -0.11340332 -0.10612488
-0.030883789 -0.111572266 -0.104904175
0.014907837 -0.09692383 -0.068862915
0.011871338 -0.07247925 -0.02671814
-0.022338867 -0.06942749 -0.0065612793
-0.049819946 -0.087142944 0.014221191
-0.07853699 -0.091415405 0.016052246
-0.04676819 -0.103027344 -0.007171631
-0.007675171 -0.103027344 -0.021820068
-0.03944397 -0.0901947 -0.045043945
-0.0846405 -0.07614136 -0.04197693
-0.07853699 -0.04927063 -0.016326904
-0.04798889 -0.016281128 -0.0132751465
-0.034561157 -0.009567261 -0.021209717
-0.03944397 -0.026672363 -0.01876831
-0.056549072 -0.012008667 -0.016326904
-0.05593872 0.00021362305 -0.012664795
-0.04005432 -0.004058838 -0.0041046143
-0.057159424 -0.005279541 0.0044403076
-0.09259033 -0.0101623535 0.0154418945
-0.093811035 -0.016281128 0.028274536
-0.05227661 0.016082764 0.027038574
0.011245728 0.024642944 0.014221191
0.01612854 0.02281189 0.014221191
-0.029052734 0.017318726 0.028274536
-0.049819946 0.008148193 0.025817871
-0.029052734 -0.0028533936 0.0062713623
0.0027160645 -0.0022277832 0.00016784668
0.0027160645 0.019760132 -0.009613037
-0.018676758 0.040527344 -0.02305603
-0.016830444 0.030136108 -0.019378662
0.013687134 0.014251709 -0.021209717
0.038131714 -0.0016326904 -0.019378662
0.02897644 -0.009567261 -0.016326904
0.0069732666 0.0038757324 -0.016326904
0.0027160645 0.03440857 -0.0022735596
0.0051574707 0.0423584 0.019104004
-0.00035095215 0.019134521 0.022766113
-0.007675171 0.015472412 0.00077819824
-0.00340271 0.018539429 -0.020599365
0.008804321 0.008758545 -0.017547607
0.021636963 -0.010787964 -0.020599365
0.0033111572 0.0014343262 -0.021209717
-0.025390625 0.03074646 -0.012054443
-0.022949219 0.030136108 -0.016326904
0.0033111572 -0.00894165 -0.019989014
0.01675415 -0.021774292 -0.0077819824
-0.0009613037 0.0105896 -0.0053253174
-0.01133728 0.011810303 -0.010223389
-0.013168335 -0.0022277832 -0.0065612793
-0.010116577 -0.0059051514 -0.0010528564
0.017364502 -0.012008667 -0.016937256
-0.0070648193 0.0063171387 -0.02243042
-0.018676758 0.018539429 -0.026107788
-0.007675171 0.017318726 -0.027938843
-0.0021820068 0.017913818 -0.026107788
-0.014389038 0.025253296 -0.02305603
-0.0070648193 0.025253296 -0.027328491
0.017974854 0.027694702 -0.031600952
0.01612854 0.020980835 -0.020599365
-0.016235352 0.003250122 -0.0053253174
-0.037612915 -0.0022277832 0.0062713623
-0.027832031 0.004470825 -0.0022735596
-0.016235352 0.02281189 -0.0010528564
-0.010726929 0.026473999 0.0044403076
0.0033111572 0.013031006 -0.0022735596
0.006378174 0.009979248 0.00077819824
-0.00340271 0.026473999 0.009933472
-0.0070648193 0.037460327 0.0013885498
0.011245728 0.0093688965 -0.019989014
0.04852295 -0.005279541 -0.048095703
0.07417297 0.017913818 -0.07008362
0.049743652 0.041748047 -0.052978516
-0.00340271 0.07472229 -0.013885498
-0.00035095215 0.0912323 -0.0028839111
0.054626465 0.04663086 -0.019989014
0.08332825 0.016082764 -0.033432007
0.058288574 0.027694702 -0.03404236
0.012466431 0.05885315 -0.031600952
-0.019897461 0.0423584 -0.019378662
-0.03944397 0.0093688965 -0.02243042
-0.05227661 -0.0046844482 -0.03526306
-0.0675354 0.014862061 -0.037704468
-0.06997681 0.036865234 -0.02243042
-0.069381714 0.05456543 -0.012664795
-0.05899048 0.06312561 -0.024276733
-0.03149414 0.029525757 -0.044418335
-0.022949219 -0.0004119873 -0.05970764
-0.032714844 0.0093688965 -0.064590454
-0.054107666 -0.006500244 -0.05114746
-0.09259033 -0.022994995 -0.027328491
-0.089523315 -0.017501831 -0.024871826
-0.06021118 -0.01689148 -0.024871826
-0.054107666 -0.009567261 -0.023651123
-0.053497314 -0.0059051514 -0.028549194
-0.03149414 -0.01322937 -0.036483765
0.014907837 -0.031555176 -0.043823242
0.03996277 -0.027893066 -0.046875
0.013687134 -0.006500244 -0.039535522
-0.026000977 -0.0059051514 -0.025497437
-0.03883362 -0.004058838 -0.015716553
-0.012573242 -0.00894165 -0.019378662
0.017974854 -0.0071258545 -0.032211304
0.014907837 0.008758545 -0.027938843
-0.010726929 0.015472412 -0.021209717
-0.0052337646 -0.006500244 -0.026107788
0.037521362 -0.018112183 -0.029159546
0.062561035 -0.0071258545 -0.027328491
0.04789734 -0.0010070801 -0.03404236
0.019805908 -0.022384644 -0.037094116
0.0033111572 -0.039489746 -0.03526306
0.0002746582 -0.03338623 -0.026107788
-0.012573242 -0.018112183 -0.016937256
-0.016830444 -0.022384644 -0.012054443
0.006378174 -0.055984497 -0.01083374
0.027130127 -0.103027344 -0.01876831
0.06990051 -0.11218262 -0.06947327
0.14198303 -0.123184204 -0.14949036
0.26109314 0.1101532 -0.1281128
0.15420532 0.18652344 -0.048095703
-0.06448364 -0.031555176 -0.009613037
-0.3112793 -0.19465637 -0.021820068
-0.33265686 -0.24841309 -0.0077819824
-0.20986938 -0.10180664 0.048416138
-0.14451599 0.035629272 0.042922974
0.025909424 -0.023605347 0.027038574
0.3136444 -0.020553589 0.028274536
0.40525818 0.013031006 0.018493652
0.22993469 0.014251709 -0.017547607
-0.026611328 -0.012619019 0.0044403076
-0.18849182 -0.051101685 0.028869629
-0.15428162 -0.039489746 0.027038574
0.01612854 0.027694702 0.026428223
0.16091919 0.0435791 0.035598755
0.15174866 0.020355225 0.051483154
0.01675415 0.024032593 0.063690186
-0.08892822 0.019760132 0.06796265
-0.081588745 0.019134521 0.07467651
-0.010116577 0.031967163 0.0856781
0.05340576 0.05885315 0.09300232
0.06011963 0.07106018 0.11439514
0.015533447 0.072906494 0.14065552
-0.00035095215 0.072906494 0.16020203
0.049743652 0.038085938 0.24816895
0.011245728 0.040527344 0.3282013
-0.018676758 0.085113525 0.3935547
-0.00035095215 0.16268921 0.4570923
0.062561035 0.20118713 0.5022888
0.1169281 0.21522522 0.49923706
0.15724182 0.21583557 0.5041199
0.15846252 0.1761322 0.5548248
0.08088684 0.14987183 0.626297
-0.0021820068 0.19140625 0.69166565
0.031417847 0.18774414 0.7191467
0.11753845 0.14498901 0.7197571
0.13464355 0.08023071 0.716095
0.09677124 0.019760132 0.7490845
0.066833496 0.07962036 0.807724
0.06744385 0.18164062 0.84742737
0.05645752 0.23110962 0.8407135
0.03630066 0.20851135 0.84254456
0.013092041 0.16758728 0.9091339
-0.015014648 0.1724701 1.0007629
-0.004623413 0.19628906 1.0936127
0.025299072 0.1920166 1.1406555
0.013092041 0.20851135 1.1534882
-0.013168335 0.2543335 1.1913452
-0.017456055 0.2909851 1.2524414
-0.020507812 0.33496094 1.3275757
-0.007675171 0.38078308 1.3990479
0.06378174 0.4039917 1.4082031
0.12731934 0.36306763 1.4149323
0.10592651 0.36306763 1.4558563
0.049118042 0.39726257 1.5224457
0.021026611 0.45224 1.5951385
0.03630066 0.48034668 1.6470642
0.045455933 0.49623108 1.6769867
0.014312744 0.4986725 1.7130432
-0.029052734 0.47729492 1.7796173
-0.024780273 0.4052124 1.8425446
0.0082092285 0.40338135 1.8413086
0.027740479 0.47302246 1.8284912
0.01675415 0.4895172 1.8669739
-0.016235352 0.4858551 1.8816376
-0.026611328 0.4650879 1.8376465
-0.011947632 0.4394226 1.7991638
0.012466431 0.40582275 1.7655792
0.011245728 0.41377258 1.7466278
0.01612854 0.44552612 1.7503052
0.06500244 0.4540863 1.7435913
0.1181488 0.4479828 1.7264862
0.11387634 0.46568298 1.7319641
0.07417297 0.4528656 1.7484741
0.035690308 0.4088745 1.741745
0.01675415 0.44369507 1.7338104
0.013687134 0.57624817 1.728302
0.03201294 0.63856506 1.7020416
0.058898926 0.5695343 1.6708832
0.06378174 0.42536926 1.6293488
0.02897644 0.29830933 1.589035
-0.021118164 0.26531982 1.5804901
-0.077926636 0.3184662 1.5810852
-0.08830261 0.3563385 1.5419922
-0.04798889 0.3392334 1.4955597
-0.015609741 0.2879181 1.443039
-0.015609741 0.22805786 1.3739929
-0.03211975 0.18408203 1.3245239
-0.0027923584 0.15597534 1.2591705
0.08456421 0.15414429 1.1766968
0.17434692 0.2066803 1.1125488
0.21650696 0.16819763 1.0917816
0.1462555 0.023422241 1.078949
0.022247314 -0.022994995 0.9952698
-0.085861206 0.17796326 0.8712616
-0.20010376 0.47790527 0.807724
-0.24958801 0.4846344 0.81140137
-0.1335144 0.2054596 0.76068115
0.08822632 0.015472412 0.6629486
0.26109314 0.008758545 0.61531067
0.27819824 0.0765686 0.66722107
0.179245 0.105270386 0.7661896
0.06439209 0.112594604 0.83154297
0.03201294 0.10588074 0.8669739
0.06378174 0.12237549 0.90364075
0.099823 0.1773529 0.926239
0.086380005 0.23478699 0.9610596
0.010650635 0.3032074 1.0166473
-0.06326294 0.36367798 1.0361938
-0.09259033 0.32763672 1.0032043
-0.057159424 0.23478699 0.9616699
0.05218506 0.16390991 0.9091339
0.18412781 0.15170288 0.848053
0.22993469 0.19873047 0.8223877
0.14808655 0.2561493 0.84620667
0.031417847 0.23294067 0.8529358
-0.03883362 0.17979431 0.80711365
-0.030883789 0.11503601 0.6849518
-0.004623413 0.109558105 0.63912964
0.010650635 0.112594604 0.60491943
0.015533447 0.12054443 0.549942
0.04423523 0.08633423 0.4741974
0.062561035 0.07044983 0.4106598
0.07661438 0.013031006 0.342865
0.08027649 -0.0059051514 0.28482056
0.09005737 0.055786133 0.25672913
0.118774414 0.11199951 0.24450684
0.13098145 0.1455841 0.23899841
0.07661438 0.19384766 0.25549316
-0.014389038 0.23171997 0.276886
-0.049819946 0.15719604 0.27566528
0.019195557 0.028305054 0.2658844
0.13220215 -0.083480835 0.22740173
0.12731934 0.03930664 0.21029663
-0.08403015 0.3600006 0.302536
-0.46766663 0.5261688 0.47297668
-0.7291107 0.28364563 0.5157318
-0.5678406 -0.12745667 0.35202026
-0.1005249 -0.28016663 0.06430054
0.38571167 -0.123184204 -0.15744019
0.6496124 0.07595825 -0.17454529
0.59646606 0.33129883 -0.028549194
0.37165833 0.570755 0.1492157
0.022857666 0.6581116 0.4002838
-0.2526245 0.44735718 0.6507416
-0.22148132 0.05885315 0.7167053
0.01675415 -0.15312195 0.57559204
0.2134552 -0.01322937 0.42471313
0.23544312 0.1578064 0.3831787
0.08883667 0.10343933 0.40272522
-0.038223267 -0.09446716 0.4118805
-0.017456055 -0.15800476 0.302536
0.04789734 -0.018112183 0.15409851
0.043014526 0.14498901 0.104003906
-0.07426453 0.14680481 0.16998291
-0.18971252 0.027694702 0.2646637
-0.20864868 -0.01322937 0.3013153
-0.13839722 0.03074646 0.2341156
-0.0021820068 0.097335815 0.08811951
0.15846252 0.14865112 -0.029159546
0.2659912 0.10649109 -0.057266235
0.27331543 0.048461914 -0.07437134
0.21772766 0.003250122 -0.12261963
0.21162415 -0.11891174 -0.21180725
0.20855713 -0.2032013 -0.29060364
0.09921265 -0.022384644 -0.26005554
-0.14512634 -0.08592224 -0.17637634
-0.43711853 -0.20748901 -0.162323
-0.5996094 -0.079818726 -0.20204163
-0.63687134 0.4986725 -0.17454529
-0.35464478 1.1486359 -0.20570374
0.049743652 1.0594482 -0.33276367
0.2861328 0.16819763 -0.4940338
0.4449768 -1.0462036 -0.56977844
0.66793823 -1.5898743 -0.54045105
0.64656067 -0.5966034 -0.36817932
0.066223145 0.82670593 -0.3455963
-0.15490723 0.4333191 -0.3266449
-0.17016602 -0.035827637 -0.31443787
-0.299057 0.06983948 -0.30648804
-0.50553894 0.594574 -0.27105713
-0.41818237 0.47973633 -0.22891235
-0.15979004 -0.19770813 -0.16783142
-0.05166626 -0.66197205 -0.039535522
-0.30271912 -0.44511414 0.091171265
-0.5342407 -0.12745667 0.16264343
-0.4084015 0.100997925 0.12171936
-0.05593872 0.25004578 0.08934021
0.22200012 0.10343933 0.09422302
0.15846252 -0.05781555 0.091171265
-0.07609558 -0.08653259 0.12049866
-0.22453308 -0.0718689 0.1846466
-0.1347351 -0.043151855 0.24389648
0.1633606 -0.0101623535 0.24572754
0.36738586 -0.103637695 0.21885681
0.20916748 -0.24107361 0.22984314
-0.35647583 -0.088974 0.3630066
-0.78286743 -0.12194824 0.5529938
-0.8958893 -0.095077515 0.63423157
-0.817688 0.31175232 0.5853729
-0.7083435 0.6171875 0.5554352
-0.5220337 0.4699707 0.521225
-0.20010376 0.056411743 0.38623047
0.10714722 -0.4176178 0.170578
0.1486969 -0.465271 0.0019989014
-0.0663147 0.064956665 -0.027328491
-0.22880554 0.5964203 0.13882446
-0.2300415 0.558548 0.3086548
-0.12802124 0.32029724 0.26649475
-0.0027923584 0.040527344 0.060638428
-0.15672302 0.10404968 0.11317444
-0.27157593 0.16758728 0.20663452
-0.18666077 0.07350159 0.23718262
0.02468872 -0.2581787 0.14126587
0.17619324 -0.517807 0.04475403
0.02468872 -0.36691284 0.0337677
-0.34121704 -0.14334106 0.016662598
-0.4963684 -0.12745667 -0.021209717
-0.38336182 -0.11706543 -0.031600952
-0.12435913 -0.018112183 -0.032821655
0.09310913 -0.059646606 -0.015106201
0.22749329 0.008148193 -0.0010528564
0.3582306 0.14376831 0.0032196045
0.43275452 0.2592163 0.028869629
0.41687012 0.336792 0.06613159
0.3399048 0.3080902 0.12049866
0.18901062 0.29830933 0.20541382
-0.022949219 0.31480408 0.34040833
-0.19032288 0.28547668 0.5749817
-0.22697449 0.32029724 0.6873932
-0.15979004 0.23538208 0.4913025
-0.08770752 -0.08163452 0.11378479
-0.06692505 -0.2190857 -0.24601746
-0.06997681 -0.21542358 -0.4133911
-0.1469574 -0.26368713 -0.2955017
-0.3161621 -0.4035797 -0.100631714
-0.48110962 -0.48542786 -0.06764221
-0.52020264 -0.4194641 -0.21424866
-0.4132843 -0.30400085 -0.37062073
-0.27279663 -0.15493774 -0.42744446
-0.20193481 0.017318726 -0.46287537
-0.16894531 0.0435791 -0.46348572
-0.15794373 -0.019943237 -0.3975067
-0.259964 0.015472412 -0.30038452
-0.38519287 -0.00894165 -0.1794281
-0.47621155 -0.18304443 -0.027938843
-0.4951477 -0.4689331 0.056350708
-0.4108429 -0.5880432 0.03437805
-0.29112244 -0.48664856 -0.024871826
-0.18177795 -0.36264038 -0.028549194
-0.19276428 -0.27650452 0.058792114
-0.30212402 -0.21176147 0.15653992
-0.4261322 -0.09385681 0.22496033
-0.4572754 0.0050964355 0.22312927
-0.35159302 0.06800842 0.1663208
-0.20986938 0.18896484 0.115615845
-0.17138672 0.24333191 0.12721252
-0.25691223 0.14680481 0.16325378
-0.35954285 0.03930664 0.1834259
-0.3479309 -0.03643799 0.19075012
-0.23736572 -0.059036255 0.15531921
-0.15000916 -0.015060425 0.1333313
-0.1151886 -0.018722534 0.1357727
-0.1164093 -0.055374146 0.1333313
-0.17382812 -0.12989807 0.123550415
-0.26791382 -0.22642517 0.09790039
-0.25935364 -0.18182373 0.048416138
-0.14205933 -0.07369995 0.011169434
-0.05532837 0.0026550293 0.00932312
-0.058380127 0.038085938 0.036819458
-0.11701965 0.021575928 0.08995056
-0.15245056 -0.01322937 0.12416077
-0.113967896 -0.0572052 0.11193848
-0.022338867 -0.055374146 0.07467651
0.05218506 0.02281189 0.026428223
0.079055786 0.064956665 0.014221191
0.04789734 0.032577515 0.036819458
0.009429932 0.024642944 0.04170227
-0.021728516 0.053344727 0.031936646
-0.042495728 0.08694458 0.031936646
-0.041275024 0.116882324 0.04537964
0.0033111572 0.104660034 0.055755615
0.035079956 0.08328247 0.071014404
0.06072998 0.05090332 0.08018494
0.07661438 0.05090332 0.07345581
0.055847168 0.0900116 0.07284546
0.01675415 0.0942688 0.07711792
0.0002746582 0.09794617 0.07284546
0.031417847 0.11381531 0.062469482
0.06072998 0.1272583 0.044143677
0.04484558 0.11566162 0.028274536
0.0014953613 0.093673706 0.023986816
-0.030883789 0.0912323 0.030090332
-0.036392212 0.06739807 0.027038574
-0.0052337646 0.06312561 0.0044403076
0.02041626 0.06434631 -0.0034942627
-0.008285522 0.038085938 0.01727295
-0.044326782 0.015472412 0.027038574
-0.037612915 0.03135681 0.03742981
-0.011947632 0.0423584 0.04475403
-0.0027923584 0.020355225 0.052078247
-0.020507812 0.008758545 0.04597473
-0.037002563 0.032577515 0.03253174
-0.057769775 0.032577515 0.03315735
-0.065704346 0.012420654 0.028869629
-0.029663086 0.004470825 0.02949524
0.027130127 0.0105896 0.023376465
0.043014526 0.029525757 0.011169434
0.0045318604 0.024642944 0.014221191
-0.036392212 0.018539429 0.0154418945
-0.026611328 0.03135681 0.016662598
0.0057525635 0.035629272 0.018493652
-0.00340271 0.03074646 0.022766113
-0.02722168 0.017318726 0.014221191
-0.010116577 0.02281189 0.00016784668
0.027130127 0.048461914 -0.004714966
0.02407837 0.035629272 -0.005935669
-0.00035095215 -0.0028533936 -0.0065612793
-0.014389038 0.0008087158 0.00016784668
-0.021728516 0.0423584 0.012390137
-0.028442383 0.030136108 0.023986816
-0.019897461 -0.019332886 0.01361084
0.021636963 -0.010787964 0.0013885498
0.049743652 0.024642944 -0.00044250488
0.019805908 0.0093688965 0.0062713623
-0.02722168 -0.02482605 0.019714355
-0.03944397 -0.047439575 0.020935059
-0.021728516 -0.038269043 0.0129852295
0.010650635 -0.0028533936 0.008712769
0.03201294 -0.011383057 0.0013885498
0.015533447 -0.022384644 0.002609253
-0.016235352 -0.004058838 0.012390137
-0.03517151 0.0105896 0.020935059
-0.025390625 0.008148193 0.031311035
0.0014953613 -0.0022277832 0.03804016
0.006378174 -0.02116394 0.02520752
-0.007675171 -0.03704834 0.012390137
-0.016235352 -0.04559326 0.0129852295
-0.019897461 -0.03277588 0.008712769
-0.020507812 -0.018722534 0.008712769
-0.013793945 -0.0028533936 0.0062713623
-0.0009613037 0.00021362305 0.0044403076
0.002090454 -0.005279541 0.011764526
-0.0070648193 -0.0028533936 0.026428223
-0.015609741 -0.005279541 0.040481567
-0.00340271 -0.019943237 0.042922974
0.012466431 -0.02116394 0.043533325
0.013687134 -0.021774292 0.036209106
0.0039367676 -0.018112183 0.0154418945
0.013092041 -0.0077209473 0.005050659
0.042404175 0.0008087158 0.0129852295
0.04789734 0.0008087158 0.0178833
0.026519775 -0.0101623535 0.024597168
0.02407837 -0.030944824 0.026428223
0.04423523 -0.024230957 0.012390137
0.050338745 0.008148193 0.0032196045
0.03630066 0.003250122 0.0062713623
0.017364502 -0.0046844482 0.0074920654
0.022247314 0.0063171387 -0.00044250488
0.041793823 0.008148193 -0.012664795
0.06378174 -0.0034484863 -0.009002686
0.07356262 -0.0028533936 -0.0053253174
0.071121216 0.011199951 -0.009613037
0.05706787 0.025253296 -0.008392334
0.029571533 0.014862061 -0.008392334
0.012466431 0.0050964355 -0.004714966
0.012466431 0.0069274902 -0.004714966
0.014312744 0.0038757324 -0.007171631
0.025299072 -0.006500244 -0.0065612793
0.027130127 0.005706787 0.0032196045
0.010650635 0.016693115 0.0129852295
0.015533447 0.00021362305 0.014221191
0.014907837 0.004470825 0.012390137
-0.00035095215 0.025253296 0.020935059
-0.007675171 0.0069274902 0.023376465
0.007598877 -0.016281128 0.011169434
0.0033111572 -0.005279541 0.008102417
-0.049819946 0.02281189 0.01727295
-0.0846405 0.031967163 0.02520752
-0.06265259 0.017318726 0.018493652
-0.041885376 0.013641357 0.019714355
-0.04676819 0.0105896 0.01727295
-0.044937134 0.012420654 0.014221191
-0.054718018 0.03440857 0.01727295
-0.06997681 0.072906494 0.020935059
-0.08526611 0.08206177 0.016052246
-0.09074402 0.07044983 0.0154418945
-0.057769775 0.0093688965 0.00932312
-0.033340454 -0.014450073 -0.012054443
-0.02722168 -0.0046844482 -0.031600952
-0.034561157 0.008758545 -0.031600952
-0.060821533 0.014251709 -0.029769897
-0.08648682 0.015472412 -0.03404236
-0.09136963 0.037460327 -0.0309906
-0.12251282 0.18408203 -0.0010528564
-0.13534546 0.20179749 -0.005935669
-0.12069702 0.14376831 -0.009002686
-0.085861206 0.08389282 0.006881714
-0.05532837 0.05456543 0.023376465
-0.03211975 0.0093688965 0.018493652
-0.025390625 0.003250122 -0.0065612793
-0.026611328 0.068618774 -0.0309906
-0.004623413 0.11566162 -0.02243042
-0.0052337646 0.07106018 0.005050659
-0.052886963 -0.005279541 0.016662598
-0.049819946 -0.034606934 0.00932312
0.000869751 -0.0022277832 0.0056610107
0.014907837 0.03440857 0.0044403076
-0.025390625 0.03440857 0.012390137
-0.06265259 0.016693115 0.02154541
-0.060821533 0.021575928 0.030715942
-0.04005432 0.013641357 0.030090332
-0.019897461 0.033187866 0.030715942
-0.018066406 0.04296875 0.03315735
-0.01928711 0.028305054 0.0154418945
-0.0052337646 0.030136108 -0.0022735596
-0.0009613037 0.0594635 0.0032196045
-0.03883362 0.045410156 0.014221191
-0.057769775 -0.011383057 0.012390137
-0.014389038 -0.019943237 0.008102417
0.017974854 0.007537842 0.0056610107
0.0033111572 -0.03704834 0.0013885498
-0.010726929 -0.05659485 -0.004714966
0.02041626 -0.026672363 -0.01449585
0.054016113 -0.0028533936 -0.01876831
0.037521362 -0.0071258545 -0.011444092
0.0039367676 -0.013839722 0.00016784668
-0.010116577 -0.006500244 0.00932312
-0.008285522 -0.0077209473 0.008712769
-0.005844116 -0.0077209473 0.003829956
-0.01133728 -0.0016326904 0.0032196045
-0.019897461 -0.0101623535 -0.0034942627
-0.004623413 -0.01322937 -0.011444092
0.0014953613 0.0105896 -0.012054443
-0.021118164 -0.0028533936 -0.008392334
-0.024169922 -0.0101623535 0.0019989014
-0.008895874 0.002029419 0.0056610107
-0.00340271 0.004470825 0.0019989014
-0.008285522 0.0105896 0.0062713623
-0.016235352 0.014251709 0.0074920654
-0.022338867 0.00021362305 0.01361084
-0.03517151 -0.004058838 0.0032196045
-0.033340454 0.019134521 -0.001663208
-0.01133728 0.033187866 0.002609253
-0.029663086 0.032577515 -0.0022735596
-0.05593872 0.025863647 -0.0041046143
-0.041275024 -0.004058838 0.0019989014
-0.009506226 -0.018112183 0.0056610107
0.010025024 -0.01322937 -0.007171631
0.008804321 -0.0071258545 -0.015716553
-0.010116577 -0.020553589 -0.019378662
-0.01928711 -0.013839722 -0.016326904
-0.009506226 0.005706787 -0.015716553
0.002090454 0.018539429 -0.012664795
-0.004623413 0.013641357 -0.008392334
-0.011947632 0.00021362305 0.00016784668
-0.013793945 0.003250122 0.008712769
-0.015014648 0.005706787 0.008102417
-0.008285522 0.019760132 0.002609253
-0.015609741 0.018539429 -0.00044250488
-0.040664673 0.03135681 -0.0053253174
-0.04676819 0.05517578 -0.0065612793
-0.033935547 0.03440857 -0.0034942627
-0.028442383 0.009979248 -0.009613037
-0.036392212 0.039916992 -0.017547607
-0.03149414 0.052124023 -0.016937256
-0.040664673 0.033798218 -0.015106201
-0.053497314 0.037460327 -0.019989014
-0.040664673 0.049682617 -0.019989014
-0.019897461 0.022201538 -0.0132751465
-0.024169922 0.004470825 -0.0034942627
-0.049209595 -0.0034484863 -0.001663208
-0.058380127 -0.015060425 0.0032196045
-0.062042236 -0.005279541 -0.0028839111
-0.060821533 0.021575928 -0.007171631
-0.06265259 0.028305054 -0.012664795
-0.07487488 0.03074646 -0.013885498
-0.07975769 0.046020508 -0.005935669
-0.054107666 0.0435791 -0.009002686
-0.026000977 0.039916992 -0.017547607
-0.024780273 0.02708435 -0.020599365
-0.05104065 0.019134521 -0.015716553
-0.056549072 0.03135681 -0.004714966
-0.018676758 0.014862061 -0.0041046143
-0.005844116 0.011810303 -0.019989014
-0.01928711 0.019134521 -0.02243042
-0.024780273 -0.0016326904 -0.016937256
-0.009506226 0.038085938 -0.0022735596
-0.026000977 0.03074646 0.00077819824
-0.03883362 0.0069274902 0.0056610107
-0.01133728 -0.0028533936 0.0019989014
0.0082092285 0.0038757324 -0.007171631
0.007598877 0.0038757324 -0.012054443
0.019195557 0.0014343262 -0.01083374
0.03263855 0.011199951 -0.009613037
0.019195557 0.03074646 -0.009613037
-0.011947632 0.02708435 -0.0034942627
-0.02355957 -0.0028533936 0.003829956
-0.015014648 -0.005279541 0.002609253
-0.007675171 0.007537842 -0.007171631
-0.013793945 0.02281189 -0.0065612793
-0.03517151 0.008148193 -0.01083374
-0.03944397 -0.011383057 -0.011444092
-0.033340454 -0.022994995 -0.0034942627
-0.030883789 -0.012008667 -0.011444092
0.006378174 0.017318726 -0.01876831
0.02897644 0.020355225 -0.01449585
-0.00035095215 -0.00894165 -0.015106201
-0.009506226 -0.041931152 -0.0077819824
0.06929016 -0.04866028 -0.011444092
0.22383118 0.1113739 -0.05114746
0.2122345 0.22988892 -0.11895752
0.102890015 0.060073853 -0.09573364
0.013687134 -0.042541504 -0.030380249
-0.13902283 -0.1402893 0.06491089
-0.20071411 -0.31559753 0.1663208
0.017974854 -0.14334106 0.16203308
0.17556763 0.24272156 0.09422302
0.1486969 0.08572388 0.052703857
0.066833496 -0.17510986 0.06552124
0.026519775 -0.17694092 0.059417725
0.014312744 -0.059646606 0.003829956
0.0002746582 -0.02911377 -0.027938843
0.06378174 -0.111572266 0.011169434
0.1303711 -0.079193115 0.035598755
0.074783325 0.036239624 0.00016784668
-0.016830444 0.060684204 -0.032821655
-0.026611328 0.0594635 -0.032821655
0.02835083 0.024032593 0.019714355
0.030197144 -0.024230957 0.039871216
-0.005844116 -0.031555176 0.030090332
-0.00035095215 -0.0004119873 0.031936646
0.02897644 -0.0010070801 0.016052246
0.025299072 -0.005279541 -0.0022735596
0.0033111572 -0.015670776 -0.009002686
0.010650635 0.0105896 -0.030380249
0.022247314 0.0435791 -0.05053711
0.02835083 0.030136108 -0.053588867
0.041793823 0.0038757324 -0.027938843
0.038742065 -0.01689148 -0.0034942627
0.059509277 -0.054153442 -0.0010528564
0.09310913 -0.035827637 -0.005935669
0.11204529 -0.019332886 -0.0132751465
0.115097046 0.016082764 -0.04260254
0.13587952 0.0765686 -0.072525024
0.15480042 0.07472229 -0.05848694
0.16519165 0.011199951 -0.056030273
0.19085693 0.044799805 -0.10307312
0.22261047 0.13154602 -0.13484192
0.18840027 0.093048096 -0.09451294
0.1157074 -0.011383057 -0.049926758
0.106552124 0.0050964355 -0.053588867
0.17253113 0.121154785 -0.08106995
0.23239136 0.14802551 -0.09635925
0.21038818 0.09611511 -0.09024048
0.15420532 0.019134521 -0.040756226
0.08578491 -0.058425903 0.019104004
0.031417847 -0.0718689 0.04475403
0.046676636 0.008758545 0.027648926
0.1010437 0.07167053 -0.012664795
0.16519165 0.09060669 -0.032821655
0.179245 0.060073853 -0.025497437
0.13647461 0.009979248 -0.024276733
0.09738159 -0.013839722 -0.016937256
0.066223145 -0.04499817 -0.0077819824
0.074783325 -0.014450073 -0.024276733
0.106552124 0.036239624 -0.03892517
0.091278076 0.024642944 -0.016326904
0.03630066 -0.017501831 0.016662598
0.010650635 -0.032165527 0.05331421
0.021636963 -0.011383057 0.071624756
0.018585205 -0.013839722 0.050857544
0.014907837 -0.043151855 0.02154541
0.043014526 -0.020553589 -0.004714966
0.08578491 0.017318726 -0.053588867
0.09921265 0.040527344 -0.08657837
0.08088684 0.049072266 -0.07862854
0.07417297 0.004470825 -0.051757812
0.07173157 -0.027893066 -0.04260254
0.025909424 0.033187866 -0.036483765
-0.05166626 0.064956665 -0.0010528564
-0.16223145 0.048461914 0.0062713623
-0.17811584 0.013031006 -0.016326904
-0.08280945 0.016082764 -0.037094116
0.13464355 -0.06576538 -0.024276733
