0.17706299 3.419342 9.693329
0.14117432 3.4073792 9.698105
0.22253418 3.4073792 9.525833
0.17228699 3.345169 9.427719
0.057434082 3.3260193 9.379868
0.15074158 3.345169 9.358322
0.26081848 3.328415 9.454041
0.19621277 3.349945 9.659821
0.2368927 3.373886 9.683746
0.28474426 3.373886 9.571289
0.2368927 3.397812 9.549759
0.24406433 3.4121704 9.547363
0.22013855 3.402588 9.583252
0.1651001 3.4097748 9.609573
0.20578003 3.4121704 9.497116
0.2536316 3.4217377 9.525833
0.20817566 3.460022 9.485153
0.1531372 3.4791565 9.540192
0.18664551 3.4552307 9.6957245
0.22253418 3.4528503 9.734009
0.24406433 3.534195 9.516251
0.30389404 3.6179504 9.293716
0.22732544 3.7136536 9.267395
0.20100403 3.7016907 9.549759
0.31825256 3.6586304 9.521042
0.3014984 3.723236 9.305695
0.3134613 3.8213348 9.109482
0.2416687 3.9026947 9.052048
0.114852905 3.8763733 9.477966
0.3134613 3.8452606 9.609573
0.42591858 3.9146576 9.320038
0.31825256 4.0486603 9.293716
0.37088013 4.0366974 9.501892
0.41156006 4.003189 9.511475
0.36849976 3.9577332 9.384644
0.19142151 3.900299 9.470795
0.124420166 3.8069763 9.571289
0.21534729 3.7926178 9.418152
0.29910278 3.8692017 9.183655
0.22970581 3.9960175 9.116653
0.3134613 3.9457703 9.18605
0.33259583 4.003189 9.008972
0.25125122 4.146759 8.678772
0.21296692 4.2305145 8.745773
0.4139557 4.2233276 8.712265
0.40438843 4.3549347 8.496918
0.31585693 4.319046 8.659622
0.2416687 4.2352905 9.044876
0.43788147 4.240082 9.291336
0.4905243 4.268799 9.399002
0.43788147 4.342972 9.365509
0.38285828 4.3501587 9.238693
0.26081848 4.347763 9.202789
0.26560974 4.2927246 9.152542
0.2536316 4.2927246 9.0759735
0.3062744 4.3166504 9.087936
0.35414124 4.2807617 9.064011
0.22013855 4.340576 9.097519
0.29431152 4.393219 9.12384
0.41156006 4.4650116 9.0759735
0.41156006 4.515259 9.133408
0.43070984 4.4027863 9.355942
0.35653687 4.290329 9.367905
0.279953 4.2520447 9.250656
0.2871399 4.1802673 9.387039
0.34934998 4.1802673 9.315262
0.33738708 4.3262177 8.975479
0.3756714 4.3980103 8.729019
0.3517456 4.3956146 8.822342
0.33259583 4.2927246 9.114258
0.34217834 4.3262177 9.085556
0.3062744 4.4530487 8.963516
0.44984436 4.4697876 9.059235
0.47138977 4.47937 9.126221
0.31585693 4.512863 9.111862
0.33021545 4.455429 9.099899
0.34695435 4.4482574 9.028122
0.34934998 4.4243317 9.078369
0.36849976 4.2927246 9.341583
0.4091797 4.2998962 9.22673
0.34217834 4.3573303 8.970688
0.2536316 4.4195404 8.961121
0.31825256 4.467407 9.020935
0.4091797 4.5272217 8.877365
0.3397827 4.587036 8.702698
0.22492981 4.587036 8.843872
0.33499146 4.5631104 8.894119
0.38523865 4.587036 8.724228
0.2871399 4.6612244 8.645264
0.33499146 4.72583 8.779266
0.4283142 4.8382874 8.956329
0.49771118 4.943573 9.138184
0.69869995 4.8023987 9.260223
0.52163696 4.646866 9.207581
0.22732544 4.5750732 8.941986
0.13639832 4.58226 8.664413
0.15792847 4.6636047 8.645264
0.3397827 4.689926 8.798416
0.45224 4.7162476 8.975479
0.4283142 4.675583 9.109482
0.34934998 4.651642 9.171692
0.34695435 4.606186 8.965912
0.35414124 4.6588287 8.7960205
0.2871399 4.692322 8.73381
0.2632141 4.7019043 8.769699
0.3397827 4.689926 8.901306
0.3254242 4.6779633 8.915665
0.24885559 4.7162476 8.901306
0.36610413 4.6540375 8.908478
0.3134613 4.6995087 8.896515
0.33499146 4.680359 8.93959
0.44506836 4.6779633 8.949158
0.32781982 4.7162476 8.831909
0.34217834 4.742569 8.915665
0.43070984 4.7234344 8.98027
0.3900299 4.6660004 8.989838
0.2871399 4.6301117 8.949158
0.24406433 4.6085815 8.896515
0.27038574 4.615753 8.822342
0.275177 4.656433 8.930008
0.33259583 4.64447 9.056839
0.3637085 4.668396 8.985046
0.4019928 4.7019043 8.8989105
0.39959717 4.7282104 8.853439
0.4665985 4.6995087 8.731415
0.4402771 4.6660004 8.702698
0.34457397 4.742569 8.774475
0.5001068 4.783249 8.755341
0.51924133 4.8598175 8.884552
0.5647125 4.93161 8.941986
0.6388855 4.926819 8.798416
0.5120697 4.89093 8.760132
0.43310547 4.7569275 8.817551
0.41874695 4.68515 8.819946
0.42114258 4.6947174 8.848663
0.46420288 4.606186 8.994614
0.4355011 4.5679016 9.12384
0.48095703 4.565506 9.066406
0.4283142 4.6013947 8.953949
0.44506836 4.587036 8.965912
0.4402771 4.577469 8.918045
0.43070984 4.618149 8.824738
0.44267273 4.6588287 8.894119
0.49291992 4.6372833 8.965912
0.45224 4.651642 8.992233
0.47138977 4.6205444 8.970688
0.42114258 4.6037903 8.958725
0.39959717 4.5679016 8.975479
0.39242554 4.6037903 8.949158
0.45463562 4.6013947 8.944366
0.45942688 4.627716 8.968292
0.39482117 4.6253204 8.9730835
0.34934998 4.5631104 8.968292
0.4019928 4.5702972 8.994614
0.5144501 4.5583344 8.951553
0.46180725 4.584656 8.932404
0.40678406 4.606186 8.922836
0.43788147 4.618149 8.901306
0.47616577 4.6325073 8.922836
0.47616577 4.618149 9.020935
0.47616577 4.5918274 9.004196
0.46899414 4.5918274 8.913269
0.447464 4.6013947 8.8701935
0.4139557 4.5750732 8.889343
0.38523865 4.5631104 8.932404
0.40678406 4.5631104 8.989838
0.41874695 4.594223 9.0711975
0.42591858 4.565506 9.061615
0.40438843 4.553543 8.985046
0.36131287 4.54158 8.925232
0.31585693 4.584656 8.937195
0.41874695 4.5679016 8.918045
0.39959717 4.615753 8.848663
0.3900299 4.6372833 8.843872
0.4665985 4.565506 8.953949
0.45942688 4.546356 9.064011
0.45224 4.5702972 9.013763
0.47616577 4.5702972 8.963516
0.41156006 4.5583344 9.025726
0.4139557 4.5702972 9.04248
0.45224 4.610962 8.953949
0.47138977 4.639679 8.831909
0.41635132 4.6588287 8.865402
0.44267273 4.6133575 8.8989105
0.5096741 4.5798645 8.901306
0.5168457 4.6133575 8.874985
0.47138977 4.6253204 9.013763
0.5312042 4.5966187 9.054443
0.49771118 4.6420746 8.992233
0.48095703 4.6205444 8.937195
0.45703125 4.606186 8.932404
0.46180725 4.577469 8.920441
0.4355011 4.5607147 8.910873
0.41156006 4.5702972 8.925232
0.4355011 4.548752 9.054443
0.42352295 4.5272217 9.095123
0.46420288 4.5631104 9.008972
0.39482117 4.553543 8.994614
0.38523865 4.5511475 8.886948
0.47138977 4.5607147 8.886948
0.48335266 4.589432 8.946762
0.49771118 4.6301117 8.989838
0.57188416 4.5966187 8.934799
0.5934143 4.6085815 8.743378
0.42114258 4.606186 8.738586
0.37088013 4.5798645 8.834305
0.4283142 4.520035 9.040085
0.47616577 4.5343933 9.243469
0.5742798 4.543976 9.303299
0.66760254 4.496109 9.214767
0.5024872 4.4985046 9.078369
0.3637085 4.4937286 8.915665
0.5240326 4.54158 8.872589
0.46180725 4.6492615 8.860626
0.5670929 4.615753 8.874985
0.5120697 4.656433 8.891724
0.447464 4.6540375 8.886948
0.5001068 4.5966187 8.930008
0.5264282 4.5607147 8.985046
0.5144501 4.543976 8.956329
0.40678406 4.5559387 9.013763
0.43070984 4.584656 9.028122
0.46899414 4.584656 8.968292
0.447464 4.6205444 8.910873
0.44984436 4.610962 8.922836
0.5240326 4.6540375 8.863022
0.4905243 4.675583 8.822342
0.40678406 4.639679 8.858231
0.43788147 4.584656 8.994614
0.5479584 4.5798645 9.037689
0.5670929 4.606186 9.008972
0.42591858 4.484146 8.965912
0.34217834 4.7401886 8.324631
0.8685913 4.7808533 8.465805
1.031311 4.6253204 9.339188
0.5096741 4.421936 9.78186
0.17945862 4.5104675 9.260223
0.36610413 4.553543 8.714661
0.45463562 4.594223 8.642868
0.37088013 4.6827545 8.662018
0.44506836 4.737793 8.793625
0.6029968 4.7353973 9.023331
0.6652069 4.68515 9.164505
0.62213135 4.7760773 9.176468
0.7465668 4.857437 9.12384
0.6915283 4.9818573 9.040085
0.64845276 5.046463 9.052048
0.67237854 5.01297 9.274582
0.5383911 4.97229 9.418152
0.44267273 4.936386 9.274582
0.4665985 4.9004974 9.085556
0.4355011 4.9052887 8.891724
0.38523865 4.960327 8.798416
0.48335266 5.0105743 8.831909
0.5742798 5.103897 8.815155
0.63409424 5.1589203 8.738586
0.65563965 5.190033 8.750549
0.6029968 5.0847473 8.994614
0.54556274 5.0536346 8.977875
0.58384705 5.144562 8.592621
0.6197357 5.1852417 8.642868
0.63648987 5.0512543 8.968292
0.5001068 5.091934 9.023331
0.40438843 5.3072815 8.571091
0.5048828 5.4436646 8.4179535
0.653244 5.5322113 8.420349
0.8039856 5.4508514 8.202591
0.7130585 5.149353 8.183456
0.1268158 4.800003 8.5902405
-0.28474426 4.6731873 9.198013
-0.117248535 4.742569 9.109482
0.26081848 5.024933 8.592621
0.5407715 4.9698944 8.408386
0.6053772 4.9124603 8.606979
0.3900299 4.8311157 8.853439
0.19142151 4.816757 8.858231
0.14356995 4.484146 8.575882
-0.16989136 4.4195404 8.585449
-0.5934143 4.4315033 8.906082
-0.38046265 4.3908234 9.324829
0.04067993 4.4602203 9.236298
0.32063293 4.7521515 8.863022
0.5240326 4.8550415 8.994614
0.5407715 4.639679 9.250656
-0.13639832 4.7162476 9.4205475
-0.17468262 4.8095703 9.547363
0.3900299 5.1349945 9.243469
0.75613403 5.3599243 8.740982
0.899704 5.1541443 8.329422
0.7848511 4.783249 8.645264
0.18424988 4.273575 9.04248
-0.92362976 4.4889374 9.367905
-0.66760254 4.8143616 9.552155
0.59580994 5.223526 9.066406
1.0408783 5.0153503 8.740982
0.65802 4.8047943 9.078369
0.17706299 4.857437 8.872589
0.42352295 4.5750732 8.252853
0.5144501 4.153946 8.171494
-0.057434082 3.9912262 8.164307
-0.32302856 3.6586304 8.6979065
-0.114852905 3.5461578 9.430115
0.01914978 3.6131592 9.76033
0.04067993 3.7112732 10.085754
0.21296692 3.9553375 10.609772
0.9499512 4.1276245 10.660019
1.6917267 3.866806 10.487747
0.87815857 3.797409 9.7986145
-0.29670715 4.266403 9.001801
0.27757263 4.627716 8.860626
1.6845398 4.125229 9.655045
1.6486511 2.864212 10.590637
1.1126556 1.8113708 11.274979
0.62213135 1.3591309 11.303696
-0.28234863 1.3543396 10.042679
-0.99780273 1.7826538 8.482559
-0.78245544 2.675171 7.2957153
0.5647125 2.802002 8.738586
0.51924133 2.8618164 10.001999
0.68673706 2.5914307 11.21756
1.3040924 2.1224365 10.27478
0.22970581 2.177475 9.353546
-0.72262573 2.5770721 8.949158
-0.9571228 3.345169 8.394028
-0.24885559 3.6179504 8.123627
0.17468262 3.275772 7.893921
-0.3900299 3.3714905 8.365311
-0.7680969 3.3666992 9.111862
-0.78723145 3.2398834 9.348755
-1.2993011 4.113266 9.67897
-0.6125641 3.3020935 9.119049
-1.1844482 3.9433746 9.257828
-1.0265198 3.2111664 9.343979
-0.80877686 3.6586304 9.497116
-0.7034912 3.9649048 9.418152
-0.3062744 3.677765 9.355942
-0.052642822 3.5581207 9.808182
-0.13160706 3.9098663 11.109879
0.39720154 4.5679016 10.669601
0.77526855 4.5750732 10.140778
0.67477417 4.364502 10.155136
0.7154541 4.443466 9.104691
1.2538452 4.5224304 8.5950165
1.4883423 3.9912262 9.241089
1.5720825 3.2805634 10.17189
1.6199341 3.1011047 11.418549
1.5003052 3.4456635 12.344574
1.076767 4.019943 11.93779
0.65802 3.6681976 10.37767
0.61735535 3.3260193 8.446671
0.64845276 3.0723877 7.688141
0.26560974 3.0675964 7.4249268
0.5312042 3.1585236 7.755142
1.2012024 3.6514435 8.018356
1.4165497 4.003189 9.267395
1.5673065 3.378662 10.949554
1.2610168 2.445465 10.97348
0.71066284 2.0003967 10.114456
0.59820557 2.3473663 8.913269
0.06700134 3.247055 7.9298096
-0.45703125 3.3810577 8.025528
-0.30389404 3.0771637 8.953949
-0.15792847 3.2638092 8.8367
0.021530151 3.723236 8.561523
0.1603241 3.9314117 8.386841
-0.04547119 3.8237305 8.561523
-0.047851562 3.6059875 8.9730835
-0.007171631 3.728012 9.276978
0.04067993 3.809372 9.530609
-0.13160706 3.6634064 9.643082
0.03111267 3.5700989 9.877579
0.18664551 3.4337006 10.207779
-0.1651001 3.3619232 10.48056
-0.095718384 2.847458 11.440079
-0.122039795 2.548355 11.430511
-0.42352295 2.835495 11.102692
-0.36610413 3.1082764 11.3563385
-0.112457275 3.0101776 11.351547
-0.3637085 2.720642 11.619553
-0.4905243 2.0410767 10.954346
-0.5862427 1.3399811 9.540192
-0.9451599 0.68434143 8.322235
-1.5074768 0.37088013 8.0686035
-1.6031952 0.9786682 8.231308
-0.63409424 1.5840454 8.714661
0.40678406 1.689331 9.375076
0.7130585 1.8065796 10.155136
-0.033493042 2.0171509 10.107285
-0.50727844 2.1463623 9.207581
-0.7800598 2.4526367 8.145172
-0.98106384 2.7924194 7.726425
-1.1629181 2.7876434 7.767105
-1.1294098 2.3856506 7.9537354
-1.0743713 2.3114624 8.248062
-0.933197 2.5124664 9.190826
-0.75852966 2.651245 9.839294
-0.8757782 2.325821 10.669601
-0.48095703 2.4765778 10.858627
-0.4737854 2.9479523 11.062027
-0.37327576 3.1058807 10.765305
-0.64845276 2.9623108 10.593033
-1.306488 3.081955 10.877777
-1.4189453 3.5389862 10.712662
-0.9188385 3.3930206 10.198212
-0.89730835 3.0388794 9.475586
-0.91645813 2.5794678 9.530609
-0.825531 2.519638 9.942184
0.29431152 2.5435638 10.52124
0.8829498 3.0436707 11.521439
0.68196106 3.4097748 12.263214
0.1651001 2.2588196 9.458832
-0.4785614 1.8711853 8.566299
-0.9762726 2.0985107 8.575882
-0.2871399 2.2540436 8.877365
0.85902405 2.1320038 9.5354
0.62213135 1.9286194 10.188644
-0.37806702 1.5840454 10.317856
-0.9786682 1.3040924 9.82254
-1.3280182 1.3423767 8.819946
-1.5457611 1.2203369 8.382065
-1.7563324 1.1557312 8.27916
-2.067398 1.2322998 8.750549
-2.0219421 1.8281097 9.205185
-1.3351898 2.6057892 9.267395
-1.1078796 2.5962067 9.403793
-1.3423767 2.7302094 9.571289
-1.7850494 2.8115692 9.549759
-1.9812622 2.8450623 10.023529
-1.6366882 3.0675964 10.124039
-1.2131653 3.1274261 10.198212
-1.5170441 3.4097748 10.590637
-2.0195465 3.4767761 10.585846
-1.6462555 3.0795593 9.846466
-1.0959167 2.9838562 10.6336975
-1.3543396 3.2518463 10.9088745
-1.4763641 3.139389 11.270203
-0.94755554 2.5339966 11.844467
-0.8494568 2.1391907 12.26561
-0.9188385 1.8352966 11.736801
-1.0001984 1.9190369 10.547562
-0.7298126 1.8233337 9.265015
-0.9786682 1.4285126 8.559128
-1.385437 1.1964111 8.657227
-1.557724 1.134201 9.463608
-1.0049896 1.1102753 9.96611
-0.6077728 1.1916199 9.994827
-0.5647125 1.3710938 9.640686
-0.62931824 1.4715881 9.255432
-0.8494568 1.5457611 8.932404
-1.0193481 1.5912323 8.597412
-1.3088684 1.524231 8.446671
-1.3567352 1.552948 8.312668
-1.1533356 1.7084808 8.523239
-1.0073853 1.8161469 9.164505
-1.138977 1.6988983 9.908676
-1.1700897 1.5457611 10.159927
-1.1006927 1.5984039 9.693329
-1.1485596 1.8831482 9.334396
-1.2969055 2.0003967 9.18605
-1.3615112 1.9429779 9.643082
-1.1174469 1.8448639 10.552353
-0.87815857 1.8472595 11.741577
-0.8063812 1.8759766 12.335007
-0.6508484 1.8999023 11.129013
-0.5264282 2.0362854 10.128815
-0.59820557 2.2612152 9.726822
-0.5096741 2.177475 10.372879
-0.5431671 2.0075836 11.274979
-0.6125641 1.6941223 12.110077
-0.74894714 1.6773682 11.653046
-0.53359985 1.552948 10.277176
-0.16270447 1.7443695 9.540192
0.39720154 1.902298 9.422943
0.8877411 1.9238281 9.839294
0.63648987 1.9884338 10.339386
0.22492981 2.0195465 10.3992
-0.28234863 2.0003967 9.604797
-0.64845276 1.7324066 8.444275
-1.1533356 1.8711853 7.8795624
-1.3543396 1.9453583 8.109283
-1.2873383 2.2037964 8.772095
-0.68434143 2.428711 9.317657
-0.15553284 2.325821 9.475586
-0.30389404 2.0841522 9.63829
-0.46180725 2.0171509 9.796219
-0.68434143 2.148758 9.913467
-0.79441833 2.4215393 10.126419
-0.7537384 2.5339966 10.327423
-0.7393799 2.3808594 10.609772
-0.6508484 2.4813538 10.88974
-0.54556274 2.7469635 10.466202
-0.08375549 2.8666077 9.540192
0.41635132 3.0341034 9.698105
-0.071777344 2.5052795 10.695923
-0.7417755 2.033905 11.440079
-0.35653687 1.8424683 11.69133
0.028717041 1.9956207 11.990433
0.08135986 1.9501495 11.633911
-0.39242554 1.7419739 9.748352
-0.8446655 1.4955139 7.9369965
-1.208374 1.282547 7.463211
-1.4931183 1.4715881 8.288742
-0.8111725 1.4380798 9.9039
-0.4019928 1.4117584 10.04747
-0.31106567 1.5194397 10.325027
-0.45224 1.5912323 10.545166
-0.59820557 1.696518 10.554749
-0.71784973 1.7467651 9.743576
-0.68673706 1.8400879 8.743378
-1.0480499 1.804184 8.161911
-1.2179413 2.0434723 8.449051
-1.0983124 2.0937195 9.241089
-1.071991 2.0841522 9.870392
-1.1509552 2.0554352 9.985245
-1.0384827 2.244461 9.932602
-0.9140625 2.3928223 9.98764
-0.81355286 2.548355 10.303497
-0.40678406 2.5435638 10.616959
-0.047851562 2.526825 10.614563
0.033493042 2.5363922 10.140778
0.06460571 2.383255 9.178864
0.14596558 2.5651093 9.274582
0.51924133 2.7110748 9.78186
1.031311 2.4191437 10.1814575
1.2753754 1.8687897 11.593231
0.7346039 1.5673065 13.820938
-0.15792847 1.6199341 14.926422
-0.34457397 1.5960083 12.057434
-0.18185425 1.8305054 8.518448
-0.13877869 2.0530396 6.5850525
-0.2871399 2.2540436 6.7812653
-0.18902588 2.4358978 7.4656067
0.71784973 2.3377838 8.410767
1.5649109 1.9214325 10.31546
1.1629181 1.7348022 12.38765
0.14117432 1.3351898 12.732208
-0.4019928 1.2322998 10.564316
-0.35653687 1.6462555 8.994614
-0.07896423 2.009964 8.506485
-0.13400269 2.1918182 8.638092
0.14596558 2.1631165 8.977875
0.4785614 2.1607208 9.276978
0.29431152 2.170288 9.327225
0.059814453 2.0362854 9.533005
-0.26081848 1.9573364 9.683746
-0.5479584 1.8759766 9.442078
-0.6771698 1.8711853 9.028122
-0.6771698 1.9381866 9.214767
-0.6125641 1.9621124 9.745972
-0.5024872 2.0602264 9.923035
-0.57188416 2.1343994 9.762711
-0.7417755 1.7395782 10.217346
-1.2610168 1.6079712 11.107483
-1.2370911 1.306488 11.614761
-1.0528412 1.3304138 12.124435
-0.77049255 1.552948 11.392227
-0.40438843 1.6917267 9.3703
-0.08375549 1.6342926 8.410767
-0.24645996 1.6941223 9.858429
-0.5288086 1.3208313 10.214966
-0.5766754 1.1150513 9.030518
-0.7513428 1.1844482 7.556534
-1.1724854 1.1964111 7.848465
-0.9068756 1.0815582 9.86322
0.68673706 0.8446655 12.945175
1.1270142 1.4045868 12.459427
1.0528412 1.627121 9.621536
1.179657 0.9906311 8.470596
0.5264282 0.6412811 9.142975
0.3397827 0.7130585 9.930222
0.62213135 0.5144501 9.958923
0.76330566 0.34695435 9.827316
0.6460571 0.1531372 10.281952
0.25842285 0.15792847 11.011765
-0.40678406 0.5264282 10.918457
-0.8279114 0.75613403 10.092926
-0.39959717 0.5623169 10.224533
0.8614197 0.0047912598 11.021347
2.165512 -0.48335266 11.523834
2.5052795 -0.27278137 11.511871
1.8376923 0.17706299 10.461426
1.4763641 0.43788147 9.241089
0.6149597 1.0911255 8.449051
-0.17468262 1.450058 8.439484
-0.5288086 1.5768738 9.786652
0.119644165 1.1988068 10.298706
1.076767 0.83987427 10.4566345
1.306488 1.5457611 10.954346
0.72262573 1.832901 10.99263
0.14117432 1.4165497 10.370499
-0.15792847 1.1581268 9.566513
-0.0143585205 1.4189453 9.293716
0.31825256 1.6366882 9.8033905
0.5168457 1.5074768 9.635895
0.7465668 1.9740753 9.358322
0.9140625 2.273178 10.04985
0.91645813 2.3306122 10.27478
0.5814514 2.136795 9.9756775
0.095718384 1.9788666 9.815353
-0.023925781 1.6486511 10.030716
-0.04067993 1.8209381 9.98764
0.0765686 2.1918182 9.600006
0.36849976 2.3114624 9.7005005
0.39482117 2.1750793 10.258026
0.0765686 1.9980011 10.284348
-0.0765686 1.9118652 10.29393
0.22732544 1.9094696 10.279572
0.76091003 2.141571 10.301102
1.0097656 2.2324982 10.339386
0.8374939 2.141571 10.39682
0.5479584 1.9477539 10.298706
0.44267273 2.0267181 10.136002
0.40438843 2.1032867 10.238892
0.46180725 2.0291138 10.39682
0.47616577 1.8879395 9.915863
0.48812866 1.9453583 9.554535
0.63648987 2.0578308 9.61676
0.6699829 2.222931 10.243668
0.5144501 2.0841522 10.200607
0.4091797 2.108078 9.858429
0.29193115 2.108078 9.839294
0.33259583 2.165512 9.992432
0.45942688 2.2468567 9.736389
0.5934143 2.1343994 9.7005005
0.447464 2.239685 9.812973
0.14117432 2.2037964 10.119247
-0.01914978 2.0195465 10.219742
-0.0023956299 1.9956207 10.016357
0.114852905 2.0315094 10.054642
0.3397827 2.148758 10.19104
0.43070984 2.1032867 10.004395
0.26081848 2.0195465 9.915863
0.15074158 1.9908295 9.908676
0.25602722 2.033905 9.841675
0.4905243 2.1631165 10.025925
0.5647125 2.3377838 10.260422
0.4019928 2.3042908 10.284348
0.3254242 2.2827454 10.136002
0.39242554 2.3162537 9.961319
0.39482117 2.2827454 9.817749
0.4019928 2.2755737 9.841675
0.447464 2.2324982 9.856033
0.37806702 2.2660065 9.832108
0.37806702 2.2181396 10.025925
0.36849976 2.2660065 9.88475
0.32063293 2.2994995 9.676575
0.3254242 2.2827454 9.757935
0.30867004 2.3162537 9.949356
0.31585693 2.285141 9.932602
0.31106567 2.2588196 9.9062805
0.33499146 2.2372894 10.054642
0.23449707 2.251648 9.856033
0.28953552 2.273178 9.769897
0.29670715 2.297104 9.655045
0.2679901 2.3018951 9.846466
0.279953 2.2947235 9.92543
0.3014984 2.2947235 9.896713
0.41874695 2.2899323 10.064209
0.42591858 2.1966095 9.997208
0.42352295 2.1894379 9.786652
0.41635132 2.2564392 9.812973
0.36131287 2.2540436 9.958923
0.32063293 2.268402 9.934998
0.3397827 2.2660065 9.875183
0.34695435 2.292328 9.920639
0.27278137 2.2636108 9.9015045
0.33021545 2.244461 9.956543
0.36610413 2.2660065 9.865616
0.34457397 2.2899323 9.867996
0.31825256 2.273178 9.937393
0.279953 2.292328 9.872787
0.35414124 2.2779694 9.851257
0.36131287 2.2540436 9.915863
0.36131287 2.297104 9.98764
0.42352295 2.2947235 9.985245
0.3900299 2.2827454 9.841675
0.42114258 2.3353882 9.753143
0.45224 2.3377838 9.867996
0.37806702 2.3569336 9.934998
0.34934998 2.3066864 9.915863
0.44984436 2.2564392 9.808182
0.06700134 2.2468567 9.578476
0.047851562 2.2181396 9.848862
0.76330566 2.2420807 10.298706
0.7010956 2.7804565 10.303497
-0.5288086 2.2875366 9.489929
0.52163696 2.3401794 10.179062
0.68434143 2.3904266 10.119247
0.1986084 2.3282166 9.875183
-0.011962891 2.222931 9.891922
0.20100403 2.342575 9.94696
0.4139557 2.3665009 9.992432
0.2679901 2.3401794 9.930222
0.124420166 2.371292 9.805786
0.06700134 2.395218 9.786652
0.088531494 2.3569336 9.908676
0.1268158 2.3736877 9.932602
0.14117432 2.4143524 9.772293
0.1268158 2.4741821 9.6957245
0.18424988 2.5076752 9.899109
0.22253418 2.4957123 9.978073
0.2416687 2.4813538 9.839294
0.275177 2.445465 9.846466
0.16749573 2.376068 9.877579
0.13877869 2.399994 9.817749
0.2632141 2.4813538 9.681366
0.41156006 2.5435638 9.676575
0.34217834 2.4957123 9.824936
0.17945862 2.4430695 9.887146
0.16749573 2.4143524 9.84407
0.122039795 2.3665009 9.829712
0.06460571 2.2707825 10.013962
0.0382843 2.3449707 10.100098
0.15792847 2.4382935 9.98764
0.110076904 2.3497467 10.004395
-0.15553284 2.325821 10.140778
-0.48095703 2.2277222 10.45903
-0.5790558 2.108078 10.841873
-0.44267273 2.1511536 11.066803
-0.3254242 1.976471 10.595413
-0.5096741 1.7874451 9.750748
-0.8039856 1.7826538 9.564117
-1.0193481 1.8065796 9.939789
-1.179657 1.6845398 10.073776
-1.2514496 1.5936127 9.923035
-0.9667053 1.7348022 10.076172
-0.8685913 1.8376923 9.875183
-1.1246338 1.7802582 9.748352
-1.5003052 1.7778625 9.856033
-1.2059784 1.6510468 10.490128
-0.5814514 1.6510468 11.088333
-0.38046265 1.7108612 11.011765
-0.5694885 1.6151581 10.578674
-0.825531 1.6438751 10.195816
-0.9499512 1.5720825 10.071396
-0.99780273 1.5984039 10.246063
-0.6795654 1.6414795 10.451843
-0.653244 1.6103668 10.19104
-0.87338257 1.6199341 9.970886
-0.9523468 1.6582336 10.04985
-0.9188385 1.7491608 10.207779
-0.5096741 1.8664093 10.41835
-0.093322754 1.8305054 10.119247
-0.059814453 1.7778625 9.458832
-0.23928833 1.9501495 9.365509
-0.44506836 1.9477539 9.537796
-0.55752563 1.9429779 9.738785
-0.66041565 1.9094696 9.961319
-0.6269226 1.7730865 9.875183
-0.74417114 1.5792694 9.676575
-0.9667053 1.3567352 9.671783
-1.4045868 1.1222382 9.707687
-1.2394867 1.0217285 9.67897
-0.61735535 0.95951843 9.812973
0.102890015 0.9140625 9.690933
0.0 0.9499512 9.954147
-0.100494385 1.174881 10.143173
-0.19621277 1.385437 10.037888
-0.22013855 1.3950195 10.083359
-0.32063293 1.3615112 9.82254
-0.38523865 1.1892395 9.827316
-0.72262573 0.9068756 10.054642
-1.2729797 0.5814514 10.372879
-1.7539368 0.33499146 10.557129
-1.7395782 0.34457397 10.420746
-1.4883423 0.52163696 10.19104
-1.2275238 0.63409424 10.059433
-1.1844482 0.59820557 10.102493
-1.2251282 0.50727844 10.145569
-1.2107697 0.447464 10.33699
-1.0504456 0.4355011 10.327423
-0.87098694 0.54556274 10.269989
-0.7728882 0.57188416 10.205383
-0.8494568 0.5934143 9.961319
-1.0337067 0.68434143 9.777069
-1.1676941 0.7896271 9.9062805
-1.1030884 0.928421 10.162323
-0.8446655 1.1030884 10.54039
-0.6508484 1.2012024 10.626526
-0.88534546 1.2921295 9.86322
-0.9762726 1.3375854 9.63829
-0.5407715 1.3926239 9.887146
0.112457275 1.6103668 10.4375
0.53359985 1.8305054 10.262817
0.6006012 1.9836426 9.525833
0.447464 2.148758 9.090332
0.37327576 2.3617096 9.375076
0.4737854 2.416748 9.796219
0.8518524 2.3808594 9.683746
1.1006927 2.5938263 9.439682
1.1318054 2.761322 9.5234375
1.1724854 2.7589264 9.667007
0.9906311 2.622528 9.619141
0.7010956 2.4885406 9.791428
0.41635132 2.4765778 9.942184
0.46180725 2.555542 9.937393
0.7800598 2.7302094 9.827316
0.8446655 2.8809662 9.530609
0.5934143 2.897705 9.470795
0.124420166 2.7421722 9.583252
-0.04307556 2.6871338 9.501892
-0.062210083 2.7900238 9.245865
0.050247192 2.868988 9.231506
0.16270447 2.9838562 9.461227
0.112457275 3.1298065 9.437286
0.047851562 3.242279 9.317657
0.15792847 3.3666992 9.358322
0.16989136 3.5150604 9.449265
0.0765686 3.6299133 9.355942
0.06700134 3.7256317 9.387039
0.14356995 3.7543335 9.272186
0.13160706 3.7567291 9.171692
0.2368927 3.7926178 9.430115
0.42114258 3.8165588 9.712463
0.5264282 3.8428802 9.607178
0.4355011 3.7926178 9.71965
0.100494385 3.5724792 10.061813
-0.26560974 3.3379822 10.071396
-0.21534729 3.2686005 9.817749
0.0765686 3.3427734 9.774673
0.14117432 3.3092804 10.368103
0.1268158 3.156128 10.449463
0.0 2.7637177 9.662216
-0.7776642 2.6440735 10.112076
-1.4883423 2.600998 11.119446
-0.8805542 2.3090668 12.454636
0.090927124 2.251648 13.196411
0.4019928 2.4311066 12.28714
0.047851562 2.4598236 10.334595
-0.62213135 2.4622192 8.126022
-1.1509552 2.4478607 7.1401825
-1.3830566 2.4430695 7.582855
-0.5790558 2.0362854 8.965912
0.15074158 1.8233337 10.447067
0.27278137 1.8855438 11.944977
0.059814453 1.9812622 11.995224
0.0765686 2.3353882 9.920639
0.17945862 3.041275 8.346161
0.16749573 3.603592 8.597412
0.1986084 3.596405 9.059235
-0.110076904 3.5653076 8.583054
-0.5001068 3.8069763 7.858032
-0.8039856 4.067795 7.652252
-1.0815582 3.9792633 8.056641
-1.179657 3.8332977 8.812759
-1.2873383 3.6275177 9.068802
-1.758728 3.4504547 8.420349
-2.1439667 3.3714905 8.240875
-2.1870422 3.5030975 8.583054
-2.0027924 3.871582 8.681168
-1.7204437 4.2927246 8.377274
-1.4380798 4.697113 8.219345
-1.179657 4.8478546 9.372681
-1.3351898 4.3358 11.1362
-1.4644012 3.677765 11.77269
-1.3351898 3.156128 10.734207
-0.8805542 2.7421722 9.686142
-0.6652069 2.7469635 9.51387
-0.45463562 2.6273193 9.559326
0.071777344 2.2492523 10.949554
0.18902588 2.342575 13.854446
-0.14117432 2.3330078 15.189636
-0.4402771 2.3473663 12.844666
0.5048828 2.5794678 9.413361
2.1032867 3.0460663 7.582855
3.1058807 3.1298065 6.960724
2.8809662 2.8498535 7.2646027
1.7874451 2.4765778 9.028122
0.7992096 2.141571 10.6336975
0.28953552 2.141571 11.303696
0.39720154 2.2899323 10.753342
0.65563965 2.8857422 8.3198395
0.39959717 2.9814606 8.056641
0.18902588 3.053238 8.030319
0.4905243 3.2614136 7.922638
0.68196106 3.5820618 8.011169
0.59820557 3.7447662 8.126022
0.4019928 3.830902 8.183456
0.29670715 3.8692017 8.499313
0.1531372 3.9026947 8.953949
0.086135864 3.9098663 9.245865
0.2871399 3.9505463 9.253052
0.5144501 4.0390778 9.489929
0.41156006 4.0917206 9.992432
-0.23210144 4.022339 10.509277
-0.9451599 3.739975 9.982849
-1.1820526 3.4241333 9.243469
-1.0456696 3.4648132 10.064209
-1.5696869 3.282959 10.461426
-1.6031952 2.6608124 11.021347
-1.2322998 2.222931 11.870789
-1.2634125 1.976471 11.741577
-1.7658997 1.8520508 9.812973
-2.0410767 2.100891 7.7120667
-1.9477539 2.6105652 6.9870453
-1.552948 2.979065 7.8963165
-1.2131653 2.7397766 9.458832
-0.7800598 2.4789581 10.825134
-0.34217834 2.3928223 12.174683
-0.20100403 2.2061768 12.497711
-0.51924133 2.1511536 10.82991
-0.4283142 2.3593292 8.8701935
-0.24406433 2.8402863 8.035095
-0.095718384 3.1680908 7.8675995
-0.4283142 3.1992035 7.750351
-0.98106384 2.8283234 8.0686035
-1.3423767 2.5938263 8.626129
-1.3543396 2.5627136 9.181259
-1.1557312 2.6488495 9.477966
-0.9667053 2.8163452 9.71965
-1.0839539 2.9742737 9.686142
-1.1270142 2.926422 9.726822
-1.0241241 2.9479523 9.970886
-0.8805542 2.8833466 10.408783
-0.7728882 2.7086792 11.059631
-0.75613403 2.5124664 10.966309
-1.0839539 2.8378906 9.757935
-1.0169525 2.9144592 9.238693
-0.38285828 2.7541351 10.229324
0.23928833 2.3090668 11.602798
0.105285645 2.0482635 12.928421
-0.7680969 1.9094696 13.3663025
-1.4380798 1.7515411 12.177078
-1.4021912 1.9190369 9.710068
-0.8542328 2.3162537 8.054245
0.026321411 2.4765778 7.757538
0.8877411 2.2875366 8.439484
1.2466583 2.067398 9.734009
1.002594 2.0315094 11.306091
-0.021530151 2.0315094 11.810974
-0.8829498 1.976471 9.98764
-0.9379883 2.3736877 8.059021
-0.5312042 2.835495 7.204788
-0.06939697 3.0843506 7.384247
0.03111267 2.9359894 8.879761
0.088531494 3.0269165 9.456436
0.34217834 3.184845 9.923035
0.52163696 3.2614136 9.860825
0.22253418 3.3332062 9.4253235
-0.41156006 3.3475647 9.193222
-0.89730835 3.3188477 9.408585
-0.84706116 3.349945 9.882355
-0.6149597 3.4863434 10.298706
-0.47616577 3.5796661 10.734207
-0.5670929 3.5868378 10.179062
-0.42352295 3.345169 10.004395
-0.17706299 3.3427734 11.255844
-0.59820557 3.1704865 12.404388
-0.84706116 2.646469 13.294525
-1.1868439 2.1846466 12.591034
-1.2729797 2.0913239 10.195816
-1.1676941 2.1056824 7.7359924
-1.2275238 2.0721893 6.12323
-1.3471527 1.9956207 6.1017
-1.3040924 1.8520508 7.6115723
-0.91645813 1.7180481 9.949356
-0.4785614 1.6175537 12.124435
-0.29910278 1.4955139 11.461624
-0.122039795 1.8448639 10.042679
0.1603241 2.1726837 10.167099
0.011962891 2.3808594 10.205383
-0.45942688 2.519638 9.214767
-0.7680969 2.7565308 7.556534
-0.9260254 2.8833466 7.779068
-0.96191406 2.8546448 8.8367
-0.9523468 2.7421722 9.561722
-0.9714813 2.7302094 9.657425
-0.8877411 2.909668 9.540192
-0.75613403 3.0317078 9.530609
-0.8877411 3.110672 9.930222
-0.8661957 2.8953094 10.6289215
-0.64845276 2.6488495 11.413757
-0.5623169 2.4885406 11.9808655
-0.44267273 2.342575 11.059631
-0.21296692 2.3018951 10.119247
-0.25842285 2.5052795 9.939789
-0.38763428 2.210968 10.588242
-0.49291992 1.8951111 11.688934
-1.2729797 1.8999023 12.835098
-1.7539368 1.4787598 13.0121765
-1.9429779 1.3088684 11.377869
-1.2203369 1.5601196 8.9730835
0.23928833 1.6462555 7.307678
1.2897339 2.7158508 7.9298096
1.861618 2.1104736 10.2341
1.0552368 1.6510468 11.882751
0.04547119 1.2299042 11.736801
-0.91645813 1.2275238 10.214966
-1.2442627 1.660614 8.860626
-0.8661957 2.3306122 8.377274
-0.44984436 2.6799622 8.111664
-0.27038574 2.8857422 8.408386
-0.122039795 3.0053864 8.930008
-0.04307556 3.110672 9.224335
0.14596558 3.259018 9.272186
0.19621277 3.4049835 8.965912
0.07896423 3.4695892 8.8007965
-0.16270447 3.4911346 8.968292
-0.38763428 3.5365906 9.413361
-0.49771118 3.4743805 9.762711
-0.550354 3.4839478 10.00679
-0.55513 3.5150604 10.219742
-0.72502136 3.5820618 10.403992
-0.92123413 3.5557404 10.461426
-1.1365967 3.5317993 9.442078
-1.1868439 3.5988007 9.219543
-1.3543396 3.562912 9.939789
-1.7036896 3.2159576 10.707886
-1.6678009 2.8187408 11.777481
-1.7108612 2.5938263 12.239288
-1.5816498 2.2181396 10.949554
-1.4787598 2.297104 8.750549
-1.414154 2.4885406 7.4608154
-1.5050812 2.5292206 7.6378937
-1.4883423 2.292328 8.571091
-1.0983124 2.0913239 9.379868
-0.4857483 2.050644 10.236496
-0.14596558 2.2061768 11.523834
-0.095718384 2.2468567 11.995224
-0.2416687 2.2468567 10.700699
-0.21057129 2.4406738 9.102295
-0.062210083 2.806778 8.370087
-0.2033844 2.9862366 8.027924
-0.62213135 2.9240265 8.039886
-0.90448 2.6775665 8.5208435
-1.1126556 2.5627136 9.068802
-1.277771 2.5746765 8.927628
-1.3950195 2.703888 8.386841
-1.5385895 2.9647064 8.274384
-1.483551 3.103485 8.358124
-1.4045868 3.098709 8.714661
-1.4979095 2.8546448 9.676575
-1.3016968 2.411972 10.528427
-1.2442627 2.1726837 10.590637
-1.5266266 2.2157593 9.784256
-1.701294 2.5220337 9.023331
-1.2275238 2.725418 9.073578
-0.94755554 2.7589264 9.676575
-0.55274963 2.210968 10.6289215
-0.21774292 1.0456696 12.684357
-1.146164 0.8279114 14.627319
-1.8496552 0.899704 14.667999
-1.7539368 0.71784973 12.227325
-1.7252197 1.1820526 9.738785
-1.4165497 2.0650024 8.336594
-0.33021545 1.9549408 8.293518
0.98583984 1.4189453 9.202789
1.0121613 1.2610168 10.695923
0.5264282 0.8374939 11.789444
-0.58384705 0.8542328 11.820541
-1.3686981 1.1772614 10.710281
-1.6127625 1.5218353 9.643082
-1.2370911 1.8113708 8.618942
-0.5144501 2.2492523 7.8508453
-0.45463562 2.950348 8.195419
-0.9188385 2.7565308 8.714661
-0.87098694 2.3665009 9.748352
-0.6508484 2.096115 9.961319
-0.28234863 1.9812622 9.877579
-0.1651001 2.3090668 9.698105
-0.34217834 2.7110748 9.439682
-0.8949127 3.1011047 9.580856
-1.421341 3.000595 9.320038
-1.7108612 2.876175 9.769897
-1.6510468 3.0436707 9.879959
-1.2514496 3.3308105 9.415756
-0.58384705 3.328415 9.499512
-0.6652069 3.694519 10.504486
-1.0624084 3.4624176 11.227127
-1.0935211 2.8426666 11.167297
-1.0049896 2.6943207 10.949554
-1.1772614 2.6536407 11.148163
-1.002594 2.371292 10.87059
-1.071991 2.428711 10.143173
-1.1174469 2.4646149 9.032898
-1.1868439 2.3688965 7.755142
-1.3423767 2.165512 6.9798584
-1.6821594 2.1726837 7.2382812
-2.1966095 2.1320038 8.183456
-2.4263153 2.0626068 9.169296
-2.0171509 2.0027924 9.908676
-1.0552368 1.964508 10.6336975
-0.2871399 2.0865479 11.447266
-0.1651001 2.2588196 12.10051
-0.42352295 2.1104736 11.698517
-0.6006012 2.1678925 10.37767
-0.8518524 2.4023895 9.255432
-1.2418823 2.342575 8.489731
-1.6725769 2.0410767 8.185852
-1.311264 2.778061 8.690735
-0.9690857 2.3665009 9.784256
-0.9667053 2.1631165 9.9756775
-0.95474243 2.1152496 10.17189
-0.825531 2.2564392 10.140778
-0.9690857 2.3282166 10.162323
-1.2155609 2.2588196 9.860825
-1.3471527 2.273178 9.633499
-1.3782654 2.342575 10.207779
-1.2801666 2.486145 10.533203
-1.1150513 2.5363922 10.303497
-1.0169525 2.7302094 9.82254
-0.62931824 2.8713837 8.920441
-0.021530151 2.7708893 8.530411
0.047851562 2.5770721 9.375076
-0.47616577 2.371292 10.963913
-1.0576324 2.1942139 11.576477
-1.6247253 2.514862 10.614563
-1.4596252 2.8163452 9.71965
-0.9403839 2.8570251 9.291336
-0.31825256 2.7541351 9.427719
0.61735535 2.6608124 10.1527405
-0.36849976 2.5435638 10.289139
-0.47616577 2.4335022 10.636093
-0.36849976 2.4598236 10.363312
-0.17706299 2.7637177 10.066605
-0.22970581 2.892929 9.954147
-0.55513 2.9814606 9.805786
-0.69392395 2.9575348 9.281754
-0.22732544 3.2303162 8.583054
0.047851562 3.1752777 9.111862
0.20817566 3.0652008 9.57608
0.23928833 2.8522491 9.96611
-0.5934143 2.7373962 10.533203
-0.7513428 2.634491 10.124039
-0.35414124 2.6823578 9.518646
0.102890015 2.7158508 9.750748
-0.447464 2.8881378 11.5334015
-0.5886383 2.5866394 10.48056
-0.5359955 2.9623108 8.941986
-0.14117432 3.4648132 8.298309
-0.22253418 3.000595 9.865616
-0.6316986 2.6488495 10.298706
-0.8422699 2.634491 10.219742
-0.95474243 2.8115692 9.805786
-0.7034912 2.7637177 9.449265
-0.5670929 2.8953094 10.04747
-0.5790558 2.950348 9.889542
-0.66760254 2.926422 9.3703
-0.5383911 2.9288177 9.008972
-0.61016846 2.909668 9.293716
-0.6699829 2.6775665 9.317657
-0.8422699 2.7278137 9.714859
-0.74894714 2.7158508 9.98764
-0.8494568 2.5076752 9.793823
-0.91645813 2.5435638 9.564117
-0.72262573 2.6081696 9.588043
-0.96191406 2.5387878 9.887146
-0.7800598 2.4335022 9.9756775
-0.4283142 2.5794678 9.865616
-0.30867004 2.7517395 9.631119
-0.38285828 2.7086792 9.501892
-0.5312042 2.725418 9.566513
-0.5359955 2.617752 9.547363
-0.38046265 2.4885406 9.552155
-0.41156006 2.6129608 9.669403
-0.39720154 2.5770721 9.84407
-0.34217834 2.6081696 9.702896
-0.32302856 2.6440735 9.693329
-0.32781982 2.6368866 9.812973
-0.30389404 2.6416779 9.78186
-0.34457397 2.6105652 9.774673
-0.5048828 2.5172424 9.94696
-0.5742798 2.4789581 10.100098
-0.40678406 2.5100708 10.052246
-0.33499146 2.519638 9.722046
-0.36610413 2.5770721 9.592819
-0.33738708 2.5770721 9.755539
-0.48335266 2.5339966 10.037888
-0.46180725 2.445465 10.140778
-0.4139557 2.4765778 10.004395
-0.31825256 2.4741821 9.939789
-0.4905243 2.4071808 10.013962
-0.5168457 2.3688965 10.159927
-0.46420288 2.3641052 10.272385
-0.45224 2.3856506 10.27478
-0.42352295 2.4095764 10.169495
-0.34934998 2.4311066 10.00679
-0.35653687 2.4550323 10.035492
-0.31825256 2.519638 10.179062
-0.37088013 2.4358978 10.061813
-0.58384705 2.3066864 9.631119
-0.64845276 2.1296082 9.470795
-0.90927124 2.720642 9.7986145
-0.03111267 2.5459595 10.138397
0.20578003 2.7421722 10.157532
0.052642822 2.457428 10.071396
-0.88534546 2.280365 9.836899
-1.0552368 2.383255 9.812973
-0.48812866 2.5028992 10.0785675
-0.3062744 2.5052795 10.092926
-0.50727844 2.4430695 9.875183
-0.8494568 2.3904266 9.937393
-1.0552368 2.3306122 10.159927
-1.1318054 2.3665009 10.269989
-0.9954071 2.3856506 10.066605
-0.8159485 2.4741821 9.540192
-0.8111725 2.5579224 9.150162
-0.8877411 2.5914307 9.181259
-0.9690857 2.5962067 9.32962
-0.8949127 2.7062836 9.5282135
-0.6652069 2.7014923 9.61676
-0.8422699 2.6943207 9.779465
-1.105484 2.646469 9.920639
-1.1964111 2.5005035 9.997208
-1.3256226 2.498108 10.033112
-1.3974152 2.4023895 10.226929
-1.3710938 2.1990051 10.217346
-1.2155609 2.2875366 10.179062
-0.72024536 2.445465 10.116852
-0.7082825 2.2061768 10.016357
-1.2849426 1.8735809 9.982849
-1.4811554 1.8352966 9.889542
-1.2299042 1.9094696 9.777069
-0.9954071 1.9453583 9.894318
-1.0193481 1.6988983 10.069
-0.9260254 1.5481567 10.119247
-0.8614197 1.5026855 9.985245
-0.830307 1.4356995 9.750748
-0.8566284 1.4691925 9.427719
-0.6412811 1.627121 9.360718
-0.3756714 1.7658997 9.67897
-0.46180725 1.6701965 10.045074
-0.78245544 1.5146637 10.10968
-0.9188385 1.5146637 9.980469
-0.8063812 1.5553284 9.894318
-0.54556274 1.9190369 9.489929
-0.5766754 2.0889282 9.96611
-0.8374939 1.9716797 10.463806
-0.97387695 1.8879395 10.545166
-0.94277954 1.8544312 10.301102
-0.7298126 2.0195465 9.9015045
-0.62931824 2.005188 9.554535
-0.5240326 2.074585 9.652649
-0.2416687 2.1463623 10.112076
-0.30389404 2.0291138 10.305893
-0.41156006 1.8879395 10.313065
-0.43310547 1.8927155 10.279572
-0.5383911 1.8472595 10.136002
-0.55992126 1.9286194 9.963715
-0.62931824 1.8831482 9.94696
-0.74894714 1.8927155 9.872787
-0.8757782 1.8257294 9.858429
-0.81355286 1.9501495 9.793823
-0.54556274 1.964508 9.693329
-0.5742798 2.050644 9.786652
-0.5096741 2.1248322 10.057037
-0.46899414 2.2324982 10.269989
-0.5431671 2.0889282 9.930222
-0.62931824 1.8831482 10.19104
-0.6652069 1.9692993 10.121643
-0.653244 1.9836426 9.800995
-0.77526855 2.074585 9.430115
-0.7848511 2.1272125 9.415756
-0.70588684 2.1296082 9.820145
-0.71784973 2.1128693 9.985245
-0.70588684 2.153534 9.619141
-0.6460571 2.2492523 9.336792
-0.39720154 2.2372894 9.5354
-0.22732544 2.0937195 9.930222
-0.18664551 1.9621124 10.358536
-0.1986084 1.907074 10.552353
-0.1483612 2.0147552 10.389633
-0.055038452 2.1176453 10.179062
0.06700134 2.2372894 9.896713
0.1268158 2.2994995 9.63829
0.01675415 2.2420807 9.499512
-0.088531494 2.170288 9.71965
-0.1651001 2.0889282 10.04985
-0.23210144 2.165512 9.848862
-0.18424988 2.2372894 9.437286
-0.1268158 2.2779694 9.406189
-0.112457275 2.297104 9.61676
-0.2033844 2.2468567 9.774673
-0.1986084 2.165512 9.88475
-0.16989136 2.0721893 10.085754
-0.20817566 1.9118652 10.406387
-0.275177 1.7180481 10.861023
-0.22970581 1.7036896 11.042877
0.033493042 1.8233337 10.585846
0.4355011 2.0482635 9.879959
0.73220825 2.285141 9.549759
0.70588684 2.3665009 9.22673
0.64845276 2.428711 8.946762
0.46180725 2.4669952 8.807983
0.32302856 2.4335022 8.937195
0.3254242 2.4933167 9.22673
0.43788147 2.5363922 9.375076
0.58384705 2.5962067 9.418152
0.5312042 2.6440735 9.559326
0.3062744 2.6273193 9.533005
0.13160706 2.6321106 9.800995
0.100494385 2.6536407 9.934998
0.22013855 2.7278137 10.114456
0.33499146 2.8187408 10.277176
0.27278137 2.8378906 10.198212
0.15553284 2.9024963 10.112076
0.13639832 2.9575348 9.92543
0.28234863 3.0604248 9.982849
0.47138977 3.110672 10.121643
0.5048828 3.0675964 10.059433
0.55992126 2.9742737 10.13121
0.4905243 2.9216309 10.13121
0.31825256 2.8905334 9.937393
0.2033844 2.8737793 9.74118
0.102890015 2.8259277 9.86322
-0.100494385 2.7852478 10.415955
-0.33259583 2.7182465 10.782059
-0.7657013 3.0460663 10.511673
-0.71066284 2.9575348 9.659821
-0.4857483 2.395218 10.348953
-0.6652069 2.4717865 11.047668
-0.8661957 2.1391907 11.449661
-0.37088013 1.6079712 11.988037
0.21774292 1.4237366 12.748962
-0.047851562 1.4404755 12.220139
-0.69869995 1.4285126 9.9039
-1.1988068 1.902298 8.018356
-1.2322998 2.1894379 8.185852
-1.1437683 1.8089752 9.147766
-0.97387695 1.5122681 10.018753
-0.71066284 1.3256226 10.995026
-0.6029968 1.3495483 11.38266
-0.5623169 1.4237366 10.734207
-0.6460571 1.7467651 9.341583
-0.55274963 2.153534 8.104492
-0.4355011 2.4502563 7.4656067
-0.43310547 2.646469 7.2717896
-0.64367676 2.6727905 7.3938293
-0.73698425 2.5220337 8.1427765
-0.68434143 2.4933167 8.944366
-0.6006012 2.5172424 9.379868
-0.4139557 2.5339966 9.6957245
-0.34934998 2.6895294 9.688538
-0.3517456 2.7996063 9.477966
-0.22970581 2.8570251 9.372681
-0.17706299 2.909668 9.67897
-0.1268158 2.904892 10.3992
-0.0047912598 2.778061 11.083557
-0.033493042 2.835495 10.9711
-0.055038452 3.1680908 9.997208
0.23928833 2.8857422 9.956543
0.6077728 2.8091736 10.640884
1.0432739 2.0937195 12.782455
0.5742798 1.2059784 15.39064
-0.5862427 0.59103394 15.996017
-1.5625153 0.4402771 13.397415
-1.5696869 1.0624084 10.277176
-0.899704 1.655838 8.006378
0.21296692 2.1272125 6.4079742
1.6007996 2.4693909 6.0753784
2.670395 2.3736877 7.6426697
2.6823578 1.9501495 9.92543
1.5792694 1.689331 11.6315155
0.33499146 1.4644012 11.437698
-0.0143585205 1.5720825 9.363113
0.18664551 2.1511536 8.248062
0.62931824 2.3497467 7.9082794
0.6795654 2.4263153 7.7144623
0.5934143 2.5292206 7.738388
0.6460571 2.6608124 8.145172
0.6915283 2.8043823 8.659622
0.27278137 2.8307037 8.6237335
-0.17706299 2.794815 8.977875
-0.28953552 2.7708893 9.49472
-0.29193115 2.9527435 9.729218
-0.22492981 3.115448 9.865616
-0.18664551 3.1489563 9.870392
-0.007171631 3.1680908 10.17189
0.32063293 3.3092804 10.590637
0.18185425 3.797409 9.824936
0.5120697 3.2398834 9.138184
0.41635132 2.773285 11.119446
-0.009567261 2.622528 13.112671
-0.29193115 1.935791 14.617752
-0.25842285 1.3734741 13.7395935
-0.21534729 1.3878326 11.3563385
-0.24645996 1.5385895 9.714859
-0.81355286 1.7395782 8.224136
-1.3782654 1.8161469 6.932007
-1.701294 1.9118652 6.460617
-1.6127625 1.8137665 7.171295
-0.83987427 1.3016968 9.305695
-0.2536316 0.9906311 11.887543
-0.052642822 0.8805542 13.332809
-0.28953552 0.8063812 11.009384
-0.41635132 1.138977 8.760132
-0.18664551 1.409378 8.580658
-0.23449707 1.8089752 9.298508
-0.3517456 1.8424683 9.245865
-0.6197357 1.8903351 8.506485
-0.73220825 1.907074 8.535202
-0.6652069 1.9262238 9.174088
-0.5168457 1.9477539 9.662216
-0.3062744 2.0003967 9.913467
-0.16270447 2.074585 9.944565
0.0143585205 2.1056824 9.997208
0.18185425 2.182251 9.9756775
0.124420166 2.2205353 9.9015045
-0.04307556 2.2348938 9.913467
-0.114852905 2.2348938 10.0785675
-0.102890015 2.2061768 10.116852
-0.15553284 2.1128693 10.066605
-0.3014984 2.371292 9.722046
0.007171631 2.251648 9.358322
0.41874695 1.9453583 10.054642
1.0121613 1.4787598 11.705688
1.1629181 0.90927124 13.055237
0.66041565 0.6006012 12.830322
0.1483612 0.65563965 11.784653
-0.06460571 1.0743713 10.928024
-0.021530151 1.1892395 10.054642
0.30389404 1.311264 8.654846
0.66760254 1.5385895 7.4392853
0.75613403 1.660614 7.039688
0.9068756 1.7826538 7.4560394
1.5122681 1.6295166 9.131012
2.0434723 1.2705841 11.389832
2.005188 0.75852966 13.076782
1.1437683 0.66760254 12.945175
0.447464 0.8805542 10.403992
0.31825256 1.2227325 8.312668
0.124420166 1.7778625 7.2646027
-0.0023956299 2.2014008 7.635498
0.12921143 2.1798553 7.6713867
0.5862427 2.0027924 7.5756836
1.0983124 1.976471 8.250458
1.1940155 2.0362854 9.315262
1.2203369 1.9908295 10.162323
1.1964111 1.7180481 10.56192
1.0408783 1.7778625 10.0785675
0.9379883 1.8520508 9.427719
0.96191406 1.9597168 9.305695
0.8757782 2.038681 9.891922
1.0193481 1.8927155 9.954147
1.0241241 1.8879395 9.5354
1.0097656 1.9286194 9.099899
0.8231354 1.9477539 9.377472
0.9260254 1.9118652 10.136002
1.1365967 1.907074 10.980667
0.8829498 1.8233337 11.042877
0.59103394 1.6103668 10.695923
0.64367676 1.4333038 10.607376
0.78245544 1.3974152 11.133804
0.74894714 1.4596252 11.940186
0.5479584 1.4404755 11.887543
0.3254242 1.4021912 10.782059
0.29193115 1.5026855 9.659821
0.29910278 1.5601196 9.233902
0.33499146 1.4476624 9.334396
0.41635132 1.2945099 9.872787
0.32063293 1.2394867 9.848862
-0.1651001 1.1198425 9.664612
-0.39242554 0.89730835 9.934998
-0.4665985 0.72024536 10.064209
-0.4402771 0.6053772 9.98764
-0.7154541 0.5359955 9.765106
-0.87815857 0.44506836 10.030716
-0.7848511 0.4402771 10.631317
-0.59580994 0.42352295 11.018951
-0.39482117 0.46899414 10.784454
-0.36131287 0.55274963 10.317856
-0.31585693 0.59820557 10.616959
-0.46180725 0.6053772 10.868195
-0.35653687 0.59820557 10.942383
0.01675415 0.6460571 10.856232
0.32063293 0.8111725 10.655243
0.27038574 1.0145569 10.74617
-0.29670715 0.9667053 10.837097
-0.6412811 0.7992096 10.777267
-0.5096741 0.75613403 10.392029
-0.38046265 0.87098694 9.899109
-0.21774292 0.9834442 9.726822
-0.07896423 0.9714813 9.970886
-0.088531494 0.7657013 10.136002
-0.17468262 0.65802 10.425522
-0.33738708 0.65563965 10.906479
-0.59820557 0.53359985 11.004593
-0.89730835 0.4019928 10.322632
-0.87815857 0.5240326 9.451645
-0.6508484 0.6460571 8.946762
-0.39720154 0.75852966 9.090332
-0.19381714 0.7465668 9.657425
-0.19381714 0.727417 10.17189
-0.04067993 0.7513428 10.669601
0.114852905 0.8518524 10.906479
-0.052642822 0.90927124 10.504486
-0.23928833 0.8111725 10.145569
-0.33021545 0.77526855 10.2341
-0.55274963 0.653244 10.588242
-0.4857483 0.5623169 10.691132
-0.55992126 0.5886383 10.420746
-0.35653687 0.67477417 9.939789
-0.33499146 0.7465668 9.767502
-0.3637085 0.69392395 10.025925
-0.33259583 0.4905243 10.128815
-0.21057129 0.447464 10.073776
-0.12921143 0.50727844 10.291534
0.07417297 0.5862427 10.272385
0.052642822 0.62213135 9.817749
-0.117248535 0.5288086 9.767502
-0.2368927 0.50727844 10.164719
-0.31825256 0.5407715 10.183853
-0.24645996 0.65802 9.683746
-0.1268158 0.80158997 9.722046
-0.15553284 0.8614197 10.15036
-0.33259583 0.77526855 10.545166
-0.447464 0.72262573 10.482956
-0.447464 0.8279114 10.332214
-0.35414124 0.830307 10.241287
-0.36610413 0.84706116 10.229324
-0.3397827 0.8039856 10.200607
-0.2416687 0.8159485 10.238892
-0.20100403 0.8279114 10.272385
-0.34457397 0.76330566 10.281952
-0.3254242 0.7130585 10.083359
-0.29193115 0.77526855 9.951752
-0.3397827 0.74417114 10.030716
-0.3900299 0.6963043 10.088135
-0.37088013 0.7034912 10.116852
-0.29910278 0.68196106 10.1766815
-0.275177 0.73220825 10.10968
-0.27757263 0.727417 10.04985
-0.3134613 0.75852966 10.073776
-0.33021545 0.74894714 10.092926
-0.3517456 0.74417114 10.083359
-0.34934998 0.73698425 10.10968
-0.32302856 0.76091003 10.124039
-0.34695435 0.7776642 10.124039
-0.3397827 0.76330566 10.19342
-0.33738708 0.76091003 10.183853
-0.36131287 0.76330566 10.042679
-0.44267273 0.7513428 9.968506
-0.49771118 0.7417755 10.095322
-0.45463562 0.7082825 10.231705
-0.7010956 0.6795654 10.406387
-0.5647125 0.8877411 9.944565
-0.110076904 0.9188385 9.793823
0.033493042 1.0480499 10.258026
0.19621277 1.0241241 10.853836
-1.0983124 0.46180725 10.320251
-1.5122681 0.8374939 9.588043
-0.1651001 0.91645813 9.693329
0.36131287 0.99780273 9.793823
0.059814453 0.9714813 9.942184
-0.39720154 0.899704 10.368103
-0.46180725 0.83987427 10.511673
-0.3062744 0.7896271 10.470993
-0.32063293 0.8422699 10.368103
-0.34217834 0.80877686 10.195816
-0.38285828 0.8805542 10.092926
-0.34457397 0.8039856 9.92543
-0.22732544 0.8279114 10.076172
-0.098098755 0.8446655 10.320251
-0.2368927 0.8614197 10.243668
-0.4019928 0.91166687 9.954147
-0.31106567 0.7417755 9.753143
-0.39482117 0.28953552 9.681366
-0.4402771 0.67477417 10.09053
-0.14356995 0.33021545 9.970886
1.1820526 -0.55274963 10.487747
0.98106384 -0.2416687 11.160126
0.9140625 0.61016846 11.231903
-0.0023956299 1.5960083 10.4231415
-1.2705841 2.2037964 9.253052
-2.0315094 3.036499 8.116455
-2.2588196 3.5581207 7.5086823
-2.5507507 3.172882 8.130814
-1.5649109 1.9932251 9.28894
-0.899704 1.4572296 10.817947
-0.8685913 1.1246338 12.624527
-1.6486511 0.95474243 12.437897
-1.9836426 0.8422699 10.593033
-1.9716797 0.99302673 10.29393
-1.9429779 1.4380798 10.19104
-1.6319122 1.5888367 9.827316
-1.5337982 1.7563324 9.480362
-1.8209381 1.6941223 8.719452
-2.897705 2.1056824 8.776871
-2.9623108 2.0267181 9.444473
-2.1894379 1.5912323 10.1766815
-1.9238281 1.6055908 10.365707
-2.1846466 1.6869354 10.018753
-2.3521423 1.8185425 9.547363
-2.2779694 1.9166565 9.384644
-2.2085724 2.096115 9.310471
-2.2660065 2.239685 9.427719
-2.182251 2.0985107 9.848862
-2.3641052 1.9142609 10.279572
-2.273178 1.9621124 10.124039
-2.1032867 2.2205353 9.5282135
-2.2037964 2.321045 9.401398
-2.1128693 2.2157593 9.516251
-2.371292 2.423935 9.446869
-2.3353882 2.5244293 9.755539
-2.3928223 2.1128693 9.504288
-2.6608124 2.2660065 9.485153
-2.457428 2.4215393 9.47319
-2.0578308 2.4693909 9.7005005
-1.8903351 2.342575 9.9039
-2.1320038 2.239685 9.9756775
-2.4693909 2.222931 9.817749
-2.5339966 2.297104 9.609573
-2.395218 2.3521423 9.415756
-2.136795 2.5507507 9.49472
-2.1032867 2.4071808 9.219543
-2.5818634 2.1870422 9.367905
-2.445465 2.0602264 10.430313
-2.3377838 2.2564392 10.226929
-2.045868 2.4598236 9.789032
-2.0027924 2.5579224 9.241089
-2.3976135 2.383255 8.626129
-2.4622192 2.399994 9.820145
-2.4789581 2.3976135 10.370499
-2.3186493 2.4622192 10.286743
