0.18840027 0.3428955 -0.82328796
0.18840027 0.3428955 -0.82328796
-0.21598816 -0.5129242 -0.04197693
-0.23431396 -0.5794983 -0.05480957
-0.17567444 -0.5245209 -0.120788574
-0.1652832 -0.50619507 -0.1281128
-0.23370361 -0.5978241 -0.09207153
-0.4328308 -0.6894531 -0.10734558
-0.6338196 -0.76704407 -0.08047485
-0.7217865 -0.7780304 -0.028549194
-0.6765747 -0.59599304 -0.0022735596
-0.4719391 -0.27713013 0.0178833
-0.31922913 -0.009567261 0.08872986
-0.4267273 -0.0059051514 0.16998291
-0.6655884 -0.18487549 0.0844574
-0.88671875 -0.5300293 -0.03465271
-0.7914276 -0.6876221 -0.17576599
-0.3418274 -0.16410828 -0.1659851
-0.14205933 0.17430115 -0.0022735596
-0.4084015 -0.055984497 0.05331421
-0.65153503 -0.42190552 -0.13056946
-0.622818 -0.6381378 -0.3889618
-0.4615631 -0.7303772 -0.5154114
-0.15979004 -0.541626 -0.26434326
-0.041275024 -0.39562988 -0.04197693
-0.021728516 -0.3870697 0.050857544
-0.08892822 -0.4237213 0.1027832
-0.3296051 -0.26124573 0.32452393
-0.7474518 0.36184692 0.61590576
-1.0614319 1.1687927 0.8040619
-1.1353455 1.5371552 0.79977417
-1.0742493 1.3746643 0.6568451
-0.90748596 0.89878845 0.563385
-0.5910492 0.40216064 0.5786438
-0.13290405 -0.019332886 0.65989685
0.32218933 -0.46099854 0.5817108
0.65083313 -0.71817017 0.43510437
0.6929779 -0.7413788 0.3972168
0.5042267 -0.748703 0.3355255
0.36982727 -0.80430603 0.20785522
0.3399048 -0.8488922 0.09422302
0.35577393 -0.7065582 0.09362793
0.30264282 -0.4139557 0.13148499
0.14320374 -0.08409119 0.1357727
0.05706787 0.10343933 0.12721252
0.11936951 0.09489441 0.1522522
0.25621033 0.011810303 0.15348816
0.3154602 -0.019943237 0.099731445
0.27514648 -0.08226013 -0.007171631
0.22688293 -0.047439575 -0.04260254
0.18840027 0.1254425 0.0013885498
0.1352539 0.21461487 0.02520752
0.086380005 0.14498901 0.031311035
0.06317139 0.03868103 0.031936646
0.1633606 -0.07675171 0.056350708
0.38388062 -0.12989807 -0.10002136
0.5188904 -0.19221497 -0.21607971
0.37165833 -0.05781555 -0.12750244
0.19145203 0.2616577 -0.064590454
0.0014953613 0.24638367 -0.18370056
-0.03211975 -0.10913086 -0.27716064
0.094940186 -0.29911804 -0.20326233
0.18107605 -0.063323975 0.025817871
0.14808655 0.23538208 0.26161194
0.058898926 0.27998352 0.4143219
0.025909424 0.08023071 0.3990631
-0.05166626 -0.25634766 0.29826355
-0.12495422 -0.41822815 0.30314636
0.02897644 -0.28138733 0.41004944
0.1328125 0.056411743 0.46258545
-0.03578186 0.104660034 0.47053528
-0.24224854 -0.18792725 0.42166138
-0.1457367 -0.37974548 0.3807373
0.15052795 -0.2716217 0.3495636
0.118774414 -0.09751892 0.34162903
-0.2453003 -0.04071045 0.42959595
-0.46400452 -0.046218872 0.50045776
-0.3479309 0.008758545 0.510849
-0.09503174 0.18469238 0.47601318
0.011871338 0.2689972 0.3825531
-0.11091614 0.17796326 0.3324585
-0.27279663 0.014251709 0.33735657
-0.25202942 0.003250122 0.32147217
-0.11029053 0.11566162 0.28970337
0.018585205 0.2518921 0.31658936
0.039352417 0.29953003 0.33369446
-0.073654175 0.2421112 0.2952118
-0.19459534 0.15719604 0.263443
-0.16345215 0.0900116 0.27749634
-0.03211975 0.15597534 0.31047058
-0.033935547 0.26226807 0.34040833
-0.13780212 0.31236267 0.33613586
-0.23797607 0.2237854 0.2487793
-0.2917328 0.053955078 0.13516235
-0.2795105 -0.0077209473 0.09300232
-0.21476746 0.033798218 0.13699341
-0.17504883 0.0753479 0.17791748
-0.246521 0.07901001 0.13148499
-0.34976196 0.020355225 0.039871216
-0.31800842 0.003250122 -0.02671814
-0.23614502 -0.019332886 -0.019378662
-0.20498657 -0.04927063 0.036819458
-0.2129364 -0.087753296 0.05819702
-0.2129364 -0.15371704 0.04537964
-0.16101074 -0.16900635 0.028869629
-0.098083496 -0.098739624 0.019104004
-0.089523315 0.038085938 0.030090332
-0.10662842 0.10160828 0.035598755
-0.08892822 0.06556702 0.039871216
-0.09564209 -0.009567261 0.042922974
-0.11824036 -0.06576538 0.059417725
-0.12739563 -0.08103943 0.083236694
-0.24346924 0.008758545 0.06918335
-0.45910645 0.12237549 0.02949524
-0.40229797 0.14620972 0.00077819824
-0.18971252 0.11444092 -0.012054443
-0.21781921 0.049682617 0.006881714
-0.17321777 0.024642944 0.02520752
-0.10662842 0.027694702 0.05331421
-0.09625244 0.019760132 0.091171265
-0.1640625 0.016082764 0.091171265
-0.23553467 -0.046829224 0.0697937
-0.22697449 -0.066986084 0.059417725
-0.23797607 -0.062088013 0.03804016
-0.27218628 -0.031555176 0.011169434
-0.26669312 0.013641357 -0.019378662
-0.17382812 0.024032593 -0.012054443
-0.010726929 0.1113739 0.002609253
0.12059021 0.1614685 0.016662598
0.1462555 0.0900116 0.027648926
0.12792969 0.020980835 0.012390137
0.087005615 -0.012008667 -0.0022735596
0.0027160645 -0.07858276 0.0044403076
-0.008285522 -0.04988098 0.014831543
0.055847168 0.00021362305 0.03253174
0.12243652 0.020980835 0.036819458
0.15420532 0.057632446 0.03253174
0.14379883 0.055786133 0.05697632
0.09005737 0.07106018 0.1003418
0.0039367676 0.17002869 0.18586731
0.14135742 0.25248718 0.083847046
0.098602295 0.069229126 -0.021209717
0.008804321 0.017913818 -0.05848694
0.011871338 -0.06942749 -0.09269714
0.19145203 -0.095687866 -0.16537476
0.24337769 -0.31559753 -0.16415405
0.20611572 -0.34187317 -0.08413696
0.3631134 -0.08592224 -0.037094116
0.4779663 -0.015060425 0.0062713623
0.35333252 -0.075531006 0.05026245
0.16152954 -0.13050842 0.036819458
0.1328125 -0.12013245 -0.04626465
0.24337769 0.0038757324 -0.12322998
0.32707214 0.13276672 -0.1452179
0.28919983 0.18713379 -0.13850403
0.20367432 0.16575623 -0.13301086
0.16885376 0.07778931 -0.121398926
0.24276733 0.056411743 -0.09451294
0.2818756 0.07901001 -0.08779907
0.24459839 0.12054443 -0.08657837
0.2146759 0.124816895 -0.117126465
0.1804657 0.08206177 -0.1476593
0.18717957 0.11627197 -0.15866089
0.18595886 0.100997925 -0.17332458
0.1633606 0.060684204 -0.20019531
0.16397095 0.05029297 -0.2136383
0.1804657 0.004470825 -0.20507812
0.20794678 -0.03338623 -0.22036743
0.19696045 -0.030944824 -0.26922607
0.1511383 -0.051101685 -0.32725525
0.1486969 -0.023605347 -0.37490845
0.13710022 0.03440857 -0.39872742
0.12121582 0.04663086 -0.4109497
0.14686584 0.005706787 -0.4085083
0.18412781 -0.042541504 -0.41583252
0.2000122 -0.04559326 -0.4543152
0.18351746 -0.009567261 -0.49830627
0.13098145 -0.013839722 -0.56733704
0.08883667 -0.11584473 -0.6620178
0.13647461 -0.19892883 -0.76586914
0.21528625 -0.22642517 -0.75975037
0.25865173 -0.24902344 -0.6662903
0.30874634 -0.23680115 -0.6491852
0.3148651 -0.20381165 -0.7267761
0.24337769 -0.17266846 -0.8067932
0.22322083 -0.19099426 -0.8538208
0.27575684 -0.23802185 -0.8336792
0.33685303 -0.26612854 -0.7701416
0.374115 -0.32659912 -0.77441406
0.3667755 -0.3809662 -0.85627747
0.29164124 -0.35165405 -0.9527893
0.17312622 -0.31559753 -0.98883057
0.13464355 -0.37120056 -0.9491272
0.20611572 -0.5141449 -0.93385315
0.31852722 -0.6057739 -0.991272
0.34906006 -0.5361328 -1.096344
0.30386353 -0.3821869 -1.1812592
0.27819824 -0.25390625 -1.2728882
0.24093628 -0.26184082 -1.3596344
0.2305603 -0.33821106 -1.4017792
0.26109314 -0.3705902 -1.354126
0.23422241 -0.4029541 -1.252121
0.18107605 -0.478714 -1.2124176
0.19267273 -0.5856018 -1.279602
0.2470398 -0.5917206 -1.3749084
0.2134552 -0.45793152 -1.4066772
0.14013672 -0.30827332 -1.3461914
0.12059021 -0.26184082 -1.279007
0.12487793 -0.451828 -1.3199158
0.07600403 -0.45915222 -1.4182739
-0.1005249 -0.3559265 -1.4543152
-0.29478455 -0.31437683 -1.4268188
-0.36808777 -0.35653687 -1.3749084
-0.2966156 -0.4542694 -1.304657
-0.1493988 -0.5862274 -1.2722778
0.0069732666 -0.6271515 -1.2667847
0.15542603 -0.4371643 -1.2166901
0.22749329 -0.23558044 -1.1415558
0.22566223 -0.2862854 -1.125061
0.21772766 -0.38830566 -1.160492
0.20245361 -0.3650818 -1.1733246
0.09310913 -0.26612854 -1.1885834
-0.113357544 -0.11891174 -1.1543732
-0.21659851 0.064956665 -1.0370941
-0.17260742 -0.03704834 -0.8929291
-0.1628418 -0.567276 -0.7792969
-0.089523315 -0.7688751 -0.7444916
0.1474762 -0.10058594 -0.88009644
0.20550537 0.75279236 -0.96928406
-0.04371643 0.8694763 -0.9234772
-0.3320465 0.21951294 -0.8660431
-0.3296051 -0.64364624 -0.8611603
0.013092041 -1.0046692 -0.8904877
0.49017334 -0.68640137 -1.0126648
0.74124146 -0.48542786 -1.1940918
0.462677 -0.95518494 -1.2295227
0.06806946 -1.1408997 -1.1513214
0.06561279 -0.64120483 -1.1030579
0.19696045 0.07044983 -1.0541992
0.20977783 0.1413269 -1.1207886
0.10043335 -0.33821106 -1.2203522
0.10899353 -0.7328186 -1.1940918
0.2830963 -0.59599304 -1.2246246
0.28981018 -0.19770813 -1.1311646
0.102890015 -0.14700317 -1.0163269
-0.11947632 -0.40112305 -1.0486908
-0.21965027 -0.478714 -1.0731354
-0.20864868 -0.21786499 -1.0548096
-0.18605042 0.03501892 -0.95706177
-0.23797607 -0.0046844482 -0.7811432
-0.2819519 -0.29545593 -0.60765076
-0.23858643 -0.44023132 -0.50257874
-0.12007141 -0.3650818 -0.41278076
-0.017456055 -0.26002502 -0.34436035
-0.005844116 -0.26124573 -0.34925842
-0.065093994 -0.34370422 -0.3816223
-0.14451599 -0.37303162 -0.36817932
-0.15916443 -0.32476807 -0.3297119
-0.01928711 -0.21786499 -0.36270142
0.12181091 -0.18914795 -0.4561615
0.08822632 -0.3852539 -0.53800964
0.014907837 -0.50497437 -0.5679474
0.06439209 -0.30400085 -0.5465698
0.009429932 -0.2227478 -0.5471649
-0.21170044 -0.33270264 -0.6217041
-0.5391388 -0.5917206 -0.8287811
-0.8201294 -0.685791 -1.0138855
-0.78408813 -0.4005127 -1.0535889
-0.37297058 -0.110961914 -0.91186523
0.12609863 -0.02848816 -0.7261505
0.40342712 -0.18121338 -0.694397
0.29164124 -0.47322083 -0.7958069
0.0069732666 -0.71572876 -0.9698944
-0.12680054 -0.6625824 -1.147049
-0.0663147 -0.31134033 -1.2221832
0.091278076 0.05885315 -1.1439972
0.19207764 0.1724701 -1.0261078
0.21406555 0.13398743 -0.97050476
0.21099854 0.11503601 -0.9601288
0.2000122 0.10404968 -0.9613495
0.19085693 0.028305054 -0.9228668
0.2158966 -0.033996582 -0.8513794
0.26109314 -0.048049927 -0.77441406
0.30142212 0.015472412 -0.7060089
0.2824707 0.12666321 -0.6326904
0.23117065 0.17857361 -0.5294647
0.18656921 0.07167053 -0.38284302
0.18595886 -0.103027344 -0.21058655
0.25376892 -0.10668945 -0.060928345
0.35762024 0.15231323 0.010543823
0.33685303 0.31053162 -0.024276733
0.051574707 -0.046218872 -0.11405945
-0.34976196 -0.55262756 -0.1953125
-0.57762146 -0.94602966 -0.25883484
-0.3406067 -0.46710205 -0.25823975
0.17985535 0.5695343 -0.21914673
0.37960815 0.88108826 -0.14399719
0.10899353 0.3380127 -0.07803345
-0.18605042 -0.27835083 -0.05480957
0.059509277 -0.21481323 0.03315735
0.033233643 -0.20075989 0.056350708
-0.20193481 -0.29789734 -0.0010528564
-0.29600525 -0.24169922 -0.096954346
-0.10725403 -0.026672363 -0.13056946
0.21711731 0.21095276 -0.08169556
0.4272461 0.22988892 -0.021820068
0.40769958 -0.024230957 -0.016937256
0.2690277 -0.27101135 -0.05114746
0.19023132 -0.2557373 -0.09147644
0.18717957 -0.12989807 -0.11590576
0.18656921 -0.10668945 -0.09635925
0.18412781 -0.18304443 -0.049926758
0.1303711 -0.27835083 -0.019378662
0.026519775 -0.3388214 -0.015106201
-0.0687561 -0.33392334 -0.05053711
-0.106033325 -0.270401 -0.09269714
-0.08280945 -0.11279297 -0.10734558
-0.037612915 0.11444092 -0.08106995
-0.16772461 0.03501892 -0.05848694
-0.46644592 -0.12257385 -0.10795593
-0.7315674 -0.29545593 -0.28144836
-0.7694397 -0.30949402 -0.35902405
-0.48599243 0.018539429 -0.22462463
-0.038223267 0.5463257 -0.049926758
0.29164124 0.7094269 0.026428223
0.38754272 0.21951294 0.0539093
0.29042053 -0.5202484 -0.052368164
0.22810364 -0.817749 -0.2625122
0.25804138 -0.44389343 -0.45065308
0.22810364 0.09182739 -0.49647522
0.17190552 0.3526764 -0.43537903
0.16641235 0.31541443 -0.3297119
0.21772766 0.09611511 -0.23747253
0.3264618 -0.047439575 -0.21607971
0.37594604 -0.06086731 -0.23625183
0.2763672 -0.06881714 -0.23379517
0.17007446 -0.051712036 -0.2099762
0.20733643 0.0093688965 -0.17759705
0.33195496 0.105270386 -0.14094543
0.36616516 0.16697693 -0.097579956
0.24398804 0.14680481 -0.04626465
0.066223145 0.051513672 0.002609253
-0.024780273 -0.055374146 0.036209106
0.019195557 -0.041931152 0.059417725
0.12365723 0.207901 0.115615845
0.07661438 0.2763214 0.14736938
-0.21109009 0.053955078 0.13516235
-0.5171356 -0.123794556 0.1174469
-0.6313782 -0.5373535 0.096069336
-0.37908936 -0.5361328 0.13026428
0.12609863 0.23110962 0.27627563
0.35395813 0.76135254 0.4167633
0.094940186 0.5011139 0.4460907
-0.1665039 -0.026672363 0.43692017
-0.07487488 -0.27590942 0.43081665
0.123031616 -0.25756836 0.46868896
0.062561035 -0.27650452 0.4460907
-0.1322937 -0.2911682 0.32025146
-0.09686279 -0.1060791 0.1822052
0.15357971 0.14620972 0.10461426
0.3264618 0.2689972 0.12721252
0.26109314 0.16758728 0.16020203
0.06867981 -0.05293274 0.1174469
-0.04798889 -0.19648743 0.06491089
-0.013793945 -0.26734924 0.04170227
0.1328125 -0.18792725 0.031936646
0.24276733 -0.03704834 -0.015106201
0.17678833 0.017318726 -0.08169556
0.061950684 -0.035827637 -0.1476593
0.037521362 -0.13783264 -0.16905212
0.066223145 -0.21847534 -0.15866089
0.08761597 -0.22947693 -0.15988159
0.08761597 -0.10852051 -0.16966248
0.055847168 0.08938599 -0.15438843
-0.1005249 -0.07736206 -0.162323
-0.30393982 -0.22947693 -0.20814514
-0.42184448 -0.19038391 -0.31932068
-0.46705627 -0.08226013 -0.38224792
-0.4114685 0.1113739 -0.34313965
-0.19093323 0.26287842 -0.23379517
0.094940186 0.18713379 -0.10002136
0.30445862 -0.041931152 -0.02305603
0.3136444 -0.29301453 -0.027938843
0.07234192 -0.44755554 -0.14399719
-0.22880554 -0.37486267 -0.3126068
-0.30639648 -0.07003784 -0.43966675
-0.1628418 0.22866821 -0.46897888
0.037521362 0.3551178 -0.42071533
0.11631775 0.24699402 -0.38713074
0.08822632 0.029525757 -0.40057373
0.04118347 -0.11647034 -0.41705322
-0.013168335 -0.12135315 -0.43537903
-0.07182312 0.003250122 -0.55389404
-0.045547485 0.0093688965 -0.5441284
0.021026611 0.007537842 -0.4732666
0.10777283 0.039916992 -0.3779602
0.14320374 0.05517578 -0.31687927
0.10533142 0.10038757 -0.31137085
0.025299072 0.10160828 -0.36024475
-0.049209595 -0.004058838 -0.36758423
-0.03578186 -0.0718689 -0.30038452
0.07234192 0.020355225 -0.24235535
0.078445435 -0.18182373 -0.28511047
-0.009506226 -0.2374115 -0.29977417
-0.14328003 -0.27650452 -0.3486328
-0.19888306 -0.3663025 -0.3486328
-0.03517151 -0.19099426 -0.2649536
0.23971558 0.06556702 -0.16966248
0.37104797 0.06556702 -0.16415405
0.17190552 -0.20259094 -0.2441864
-0.25325012 -0.4860382 -0.33154297
-0.50798035 -0.55934143 -0.29794312
-0.38397217 -0.35714722 -0.18797302
-0.06816101 0.027694702 -0.12934875
-0.07853699 0.13948059 -0.1977539
-0.4297943 -0.12806702 -0.30099487
-0.5660095 -0.40112305 -0.34069824
-0.21965027 -0.3693695 -0.31932068
0.25376892 -0.004058838 -0.33398438
0.3570099 0.23416138 -0.3632965
0.06867981 0.14743042 -0.3608551
-0.21231079 0.032577515 -0.36880493
-0.2587433 -0.02911377 -0.46348572
-0.12680054 -0.046218872 -0.6290283
-0.0015716553 -0.059646606 -0.7261505
0.042404175 -0.111572266 -0.7041626
0.046066284 -0.17388916 -0.6559143
0.041793823 -0.2190857 -0.696228
0.03691101 -0.2520752 -0.82084656
0.0051574707 -0.2349701 -0.9576874
-0.018066406 -0.17510986 -1.006546
0.0045318604 -0.11828613 -0.94851685
0.11021423 -0.03277588 -0.9039154
0.17190552 -0.09202576 -0.9442444
0.041793823 -0.3192749 -1.0261078
-0.16894531 -0.43778992 -1.147049
-0.34854126 -0.48420715 -1.266159
-0.48538208 -0.42556763 -1.3663483
-0.6148834 -0.34797668 -1.381012
-0.6063385 -0.29483032 -1.2692261
-0.29968262 -0.20932007 -1.0767975
0.1816864 -0.10180664 -0.91552734
0.48284912 -0.022994995 -0.82328796
0.4309082 -0.18792725 -0.8281708
0.21038818 -0.54589844 -1.007782
0.0002746582 -0.7310028 -1.2160797
-0.16772461 -0.5623932 -1.2961121
-0.24163818 -0.32843018 -1.2392883
-0.20376587 -0.21603394 -1.0645752
-0.131073 -0.18670654 -0.92836
-0.05227661 -0.21420288 -0.9100342
0.054016113 -0.29789734 -0.88926697
0.13098145 -0.47810364 -0.9088135
0.16152954 -0.63386536 -0.9949341
0.12243652 -0.46099854 -1.0425873
-0.013168335 -0.20870972 -1.0126648
-0.19644165 -0.29423523 -0.980896
-0.20925903 -0.4958191 -0.9381256
-0.085861206 -0.51168823 -0.9075928
0.000869751 -0.4506073 -0.9210205
-0.08830261 -0.34492493 -0.96806335
-0.34732056 -0.29789734 -0.97172546
-0.3809204 -0.33392334 -0.8373413
-0.077926636 -0.29789734 -0.6687317
0.13464355 -0.20932007 -0.6082611
-0.014389038 -0.30888367 -0.6143646
-0.33021545 -0.4860382 -0.60398865
-0.41757202 -0.51353455 -0.5435028
-0.17321777 -0.37425232 -0.45921326
0.010650635 -0.17938232 -0.39323425
-0.044326782 -0.15312195 -0.38772583
-0.14878845 -0.18060303 -0.45370483
-0.2471466 -0.19465637 -0.5001373
-0.29356384 -0.15068054 -0.5001373
-0.18299866 -0.09446716 -0.43600464
-0.062042236 -0.058425903 -0.37734985
-0.11947632 -0.09385681 -0.33947754
-0.21720886 -0.1060791 -0.30648804
-0.2624054 -0.08163452 -0.29611206
-0.22392273 -0.13172913 -0.28938293
-0.16038513 -0.14945984 -0.23013306
-0.15122986 -0.14883423 -0.18675232
-0.19032288 -0.12501526 -0.20080566
-0.20742798 -0.10546875 -0.228302
-0.20376587 -0.06820679 -0.2454071
-0.22392273 -0.062698364 -0.26068115
-0.18299866 -0.09385681 -0.28327942
-0.13961792 -0.08409119 -0.25579834
-0.117630005 -0.051101685 -0.17881775
-0.12251282 -0.038269043 -0.13238525
-0.15000916 -0.08163452 -0.10551453
-0.1298523 -0.11340332 -0.09941101
-0.073654175 -0.026046753 -0.113464355
-0.0687561 0.033798218 -0.10795593
-0.12680054 0.0753479 -0.10246277
-0.1665039 0.092453 -0.08657837
-0.1151886 0.06251526 -0.097579956
-0.04310608 -0.0010070801 -0.117126465
-0.008895874 0.018539429 -0.035873413
0.0039367676 0.093673706 0.09362793
0.03263855 0.10282898 0.08811951
-0.024780273 0.08755493 0.00016784668
-0.08526611 0.072280884 -0.101242065
-0.0993042 0.048461914 -0.13362122
-0.09197998 -0.0034484863 -0.14155579
-0.06326294 -0.022994995 -0.15682983
-0.06997681 -0.022994995 -0.1611023
-0.09503174 -0.016281128 -0.17088318
-0.090148926 -0.022384644 -0.1635437
-0.06692505 -0.022994995 -0.1635437
-0.057159424 0.0069274902 -0.17393494
-0.052886963 0.0093688965 -0.1806488
-0.05104065 -0.015670776 -0.1806488
-0.08770752 -0.04071045 -0.18920898
-0.117630005 -0.024230957 -0.20385742
-0.09074402 0.008758545 -0.19042969
-0.02722168 0.0014343262 -0.17332458
-0.024780273 -0.012008667 -0.162323
-0.06692505 0.014862061 -0.14399719
-0.10418701 0.025253296 -0.12934875
-0.11091614 -0.006500244 -0.09880066
-0.052886963 -0.035827637 -0.056030273
-0.016235352 -0.04071045 -0.033432007
-0.044326782 0.003250122 -0.024276733
-0.0687561 0.037460327 -0.013885498
-0.049819946 0.00021362305 -0.0132751465
-0.030883789 -0.04559326 -0.024871826
-0.021118164 -0.03338623 -0.010223389
-0.010116577 -0.0022277832 0.0062713623
-0.008285522 0.0026550293 0.002609253
-0.011947632 -0.015670776 -0.016937256
-0.0040130615 -0.0059051514 -0.02243042
0.0027160645 -0.0016326904 -0.011444092
-0.006454468 -0.02545166 -0.016326904
-0.02722168 -0.051712036 -0.031600952
-0.019897461 -0.047439575 -0.040756226
0.027740479 -0.0077209473 -0.040756226
0.03691101 0.009979248 -0.023651123
0.0039367676 -0.011383057 -0.018157959
-0.015014648 -0.024230957 -0.032211304
-0.027832031 -0.0071258545 -0.037094116
-0.029663086 -0.0004119873 -0.0309906
0.002090454 -0.01689148 -0.040161133
0.031417847 -0.0071258545 -0.040161133
0.02835083 0.015472412 -0.023651123
-0.0009613037 0.030136108 -0.019378662
-0.05593872 0.022201538 -0.02671814
-0.08708191 0.008148193 -0.037704468
-0.07121277 -0.012619019 -0.048706055
-0.015609741 0.003250122 -0.030380249
0.025299072 0.015472412 0.0019989014
0.010650635 0.0014343262 0.009933472
-0.024169922 -0.00894165 -0.012054443
-0.037612915 0.0014343262 -0.024276733
-0.03211975 0.013031006 -0.015716553
-0.013793945 0.00021362305 -0.017547607
-0.016830444 -0.01322937 -0.027938843
-0.012573242 0.0014343262 -0.031600952
0.010025024 0.0063171387 -0.026107788
0.013687134 0.0050964355 -0.012054443
0.008804321 0.016082764 -0.009613037
0.019195557 0.02708435 0.0019989014
0.03201294 0.015472412 0.014831543
0.015533447 -0.006500244 0.02154541
-0.00340271 -0.011383057 0.011169434
-0.0009613037 -0.012619019 -0.004714966
0.007598877 0.0008087158 -0.0077819824
0.022857666 -0.0071258545 -0.0010528564
0.054626465 -0.0046844482 -0.004714966
0.04789734 0.011199951 -0.01449585
-0.0027923584 0.020355225 -0.015106201
-0.025390625 0.011810303 -0.019378662
-0.0070648193 0.0063171387 -0.02305603
0.03201294 -0.0046844482 -0.02243042
0.041793823 -0.020553589 -0.01876831
0.015533447 -0.014450073 -0.016937256
0.002090454 -0.011383057 -0.01083374
-0.009506226 -0.0022277832 -0.02243042
-0.015609741 0.0753479 -0.04626465
0.0033111572 0.14620972 -0.051757812
0.000869751 0.0942688 0.030715942
0.06317139 -0.13661194 0.1015625
0.04852295 -0.13479614 0.04963684
-0.049209595 0.07472229 -0.03404236
-0.10418701 0.10649109 -0.053588867
0.05279541 -0.0730896 -0.021209717
0.115097046 -0.22335815 0.04475403
0.043014526 -0.16532898 0.06674194
0.039352417 0.03440857 0.028869629
0.070510864 0.14620972 0.0337677
0.070510864 0.06983948 0.11805725
0.07356262 -0.033996582 0.21763611
0.09616089 -0.06820679 0.2658844
0.15602112 -0.030334473 0.28604126
0.1987915 0.0423584 0.32208252
0.1963501 0.07595825 0.38928223
0.18656921 0.06251526 0.47053528
0.20428467 0.05456543 0.5536041
0.19145203 0.11077881 0.6409607
0.1474762 0.14865112 0.74113464
0.22749329 0.093048096 0.8529358
0.426651 0.072906494 1.0086975
0.47306824 0.10588074 1.199295
0.40220642 0.21095276 1.3440704
0.35272217 0.3062439 1.4131012
0.2971344 0.336792 1.4387512
0.23361206 0.28364563 1.4399719
0.23910522 0.2732544 1.4253082
0.21711731 0.3538971 1.4356995
0.12425232 0.36795044 1.4876251
0.10592651 0.33129883 1.5273285
0.12731934 0.26593018 1.5926971
0.21711731 0.1761322 1.6482849
0.33563232 0.14987183 1.6702728
0.32585144 0.16758728 1.7301483
0.27575684 0.14743042 1.8779755
0.33622742 0.08816528 2.072235
0.4125824 0.011199951 2.2304382
0.4614563 0.045410156 2.2725983
0.555542 0.3032074 2.141861
0.6031952 0.5573273 1.9879303
0.49139404 0.51272583 2.0337372
0.38204956 0.2726593 2.2573242
0.3350067 0.19750977 2.465622
0.34417725 0.31541443 2.52182
0.43519592 0.5463257 2.5102234
0.55615234 0.7668457 2.445465
0.6074524 0.90122986 2.3550568
0.54393005 0.88412476 2.3923187
0.4309082 0.6917114 2.587799
0.4290924 0.57014465 2.6971436
0.53660583 0.66238403 2.621399
0.6025696 0.70635986 2.4912872
0.54393005 0.6776581 2.3966064
0.41625977 0.6593323 2.3898773
0.2690277 0.63490295 2.5224457
0.12243652 0.5786896 2.6904297
0.13464355 0.57380676 2.728302
0.38571167 0.8352661 2.6330109
0.6037903 1.064331 2.5407715
0.57691956 1.0112 2.5511475
0.3924408 0.7424164 2.5541992
0.27697754 0.58480835 2.4717407
0.23605347 0.68621826 2.3526154
0.12487793 0.85847473 2.2438812
-0.0846405 0.97821045 2.1369781
-0.23919678 1.0973206 2.0557404
-0.23736572 0.9702606 2.065506
-0.01928711 0.6752167 2.1828003
0.30508423 0.73753357 2.282364
0.4260254 1.0203552 2.2683105
0.1328125 0.91711426 2.1834106
-0.1640625 0.70025635 1.9989319
-0.14634705 0.7448578 1.755188
0.118774414 0.9873657 1.6348419
0.27575684 1.1828461 1.6372833
-0.11152649 1.1254272 1.7912292
-0.7315674 1.2647095 1.7600708
-0.7364502 0.9837036 1.5774231
-0.4432373 0.53227234 1.5248871
-0.35586548 0.3685608 1.5236664
-0.39741516 0.4320984 1.545044
-0.4462738 0.5292206 1.560318
-0.4438324 0.570755 1.5383301
-0.375412 0.581131 1.4955597
-0.33448792 0.6575012 1.5340576
-0.05532837 0.44857788 1.6208038
0.106552124 0.18591309 1.5945282
-0.14756775 0.19996643 1.5480957
-0.41635132 0.29891968 1.3819427
-0.11885071 0.2237854 1.0814056
0.19329834 0.2091217 1.053299
0.34417725 0.21217346 1.0355835
0.36982727 0.2384491 0.90852356
0.2934723 0.3044281 0.72953796
0.23544312 0.3050232 0.61531067
0.28981018 0.19018555 0.5658264
0.4602356 0.13459778 0.5419922
0.591568 0.15231323 0.5053406
0.5445404 0.221344 0.4509735
0.3484497 0.3404541 0.39050293
0.1352539 0.41255188 0.35629272
0.030197144 0.38993835 0.3807373
0.06929016 0.31419373 0.381958
0.13832092 0.23171997 0.27871704
-0.05532837 0.13520813 0.147995
-0.45300293 -0.22335815 0.030090332
-0.51286316 -0.4163971 -0.041381836
-0.07426453 -0.16044617 0.049041748
0.35639954 0.46446228 0.1638794
0.3166809 0.87435913 0.16569519
-0.09320068 0.81266785 0.0697937
-0.4951477 0.39360046 -0.108566284
-0.56051636 -0.19343567 -0.15316772
-0.20986938 -0.4689331 -0.023651123
0.15908813 -0.31681824 0.14492798
0.20794678 0.0093688965 0.29582214
0.066223145 0.3355713 0.4289856
0.0069732666 0.44613647 0.56399536
0.08578491 0.36672974 0.7063141
0.1633606 0.15414429 0.8321686
0.1486969 -0.10240173 0.9091339
0.07966614 -0.33088684 0.88531494
0.011245728 -0.4982605 0.75886536
-0.018066406 -0.48908997 0.5450592
-0.053497314 -0.31500244 0.3630066
-0.09869385 -0.16044617 0.315979
-0.046157837 -0.08958435 0.33491516
-0.021118164 -0.09385681 0.25549316
-0.069381714 -0.16166687 0.11071777
-0.033935547 -0.19526672 -0.026107788
0.04852295 -0.055984497 -0.12689209
-0.1665039 0.019760132 -0.21424866
-0.6332092 0.10038757 -0.33764648
-1.1848145 0.11932373 -0.63697815
-1.5879974 0.3196869 -0.9136963
-1.2471313 0.86824036 -0.8941498
-0.299057 1.3477783 -0.46043396
0.5225525 1.2873077 0.14126587
0.8249359 0.64649963 0.5865936
0.7491913 -0.15249634 0.60858154
0.45230103 -0.64852905 0.19075012
0.17619324 -0.5495758 -0.30038452
0.1462555 -0.107299805 -0.5453491
0.29286194 0.22744751 -0.5270233
0.4089203 0.24333191 -0.4573822
0.40586853 0.072280884 -0.45370483
0.3093567 -0.013839722 -0.5312805
0.18351746 0.08633423 -0.62719727
0.17375183 0.26287842 -0.6290283
0.2959137 0.38749695 -0.5270233
0.4278717 0.3917694 -0.423172
0.4614563 0.33312988 -0.34985352
0.39915466 0.31297302 -0.26739502
0.30323792 0.35328674 -0.19714355
0.21650696 0.4198761 -0.15560913
0.15357971 0.47912598 -0.09207153
0.06806946 0.34657288 0.040481567
0.14013672 0.18774414 0.22129822
0.25315857 -0.026672363 0.3642273
0.0051574707 -0.24536133 0.3599701
-0.5171356 -0.412735 0.1809845
-0.79325867 -0.6638031 0.04963684
-0.17382812 -0.24841309 0.12782288
0.5714264 0.5011139 0.40577698
0.46696472 0.713089 0.59820557
-0.15550232 0.40216064 0.54689026
-0.46888733 -0.14883423 0.365448
-0.2660675 -0.47444153 0.3141327
0.010025024 -0.4396057 0.43815613
0.050964355 -0.21298218 0.5536041
-0.005844116 -0.063934326 0.4937439
0.009429932 -0.018112183 0.3624115
0.12121582 -0.062698364 0.3257599
0.24337769 -0.15861511 0.3599701
0.231781 -0.2716217 0.35202026
0.09188843 -0.33576965 0.21334839
-0.048599243 -0.34431458 0.031936646
-0.09625244 -0.37303162 -0.09880066
-0.028442383 -0.40480042 -0.17454529
0.09555054 -0.37730408 -0.22647095
0.15235901 -0.23130798 -0.31443787
-0.10725403 -0.054153442 -0.55267334
-0.14205933 -0.08592224 -0.60520935
0.038742065 0.06251526 -0.5850525
0.2305603 0.3032074 -0.48913574
0.03691101 0.26104736 -0.43354797
-0.5189667 0.15841675 -0.49647522
-1.1322937 -0.20625305 -0.7292175
-1.5470734 -0.45793152 -0.8587189
-1.1347351 -0.322937 -0.6956177
-0.16772461 -0.0059051514 -0.12322998
0.347229 0.11932373 0.44303894
0.21955872 -0.04866028 0.5590973
-0.109695435 -0.29301453 0.26771545
-0.18971252 -0.31622314 -0.06581116
0.043014526 -0.15068054 -0.19165039
0.23788452 0.014862061 -0.21914673
0.20367432 0.15109253 -0.29182434
0.066223145 0.2103424 -0.4427185
-0.1164093 0.1296997 -0.58444214
-0.22392273 -0.030944824 -0.6320801
-0.24224854 -0.13417053 -0.61743164
-0.1457367 -0.09446716 -0.60276794
0.04423523 0.07044983 -0.60032654
0.18351746 0.21827698 -0.5862732
0.20916748 0.26715088 -0.53434753
0.1987915 0.26593018 -0.43110657
0.2476654 0.221344 -0.3138275
0.3264618 0.15048218 -0.19042969
0.5005646 0.057022095 -0.06336975
0.70703125 -0.10668945 -0.021209717
0.48712158 -0.35287476 -0.07803345
-0.2129364 -0.24963379 -0.19226074
-0.7706604 -0.16656494 -0.24723816
-0.48660278 -0.055984497 -0.12200928
0.4461975 0.29647827 0.10827637
0.8194275 0.3196869 0.3110962
0.40342712 0.022201538 0.3636322
-0.17445374 -0.26979065 0.25305176
-0.38885498 -0.39624023 0.15470886
-0.2917328 -0.36264038 0.23228455
-0.06021118 -0.2190857 0.42349243
0.15298462 -0.04559326 0.5389404
0.2690277 0.040527344 0.50045776
0.3570099 0.04724121 0.43203735
0.3948822 -0.012619019 0.3984375
0.35577393 -0.08287048 0.35934448
0.31240845 -0.16288757 0.26405334
0.22871399 -0.2386322 0.12843323
0.12792969 -0.2398529 0.014831543
0.06929016 -0.17755127 -0.061523438
0.051574707 -0.087142944 -0.13179016
0.14135742 -0.0059051514 -0.18553162
0.20306396 -0.035827637 -0.17027283
0.102890015 -0.095687866 -0.13362122
-0.013168335 -0.16349792 -0.11102295
0.026519775 -0.21542358 -0.089019775
0.3777771 -0.07858276 -0.07740784
0.6697693 0.046020508 -0.04319763
0.4932251 -0.15678406 -0.01083374
0.02041626 -0.3705902 -0.12261963
-0.4890442 -0.52757263 -0.45370483
-0.83784485 -0.34065247 -0.7432556
-0.570282 0.08267212 -0.6754608
0.31118774 0.30014038 -0.1806488
0.9306183 0.08206177 0.329422
0.9489441 -0.32843018 0.51756287
0.5720215 -0.6051483 0.2952118
0.06990051 -0.5746155 -0.21914673
-0.25569153 -0.25756836 -0.6687317
-0.18360901 0.018539429 -0.8183899
0.14013672 0.09855652 -0.6565094
0.39671326 -0.015060425 -0.45921326
0.3948822 -0.07003784 -0.45555115
0.19940186 0.055786133 -0.55023193
0.030197144 0.1431427 -0.59542847
0.009429932 0.10343933 -0.51968384
0.102264404 0.013641357 -0.3938446
0.2653656 -0.04437256 -0.31137085
0.34661865 -0.054153442 -0.28877258
0.31852722 -0.015060425 -0.28694153
0.28553772 0.005706787 -0.24295044
0.28675842 -0.06086731 -0.18370056
0.2647705 -0.13479614 -0.1769867
0.24459839 -0.16532898 -0.25212097
0.27270508 -0.10424805 -0.35047913
0.29042053 0.025253296 -0.36695862
0.18351746 -0.023605347 -0.33520508
-0.033340454 -0.06881714 -0.30892944
-0.17260742 -0.087753296 -0.38346863
-0.36686707 -0.31071472 -0.42134094
-0.35647583 -0.4017334 -0.39935303
0.1645813 -0.14945984 -0.3400879
0.69970703 0.2250061 -0.15011597
0.2464447 -0.054153442 -0.024871826
-0.1799469 -0.34309387 -0.10795593
-0.34487915 -0.46588135 -0.09513855
-0.2660675 -0.44326782 0.025817871
-0.008895874 -0.28445435 0.14126587
0.10348511 -0.17022705 0.14981079
0.013687134 -0.14456177 0.134552
0.0002746582 -0.10668945 0.10095215
0.16519165 -0.067596436 0.0032196045
0.31974792 -0.042541504 -0.073135376
0.22322083 -0.054763794 -0.10002136
-0.033935547 -0.107299805 -0.15988159
-0.21903992 -0.15739441 -0.26312256
-0.2312622 -0.13417053 -0.33459473
-0.13595581 -0.10180664 -0.3449707
-0.062042236 -0.12745667 -0.3126068
-0.057159424 -0.15739441 -0.280838
-0.040664673 -0.13050842 -0.2783966
0.0045318604 -0.103637695 -0.27534485
0.071121216 -0.10546875 -0.29304504
0.10043335 -0.17572021 -0.34313965
0.07539368 -0.26428223 -0.3975067
0.08944702 -0.23558044 -0.43782043
0.25498962 -0.09629822 -0.48669434
0.30445862 -0.24963379 -0.53800964
0.013687134 -0.44023132 -0.59298706
-0.5269165 -0.59721375 -0.80496216
-1.0321045 -0.5623932 -1.0309906
-1.0265961 -0.39379883 -1.0486908
-0.45666504 -0.17449951 -0.7823639
0.08332825 0.0050964355 -0.4085083
0.32463074 0.057632446 -0.19714355
0.43580627 0.008148193 -0.24845886
0.39059448 -0.21542358 -0.46470642
0.15420532 -0.61187744 -0.6742401
-0.15122986 -0.95274353 -0.7787018
-0.36991882 -0.9008179 -0.8691101
-0.51408386 -0.43778992 -0.95584106
-0.5562439 0.047851562 -0.9369049
-0.5232544 0.19567871 -0.8684845
-0.3430481 0.007537842 -0.7292175
0.11021423 -0.27467346 -0.52212524
0.55003357 -0.30644226 -0.36758423
0.4797821 -0.18426514 -0.3266449
0.12121582 -0.087142944 -0.3791809
-0.10725403 -0.17877197 -0.423172
-0.05166626 -0.2593994 -0.33825684
0.10838318 -0.21969604 -0.21180725
0.12731934 -0.10852051 -0.14338684
0.06561279 -0.030334473 -0.1782074
0.021026611 -0.06454468 -0.25028992
-0.05104065 -0.12013245 -0.23440552
-0.0675354 -0.13172913 -0.16049194
0.02468872 -0.039489746 -0.096954346
-0.03149414 0.07595825 -0.043823242
-0.25508118 0.018539429 -0.012054443
-0.4603424 -0.13845825 -0.015716553
-0.36686707 -0.14823914 -0.015716553
0.055847168 -0.026046753 0.07589722
0.36372375 0.060073853 0.21334839
0.21528625 0.016082764 0.2157898
-0.10359192 -0.010787964 0.08262634
-0.25691223 0.030136108 -0.04319763
-0.2843933 0.029525757 -0.045639038
-0.2477417 -0.08653259 0.00016784668
-0.16894531 -0.13601685 0.005050659
-0.11824036 -0.11402893 -0.011444092
-0.08036804 -0.035827637 0.005050659
-0.004623413 0.014251709 0.063690186
0.07600403 0.011199951 0.107666016
0.07234192 -0.033996582 0.091781616
0.013687134 -0.0743103 0.0337677
-0.049209595 -0.060256958 -0.018157959
-0.085861206 0.0093688965 -0.007171631
-0.07548523 0.06556702 0.030715942
-0.057769775 0.055786133 0.023986816
-0.090148926 -0.017501831 -0.018157959
-0.13717651 -0.08041382 -0.053588867
-0.12924194 -0.06942749 -0.08169556
-0.07914734 -0.020553589 -0.08657837
-0.038223267 0.011810303 -0.06825256
-0.007675171 0.030136108 -0.05480957
0.0057525635 0.031967163 -0.036483765
-0.04310608 -0.014450073 -0.036483765
-0.06326294 -0.035217285 -0.05053711
-0.0052337646 -0.016281128 -0.03526306
0.04118347 0.015472412 0.0032196045
0.02835083 0.049072266 0.020324707
0.008804321 0.053344727 -0.0041046143
0.01675415 0.008148193 -0.027328491
0.041793823 -0.015670776 -0.027328491
0.082717896 0.03135681 -0.03465271
0.06561279 0.036865234 -0.07191467
0.026519775 -0.0077209473 -0.07803345
0.038131714 -0.024230957 -0.07862854
0.06072998 -0.030334473 -0.062149048
0.03691101 -0.029724121 -0.03526306
-0.013168335 -0.035827637 -0.030380249
-0.028442383 -0.013839722 -0.039535522
-0.014389038 -0.015060425 -0.045043945
0.019195557 -0.016281128 -0.032821655
0.023468018 -0.010787964 -0.01449585
-0.012573242 -0.010787964 -0.021820068
-0.049819946 0.0063171387 -0.040756226
-0.057769775 0.023422241 -0.04260254
-0.05960083 0.017913818 -0.039535522
-0.037002563 0.0050964355 -0.029159546
-0.016235352 -0.0028533936 -0.007171631
-0.012573242 -0.0016326904 0.008712769
-0.006454468 0.0093688965 0.00932312
-0.004623413 -0.0022277832 -0.001663208
-0.016235352 -0.03338623 -0.0132751465
-0.026000977 -0.032165527 -0.015106201
-0.040664673 -0.004058838 -0.011444092
-0.060821533 -0.019332886 -0.004714966
-0.03883362 -0.047439575 -0.0065612793
-0.010726929 -0.052322388 -0.012664795
-0.024169922 -0.0413208 0.00016784668
-0.037612915 -0.015670776 -0.0077819824
-0.026000977 -0.0059051514 -0.018157959
-0.01133728 -0.0004119873 -0.0132751465
0.000869751 0.016693115 -0.009002686
0.0069732666 0.014251709 -0.0022735596
-0.00340271 -0.0010070801 -0.012664795
-0.033935547 0.014862061 -0.040756226
-0.077926636 0.06556702 -0.063964844
-0.06265259 0.13825989 -0.10429382
-0.006454468 0.15048218 -0.088409424
0.07661438 0.0942688 -0.021820068
0.2806549 -0.2667389 0.055130005
0.18962097 -0.44267273 0.05757141
-0.046157837 -0.055984497 -0.030380249
-0.23919678 0.4540863 -0.11405945
-0.1005249 0.46263123 -0.12384033
0.21894836 -0.29360962 0.10583496
0.35455322 -0.7059479 0.20419312
0.25315857 -0.32232666 0.07896423
0.037521362 0.15536499 -0.048706055
-0.07914734 0.19689941 -0.048095703
-0.041275024 0.024032593 0.00077819824
0.010025024 -0.046829224 0.019714355
0.061950684 -0.03338623 0.00077819824
0.087005615 0.04663086 -0.023651123
0.05218506 0.10221863 -0.009613037
0.03201294 0.104660034 0.00016784668
0.06561279 0.07167053 0.01361084
0.071121216 0.025253296 0.027038574
0.02897644 0.026473999 0.019714355
0.006378174 0.03868103 0.01361084
0.019805908 0.022201538 0.025817871
0.055847168 0.023422241 0.05757141
0.08822632 0.026473999 0.0868988
0.09921265 0.02281189 0.09667969
0.090667725 0.047851562 0.11805725
0.118774414 0.0423584 0.15653992
0.19940186 0.020980835 0.2194519
0.22077942 0.024642944 0.29092407
0.17131042 0.046020508 0.3501892
0.17007446 0.07962036 0.4131012
0.1951294 0.09794617 0.48641968
0.21406555 0.11871338 0.5303955
0.20489502 0.14987183 0.5413971
0.19696045 0.105270386 0.59147644
0.23727417 0.04724121 0.65133667
0.267807 0.105270386 0.678833
0.2146759 0.22683716 0.6544037
0.10960388 0.2702179 0.612854
0.041793823 0.19140625 0.6226349
0.086380005 0.0765686 0.69532776
0.1963501 -0.0022277832 0.8126221
0.27453613 -0.014450073 0.8895874
0.23300171 0.1407013 0.8920288
0.1829071 0.3881073 0.91218567
0.2482605 0.54081726 0.95433044
0.294693 0.50601196 1.0404663
0.2922516 0.40460205 1.1913452
0.31608582 0.44125366 1.3404083
0.34173584 0.47546387 1.4399719
0.3667755 0.72042847 1.4460907
0.2293396 1.0955048 1.4827423
0.002090454 1.0875549 1.6311798
0.0069732666 0.79556274 1.7167053
0.20184326 0.64527893 1.7338104
0.27148438 0.6972046 1.7735138
0.1621399 0.85969543 1.8028412
-0.13595581 1.0930481 1.8633118
-0.22819519 1.102829 1.8645325
-0.27340698 0.98431396 1.8028412
-0.25202942 0.92445374 1.7716827
-0.16589355 0.9543915 1.7637329
-0.12069702 1.0099792 1.9225616
-0.020507812 0.970871 2.1076508
0.09371948 0.81266785 2.05513
0.08578491 0.86764526 1.8981323
0.031417847 0.96842957 1.7221985
-0.0021820068 0.9287262 1.6189575
-0.03149414 0.7240906 1.6708832
-0.07426453 0.57502747 1.7619019
-0.113967896 0.58602905 1.7454071
-0.13961792 0.699646 1.6055145
-0.1652832 0.81510925 1.4460907
-0.18666077 0.7851715 1.3770599
-0.077926636 0.66116333 1.4137115
0.07295227 0.570755 1.4766235
0.106552124 0.59091187 1.5090027
0.02041626 0.69537354 1.4925079
-0.0675354 0.804718 1.4185944
-0.11947632 0.84869385 1.3318481
-0.09197998 0.7931061 1.2976379
0.046676636 0.67033386 1.3196411
0.15298462 0.57380676 1.3306274
0.10348511 0.5066223 1.2860413
-0.05899048 0.46080017 1.1766968
-0.17567444 0.49317932 1.041687
-0.109695435 0.53227234 0.93722534
0.041793823 0.49806213 0.9311218
0.106552124 0.3844452 1.0184784
0.03691101 0.22805786 1.1229401
-0.0687561 0.09489441 1.1730347
-0.12739563 0.04663086 1.1430969
-0.12373352 0.15292358 1.0563507
-0.097473145 0.29525757 0.963501
-0.12739563 0.33068848 0.9091339
-0.18727112 0.2885437 0.8663635
-0.1151886 0.22805786 0.8223877
0.071121216 0.22439575 0.80589294
0.22016907 0.32763672 0.81199646
0.21162415 0.43391418 0.80101013
0.1010437 0.4192505 0.76252747
0.047286987 0.34596252 0.7008209
0.049743652 0.3239746 0.64889526
0.013687134 0.36061096 0.64035034
-0.054107666 0.37527466 0.65867615
-0.07914734 0.34596252 0.6580658
-0.07914734 0.3551178 0.64157104
-0.044326782 0.35328674 0.64035034
0.029571533 0.34840393 0.6385193
0.087005615 0.3551178 0.6189728
0.110824585 0.3991089 0.5829315
0.11204529 0.44735718 0.5377197
0.11631775 0.4375763 0.51878357
0.1645813 0.37039185 0.5047455
0.24337769 0.31419373 0.4772339
0.30020142 0.3032074 0.458313
0.2934723 0.32029724 0.45465088
0.2849121 0.3355713 0.43876648
0.30386353 0.35816956 0.40699768
0.34906006 0.4308777 0.37644958
0.3826599 0.57624817 0.36912537
0.20977783 0.5157776 0.38745117
-0.121292114 0.36428833 0.40760803
-0.4102478 0.17308044 0.315979
-0.51530457 0.03501892 0.19563293
-0.3296051 -0.0046844482 0.13026428
0.066223145 0.12298584 0.17730713
0.32585144 0.34962463 0.3300171
0.32829285 0.47668457 0.46868896
0.16763306 0.4681244 0.51512146
-0.011947632 0.3441162 0.48886108
-0.07853699 0.19812012 0.4338684
-0.0675354 0.07778931 0.3984375
-0.13961792 0.002029419 0.40150452
-0.32899475 -0.017501831 0.4265442
-0.3912964 0.07044983 0.39111328
-0.20315552 0.23660278 0.30497742
0.041793823 0.389328 0.25733948
0.08088684 0.38871765 0.28970337
0.0082092285 0.23110962 0.34101868
-0.1005249 -0.011383057 0.35812378
-0.17933655 -0.1561737 0.32086182
-0.18910217 -0.16044617 0.26405334
-0.1005249 -0.08163452 0.20541382
0.012466431 -0.017501831 0.1669159
0.038742065 -0.03277588 0.1333313
0.002090454 -0.087753296 0.071014404
-0.02722168 -0.16349792 -0.004714966
-0.058380127 -0.23313904 -0.072525024
-0.029663086 -0.18121338 -0.14338684
-0.012573242 -0.18611145 -0.19226074
-0.2672882 -0.4212799 -0.26678467
-0.58006287 -0.5770569 -0.33459473
-0.82440186 -0.7151184 -0.4921875
-0.98628235 -0.7138977 -0.5972595
-0.765152 -0.34370422 -0.5245819
-0.21231079 0.104660034 -0.24662781
0.2922516 0.34106445 0.11500549
0.6203003 0.31724548 0.30924988
0.6905365 0.06678772 0.3489685
0.5989075 -0.29483032 0.28726196
0.42236328 -0.6271515 0.13760376
0.07600403 -0.7425995 -0.06764221
-0.27279663 -0.6210327 -0.37246704
-0.4927063 -0.30155945 -0.6950073
-0.43345642 0.06678772 -0.80007935
-0.073654175 0.28059387 -0.62475586
0.21284485 0.2543335 -0.39323425
0.23605347 0.13092041 -0.31015015
0.090667725 0.11381531 -0.330307
-0.037612915 0.1431427 -0.33947754
-0.029663086 0.1413269 -0.30648804
0.010025024 0.100997925 -0.27593994
0.013687134 0.06739807 -0.27593994
0.014312744 0.07167053 -0.30282593
0.011245728 0.128479 -0.30343628
0.03263855 0.18223572 -0.26005554
0.07783508 0.20362854 -0.1977539
0.1010437 0.18713379 -0.15866089
0.07966614 0.13154602 -0.15621948
0.091278076 0.081451416 -0.15927124
0.13464355 0.13154602 -0.14826965
0.17619324 0.30136108 -0.12628174
-0.004623413 0.2066803 -0.15255737
-0.30822754 0.23660278 -0.11956787
-0.3907013 0.34718323 -0.17210388
-0.36747742 0.2885437 -0.18431091
-0.2526245 0.113220215 -0.11773682
-0.17199707 -0.09202576 -0.04748535
-0.12251282 -0.24229431 0.018493652
0.07600403 -0.032165527 0.060638428
0.30996704 0.44003296 0.1651001
0.18229675 0.6654358 0.3453064
-0.2135315 0.47973633 0.47053528
-0.48292542 0.17124939 0.4473114
-0.43223572 -0.043777466 0.41615295
-0.1151886 -0.11218262 0.3807373
0.061950684 0.05885315 0.3037567
-0.1787262 0.13825989 0.25672913
-0.4328308 0.15841675 0.25978088
-0.27157593 0.23478699 0.27444458
0.082717896 0.29708862 0.27566528
0.106552124 0.30136108 0.2341156
-0.3247223 0.096725464 0.1522522
-0.6277008 -0.21115112 0.07774353
-0.4401703 -0.35531616 0.028274536
-0.04310608 -0.19038391 -0.041381836
0.082107544 0.051513672 -0.11039734
-0.15612793 0.06800842 -0.12322998
-0.28012085 -0.048049927 -0.11651611
-0.15428162 -0.13783264 -0.10185242
0.011245728 -0.07247925 -0.10185242
-0.010726929 -0.02116394 -0.11956787
-0.17749023 -0.06086731 -0.13116455
-0.19337463 -0.12072754 -0.10185242
-0.065704346 -0.10240173 -0.06764221
-0.113357544 -0.13845825 -0.07559204
-0.39007568 -0.2716217 -0.18675232
-0.6545868 -0.31193542 -0.4060669
-0.6509247 -0.19160461 -0.54901123
-0.48110962 0.05090332 -0.49464417
-0.4719391 0.22805786 -0.29916382
-0.5342407 0.16697693 -0.13179016
-0.4450531 -0.12440491 -0.09329224
-0.3014984 -0.39257812 -0.104904175
-0.24407959 -0.44511414 -0.15866089
-0.33877563 -0.36447144 -0.29060364
-0.4743805 -0.21725464 -0.4543152
-0.4621582 -0.14945984 -0.53800964
-0.27401733 -0.18977356 -0.47998047
-0.13290405 -0.26979065 -0.33581543
-0.17811584 -0.37547302 -0.24967957
-0.28683472 -0.39379883 -0.28022766
-0.32226562 -0.30888367 -0.31321716
-0.22453308 -0.13113403 -0.25457764
-0.10847473 0.048461914 -0.12017822
-0.11274719 0.15109253 -0.019989014
-0.21903992 0.11932373 -0.01449585
-0.30334473 0.0050964355 -0.015716553
-0.28623962 -0.10118103 0.019104004
-0.22453308 -0.18243408 0.04109192
-0.20010376 -0.17327881 0.030090332
-0.06997681 0.1431427 0.07223511
-0.05166626 0.21522522 0.14981079
-0.12435913 0.16575623 0.1510315
-0.17626953 0.093673706 0.107666016
-0.20864868 0.06373596 0.07833862
-0.2917328 0.10649109 0.068573
-0.2978363 0.16758728 0.075302124
-0.14512634 0.2518921 0.107666016
-0.020507812 0.3086853 0.17608643
-0.008285522 0.28364563 0.2164154
-0.05227661 0.18041992 0.18830872
-0.16833496 0.0753479 0.107666016
-0.26791382 0.044189453 0.043533325
-0.26179504 0.07901001 0.0129852295
-0.15306091 0.13398743 0.0337677
-0.04371643 0.16758728 0.07284546
-0.054107666 0.14865112 0.099121094
-0.16589355 0.1071167 0.07652283
-0.23797607 0.10038757 0.05026245
-0.20803833 0.04663086 0.0868988
-0.1298523 -0.030944824 0.15470886
-0.06997681 -0.040100098 0.17791748
-0.07426453 0.0093688965 0.16020203
-0.13839722 0.019760132 0.096069336
-0.1787262 -0.008346558 0.027648926
-0.14878845 -0.013839722 0.028274536
-0.10662842 -0.0004119873 0.054534912
-0.07304382 0.019760132 0.05757141
-0.073654175 -0.009567261 0.039871216
-0.09259033 -0.048049927 0.02949524
-0.109069824 -0.07003784 0.020324707
-0.11947632 -0.04988098 -0.0022735596
-0.11029053 -0.0034484863 -0.0065612793
-0.0821991 0.013641357 0.0129852295
-0.029663086 0.012420654 0.03804016
-0.00035095215 0.00021362305 0.052703857
-0.03883362 -0.015060425 0.048416138
-0.09197998 -0.027893066 0.020935059
-0.09625244 -0.013839722 0.008102417
-0.05532837 0.020355225 0.031311035
-0.025390625 0.028305054 0.02949524
-0.03944397 -0.0028533936 0.00016784668
-0.07487488 -0.011383057 -0.026107788
-0.101745605 -0.005279541 -0.024871826
-0.09442139 -0.0071258545 -0.019989014
-0.06387329 -0.015670776 -0.0034942627
-0.008895874 -0.02116394 0.0013885498
0.011245728 -0.00894165 0.006881714
-0.015609741 0.008148193 0.03315735
-0.038223267 0.058242798 0.044143677
0.049743652 -0.03277588 0.05819702
0.06561279 -0.14761353 0.11439514
0.03201294 -0.0413208 0.09362793
-0.09442139 0.033798218 0.030090332
-0.1481781 0.113220215 -0.056640625
-0.052886963 0.025253296 -0.084747314
0.07295227 -0.15127563 0.0013885498
0.16824341 -0.19099426 0.0697937
0.18656921 -0.07247925 0.044143677
0.102264404 0.035629272 -0.040161133
-0.0070648193 0.033187866 -0.04260254
0.01675415 -0.043151855 0.0044403076
0.1303711 -0.09080505 0.036209106
0.18412781 -0.07369995 0.062469482
0.17985535 -0.032165527 0.067352295
0.14564514 0.012420654 0.058792114
0.11999512 0.027694702 0.049041748
0.12547302 0.016082764 0.04660034
0.15724182 -0.030944824 0.063690186
0.22077942 -0.08226013 0.07467651
0.27697754 -0.103637695 0.07284546
0.28797913 -0.13479614 0.08201599
0.2672119 -0.09996033 0.083236694
0.19696045 0.008758545 0.071624756
0.16824341 0.07167053 0.07223511
0.19207764 0.053955078 0.079574585
0.18901062 -0.016281128 0.0697937
0.21955872 -0.08470154 0.036209106
0.25193787 -0.0718689 0.003829956
0.19818115 0.02281189 0.011169434
0.09616089 0.0753479 0.042922974
0.066223145 0.037460327 0.05331421
0.123031616 -0.039489746 0.060012817
0.1829071 -0.059036255 0.06123352
0.16397095 0.028915405 0.051483154
0.071121216 0.08023071 0.030715942
0.118774414 0.09060669 -0.07437134
0.090667725 -0.012008667 -0.051757812
0.03691101 0.02708435 -0.021209717
0.06867981 0.019760132 -0.037704468
0.079055786 0.014251709 -0.07437134
0.0069732666 0.018539429 -0.09451294
-0.07853699 -0.0028533936 -0.07130432
-0.0040130615 -0.006500244 -0.076812744
0.07661438 -0.01689148 -0.037704468
0.046066284 -0.015670776 -0.011444092
-0.022338867 -0.014450073 -0.015106201
-0.0009613037 0.003250122 -0.016326904
0.047286987 0.025253296 0.0013885498
0.066833496 0.024032593 0.03253174
0.041793823 0.003250122 0.04660034
-0.010116577 0.011199951 0.031311035
-0.027832031 0.017318726 0.022155762
-0.008895874 -0.004058838 0.016052246
0.007598877 -0.01322937 0.020324707
0.02407837 -0.018722534 0.01727295
0.019195557 -0.012619019 -0.008392334
-0.007675171 0.011199951 -0.02305603
-0.013168335 0.016693115 -0.02671814
0.0014953613 0.0069274902 -0.033432007
0.0002746582 -0.0046844482 -0.031600952
-0.010726929 0.00021362305 -0.02305603
-0.008285522 -0.0010070801 -0.0041046143
-0.0021820068 -0.029724121 0.012390137
-0.0021820068 -0.03704834 0.036209106
-0.07304382 -0.04988098 0.042922974
-0.029052734 0.015472412 -0.0065612793
