57
65
96
108
130
147
167
181
201
220
239
259
278
297
316
336
355
376
394
413
433
452
472
491
510
532
568
587
607
626
665
684
704
724
744
771
784
803
825
844
864
884
905
924
945
965
984
1004
1024
1045
1064
1084
1104
1124
1144
1185
1189
1203
1224
1246
1264
1284
1305
1323
1343
1362
1382
1402
1426
1441
1459
1480
1498
1517
1537
1555
1586
1597
1614
1633
1652
1684
1704
1724
1743
1765
1784
1804
1823
1843
1863
1886
1906
1923
1944
1963
1982
2001
2022
2039
2059
2089
2110
2117
2140
2156
2184
2208
2224
2246
2263
2303
2307
2324
2343
2364
2387
2409
2427
2446
2466
2488
2504
2526
2542
2562
2582
2601
2619
2639
2658
2678
2698
2719
2743
2755
2774
2794
2813
2834
2853
2874
2898
2911
2929
2948
2968
2990
3006
3043
3063
3083
3103
3124
3142
3161
3181
3200
3224
3239
3259
3277
3297
3316
3335
3355
3374
3394
3416
3432
3452
3472
3490
3523
3543
3562
3583
3603
3625
3644
3664
3682
3703
3723
3741
3761
3781
3800
3819
3841
3858
3877
3897
3916
3935
3955
3974
3999
4021
4043
4062
4084
4102
4122
4142
4162
4182
4203
4223
4244
4264
4283
4303
4325
4343
4375
4392
4403
4419
4439
4458
4482
4503
4522
4545
4563
4583
4603
4622
4652
4662
4681
4702
4722
4747
4767
4788
4807
4827
4844
4863
4883
4903
4922
4942
4962
4982
5002
5027
5041
5062
5082
5102
5122
5143
5162
5182
5207
5223
5250
5271
5291
5309
5328
5348
5366
5386
5405
5425
5446
5465
5483
5502
5522
5545
5564
5581
5601
5622
5642
5674
5689
5702
5722
5754
5788
5793
5812
5832
5855
5877
5889
5909
5946
5950
5966
5986
6006
6025
6045
6064
6082
6102
6123
6141
6162
6182
6203
6221
6241
6261
6281
6301
6321
6342
6362
6393
6410
6421
6443
6465
6483
6501
6522
6543
6561
6581
6601
6622
6644
6662
6683
6700
6721
6741
6760
6779
6806
6818
6837
6857
6881
6907
6916
6935
6953
6973
6994
7015
7033
7050
7071
7089
7109
7129
7148
7166
7185
7205
7224
7243
7264
7295
7302
7321
7342
7360
7383
7400
7420
7440
7476
7495
7515
7536
7553
7573
7592
7611
7631
7650
7671
7689
7708
7727
7747
7771
7785
7805
7824
7844
7863
7882
7902
7925
7941
7979
7998
8029
8037
8056
8076
8096
8116
8134
8153
8172
8191
8211
8232
8249
8269
8289
8309
8328
8347
8367
8386
8405
8424
8445
8501
8520
8540
8576
8602
8617
8628
8640
8660
8680
8700
8723
8740
8759
8780
8800
8831
8852
8873
8889
8912
8934
8947
8966
8985
9004
9023
9043
9063
9082
9101
9121
9146
9160
9180
9202
9220
9239
9259
9279
9300
9333
9353
9373
9393
9411
9430
9449
9469
9488
9507
9527
9547
9566
9591
9621
9641
9653
9662
9682
9701
9721
9740
9759
9780
9800
9821
9840
9859
9879
9899
9924
9939
9965
9979
9999
10019
10040
10059
10081
10099
10122
10139
10159
10179
10199
10239
10265
10283
10302
10319
10339
10359
10378
10397
10417
10439
10458
10475
10494
10513
10533
10592
10610
10630
10650
10668
10688
10707
10727
10746
10778
10798
10819
10838
10859
10879
10898
10918
10938
10970
10980
10997
11016
11036
11055
11080
11097
11125
11136
11152
11173
11191
11210
11229
11249
11278
11302
11319
11340
11358
11383
11399
11420
11440
11458
11478
11498
11518
11538
11559
11578
11597
11618
11678
11689
11693
11697
11713
11732
11752
11778
11798
11818
11838
11858
11878
11898
11919
11938
11961
12018
12041
12079
12093
12110
12115
12120
12126
12141
12158
12177
12196
12216
12235
12255
12273
12293
12315
12414
12429
12433
12437
12441
12445
12474
12485
12489
12506
12526
12546
12566
12583
12603
12622
12643
12661
12680
12699
12719
12738
12760
12777
12797
12817
12837
12857
12877
12897
12917
12938
12957
12990
13044
13057
13060
13067
13086
13106
13125
13145
13164
13184
13203
13223
13241
13262
13281
13310
13320
13340
13389
13392
13399
13418
13437
13457
13493
13520
13533
13552
13571
13590
13609
13630
13647
13667
13716
13719
13725
13744
13764
13783
13802
13827
13843
13861
13881
13903
13919
13938
13959
13996
14015
14036
14055
14075
14096
14115
14133
14151
14172
14191
14209
14228
14248
14267
14286
14306
14325
14345
14366
14385
14404
14422
14442
14462
14482
14499
14518
14538
14559
14578
14597
14615
14637
14656
14679
14696
14717
14746
14756
14776
14797
14817
14849
14870
14886
14905
14925
14944
14963
14986
15002
15022
15043
15062
15080
15099
15118
15137
15157
15177
15196
15216
15235
15254
15273
15292
15312
15332
15350
15370
15390
15409
15428
15450
15466
15486
15505
15525
15544
15565
15583
15603
15621
15641
15660
15680
15701
15718
15737
15773
15781
15798
15817
15854
15879
15892
15912
15931
15950
15969
15993
16008
16028
16057
16067
16086
16105
16124
16144
16164
16182
16202
16222
16241
16261
16280
16300
16322
16355
16375
16395
16415
16434
16453
16473
16492
16512
16535
16552
16570
16589
16608
16628
16650
16673
16705
16724
16747
16759
16765
16782
16802
16825
16855
16875
16895
16915
16936
16958
16975
16996
17016
17035
17053
17072
17093
17112
17132
17150
17169
17189
17208
17228
17246
17266
17285
17305
17324
17343
17366
17382
17402
17421
17441
17459
17478
17499
17517
17537
17557
17576
17595
17615
17635
17654
17675
17703
17715
17734
17755
17776
17796
17819
17839
17855
17875
17895
17914
17935
17955
17975
18010
18016
18035
18062
18079
18098
18126
18141
18156
18177
18201
18217
18235
18253
18273
18295
18315
18335
18355
18382
18396
18414
18435
18457
18479
18494
18514
18534
18563
18583
18601
18621
18640
18660
18678
18697
18717
18740
18757
18776
18795
18814
18836
18857
18882
18894
18914
18938
18959
18974
18994
19014
19034
19066
19086
19108
19127
19149
19162
19181
19201
19220
19248
19260
19278
19298
19317
19336
19355
19375
19397
19414
19434
19454
19477
19498
19514
19564
19586
19591
19607
19626
19646
19666
19686
19713
19736
19747
19762
19784
19801
19822
19841
19859
19878
19899
19917
19937
19957
19977
19996
20014
20058
20070
20074
20093
20114
20134
20154
20175
20194
20214
20234
20259
20285
20306
20324
20343
20374
20392
20410
20432
20462
20474
20478
20497
20516
20536
20555
20576
20595
20613
20634
20654
20675
20693
20714
20733
20753
20788
20807
20826
20846
20865
20897
20906
20927
20942
20961
20981
21000
21019
21041
21059
21081
21110
21131
21140
21156
21176
21195
21214
21232
21253
21292
21310
21329
21349
21368
21389
21410
21428
21447
21467
21485
21504
21526
21573
21577
21584
21632
21650
21653
21658
21677
21698
21718
21736
21754
21792
21812
21832
21852
21872
21890
21911
21930
21949
21967
21987
22007
22027
22045
22064
22084
22104
22123
22143
22162
22181
22200
22219
22238
22257
22279
22296
22316
22336
22354
22374
22395
22413
22433
22452
22472
22510
22530
22548
22567
22730
22752
22763
22820
22839
22898
22916
22935
22954
22974
23014
23034
23051
23071
23095
23110
23129
23151
23168
23187
23207
23227
23245
23264
23283
23303
23322
23344
23361
23380
23399
23420
23438
23468
23477
23512
23532
23553
23571
23591
23611
23631
23651
23671
23690
23710
23729
23747
23772
23794
23806
23826
23844
23865
23883
23903
23923
23941
23960
23981
24011
24033
24052
24071
24091
24111
24131
24152
24172
24196
24212
24241
24251
24271
24290
24309
24328
24348
24373
24386
24406
24425
24444
24468
24484
24504
24523
24542
24560
24580
24599
24618
24637
24657
24676
24696
24719
24738
24753
24774
24793
24812
24841
24852
24872
24891
24920
24935
24951
24974
24991
25011
25031
25055
25073
25092
25112
25133
25178
25190
25193
25211
25232
25251
25271
25294
25314
25337
25359
25386
25396
25412
25432
25453
25470
25489
25508
25529
25547
25569
25594
25610
25630
25651
25670
25690
25712
25730
25751
25770
25794
25812
25830
25850
25870
25892
25910
25932
25950
25971
25996
26011
26089
26109
26127
26148
26168
26186
26205
26224
26244
26263
26282
26310
26330
26355
26371
26393
26410
26430
26450
26471
26491
26511
26532
26550
26573
26592
26610
26630
26651
26670
26689
26709
26727
26747
26766
26785
26810
26829
26849
26869
26890
26910
26930
26950
26970
26991
27010
27030
27067
27079
27095
27114
27133
27166
27173
27193
27211
27249
27389
27410
27430
27449
27469
27490
27509
27571
27585
27594
27599
27609
27629
27652
27669
27689
27709
27729
27749
27770
27791
27809
27833
27851
27870
27888
27909
27927
27946
27965
27985
28004
28026
28043
28062
28082
28101
28120
28139
28162
28178
28208
28224
28238
28257
28300
28321
28336
28339
28352
28372
28393
28412
28431
28449
28469
28495
28507
28528
28546
28567
28585
28604
28626
28645
28669
28688
28709
28731
28749
28768
28788
28809
28845
28856
28869
28890
28909
28929
28949
28968
28990
29009
29028
29050
29069
29089
29107
29128
29146
29166
29186
29206
29224
29243
29263
29284
29312
29322
29339
29360
29389
29412
29428
29450
29471
29488
29508
29532
29556
29569
29588
29608
29628
29650
29670
29690
29735
29752
29757
29765
29786
29803
29824
29843
29883
29908
29917
29932
29948
29970
29988
30008
30028
30048
30069
30089
30108
30128
30153
30175
30190
30211
30229
30249
30268
30287
30306
30326
30346
30368
30388
30408
30440
30452
30468
30490
30507
30534
30552
30570
30591
30608
30628
30655
30674
30694
30714
30732
30753
30771
30791
30810
30831
30848
30869
30887
30907
30928
30948
30969
30990
31008
31027
31047
31070
31087
31110
31127
31147
31167
31188
31207
31228
31248
31269
31290
31309
31330
31349
31371
31387
31407
31427
31447
31468
31489
31507
31525
31545
31565
31584
31606
31622
31659
31663
31680
31700
31719
31748
31767
31788
31807
31827
31847
31869
31890
31907
31927
31947
31967
31987
32009
32030
32048
32067
32087
32106
32127
32145
32165
32185
32203
32223
32247
32266
32287
32309
32328
32347
32366
32394
32408
32427
32446
32468
32491
32508
32526
32549
32568
32587
32607
32628
32646
32672
32687
32707
32725
32744
32766
32783
32803
32822
32843
32861
32881
32900
32920
32938
32967
32987
33007
33026
33046
33078
33088
33106
33127
33147
33167
33187
33206
33229
33247
33268
33287
33306
33326
33346
33363
33383
33403
33422
33441
33466
33486
33506
33526
33546
33566
33587
33608
33626
33646
33666
33686
33707
33731
33751
33774
33790
33811
33828
33847
33867
33892
33913
33926
50
64
86
95
113
135
151
171
191
211
231
251
271
291
312
332
351
379
392
412
431
451
470
489
511
528
547
567
586
605
631
651
671
691
711
735
752
771
791
812
