0.10324097 0.030899048 0.20413208
0.10324097 0.030899048 0.20413208
0.10324097 0.030899048 0.20413208
0.022003174 -0.003921509 -0.013320923
0.0042877197 -0.003921509 -0.023086548
-0.010360718 -0.010025024 -0.007827759
-0.05189514 -0.07354736 0.023330688
-0.03907776 -0.09248352 0.037994385
0.043380737 -0.02835083 0.041046143
0.078201294 0.005859375 0.045318604
0.046432495 -0.04423523 0.06791687
-0.026245117 -0.04360962 0.0758667
-0.044570923 -0.0362854 0.08135986
-0.006088257 -0.06561279 0.061813354
0.022003174 -0.102874756 0.047164917
0.0012512207 -0.07598877 0.033721924
3.0517578e-05 -0.027130127 0.0068359375
-0.010971069 -0.021011353 -0.024932861
-0.033584595 -0.049118042 -0.038970947
-0.03968811 -0.04055786 -0.043258667
-0.009140015 -0.009399414 -0.030426025
-0.02319336 -0.02772522 -0.016983032
-0.07450867 -0.06010437 -0.0010986328
-0.07450867 -0.047286987 0.026382446
-0.032958984 -0.03994751 0.049606323
-0.034805298 -0.069885254 0.057540894
-0.09893799 -0.10958862 0.066085815
-0.062286377 -0.04055786 0.061203003
-0.017700195 0.016845703 0.042877197
-0.015853882 -0.002090454 0.020889282
-0.06777954 -0.013076782 0.0031738281
-0.05496216 0.0107421875 -0.004760742
-0.052505493 0.019897461 -0.010879517
-0.05557251 0.026626587 -0.01637268
-0.024414062 0.04067993 -0.0041503906
-0.009750366 0.033950806 0.011734009
-0.038467407 0.012573242 0.006225586
-0.044570923 -0.0026855469 0.0013427734
-0.026245117 -0.009399414 0.0056152344
-0.018920898 -0.030181885 0.015396118
-0.026855469 -0.021621704 0.017837524
-0.022583008 -0.0014648438 0.014175415
-0.008529663 -0.013687134 0.019058228
-0.014633179 -0.003921509 0.014785767
-0.018295288 0.018676758 0.012954712
-0.012191772 0.012573242 0.019058228
-0.020751953 0.0027923584 0.022109985
-0.021972656 0.0052337646 0.018447876
0.00491333 0.009521484 0.010513306
0.011627197 0.014404297 -0.0010986328
-0.013412476 0.00035095215 -0.007827759
-0.036636353 -0.005142212 -0.007217407
-0.016479492 0.018081665 0.0056152344
0.011001587 0.048614502 0.012954712
0.011627197 0.041900635 0.011734009
-0.0079193115 0.005859375 0.014175415
-0.025634766 -0.010620117 0.014785767
-0.040298462 -0.014907837 0.014175415
-0.032348633 -0.006958008 0.009887695
-0.012191772 0.013793945 0.012329102
-0.011581421 0.007080078 0.019058228
-0.009750366 -0.007583618 0.02394104
-0.00730896 -0.016738892 0.028213501
-0.0066986084 -0.017349243 0.023330688
-0.0005950928 -0.005142212 0.006225586
0.0018463135 -0.007583618 0.00012207031
-0.009750366 0.00035095215 0.007446289
-0.029296875 0.005859375 0.017837524
-0.034179688 -0.005142212 0.017227173
-0.03112793 -0.028961182 0.01966858
-0.020751953 -0.01612854 0.012954712
-0.017700195 0.009521484 0.008056641
-0.03173828 0.018081665 -0.0017089844
-0.05189514 0.015014648 -0.004760742
-0.07939148 -0.013687134 0.0135650635
-0.11299133 -0.098602295 0.026992798
-0.1355896 -0.15235901 0.023330688
-0.113601685 -0.13891602 0.01966858
-0.09161377 -0.12669373 0.0135650635
-0.10687256 -0.08699036 -0.004760742
-0.09098816 -0.011245728 -0.011489868
-0.05618286 0.015014648 0.005004883
-0.05923462 -0.0680542 0.023330688
-0.049453735 -0.15357971 0.008056641
-0.016479492 -0.17556763 -0.0053710938
-0.02319336 -0.106536865 0.011734009
-0.037857056 -0.014297485 0.05265808
-0.029296875 0.008300781 0.06486511
-0.010360718 0.0015716553 0.041656494
0.017120361 -0.06317139 0.016616821
0.018341064 -0.13891602 0.03250122
-0.0024261475 -0.12913513 0.08807373
0.007965088 0.10359192 0.1448822
0.030548096 0.11642456 0.09907532
0.017120361 0.0315094 0.054473877
-0.021362305 -0.043014526 0.05142212
-0.036026 -0.030792236 0.06364441
-0.008529663 0.033340454 0.06486511
0.0476532 0.08770752 0.06364441
0.07148743 0.089538574 0.069747925
0.018341064 0.06755066 0.0758667
-0.07022095 0.058395386 0.08746338
-0.09832764 0.090774536 0.09663391
-0.061065674 0.11764526 0.09663391
-0.050064087 0.08099365 0.08868408
-0.058624268 0.03944397 0.07218933
-0.06350708 0.041900635 0.07342529
-0.07878113 0.059005737 0.09724426
-0.093444824 0.089538574 0.10517883
-0.10749817 0.06877136 0.0947876
-0.16491699 0.02418518 0.09907532
-0.17041016 0.03578186 0.11251831
-0.053131104 0.13658142 0.09602356
0.0488739 0.18911743 0.06913757
-0.0011901855 0.113357544 0.056915283
-0.09283447 0.008300781 0.06303406
-0.09832764 -0.041168213 0.06913757
-0.05189514 -0.06439209 0.069747925
-0.07206726 -0.08943176 0.078308105
-0.08488464 -0.03933716 0.06486511
0.01651001 0.07366943 0.033111572
0.0977478 0.094436646 0.021499634
0.037887573 0.05105591 0.026992798
-0.06716919 0.024795532 0.04043579
-0.0079193115 0.020523071 0.042877197
0.019561768 -0.011856079 0.038604736
-0.012802124 -0.04850769 0.04348755
-0.08061218 -0.09370422 0.061203003
-0.10443115 -0.110809326 0.07952881
-0.06838989 -0.08576965 0.09724426
-0.09098816 -0.0032958984 0.11557007
-0.12338257 0.05105591 0.11373901
-0.11482239 0.03211975 0.097854614
-0.053741455 0.0107421875 0.09663391
0.03605652 -0.005142212 0.105789185
0.042160034 -0.036895752 0.12472534
-0.023803711 -0.099823 0.15588379
-0.089767456 -0.13769531 0.20291138
-0.13864136 -0.12669373 0.28355408
-0.17346191 -0.10775757 0.35868835
-0.19117737 -0.078430176 0.40756226
-0.1539154 0.038848877 0.43933105
-0.09710693 0.12620544 0.48086548
-0.08305359 0.18789673 0.52119446
-0.08610535 0.24165344 0.5773773
-0.08366394 0.197052 0.6409149
-0.09649658 0.14878845 0.68489075
-0.11053467 0.17445374 0.6726837
-0.121536255 0.16835022 0.60731506
-0.14352417 0.14512634 0.55355835
-0.05189514 0.23065186 0.54255676
0.15762329 0.33999634 0.53279114
0.24069214 0.34733582 0.49491882
0.1796112 0.29663086 0.41978455
0.045822144 0.31983948 0.36235046
-0.08244324 0.29112244 0.3373108
-0.07022095 0.27157593 0.31959534
0.12400818 0.31129456 0.3202057
0.22846985 0.28930664 0.30249023
0.14233398 0.20072937 0.29699707
-0.01953125 0.036392212 0.26400757
0.003692627 0.08770752 0.21820068
0.0965271 0.15795898 0.17848206
0.16984558 0.20378113 0.14915466
0.26940918 0.14390564 0.13816833
0.20953369 0.033340454 0.14060974
0.046432495 -0.027130127 0.12716675
-0.08061218 -0.06561279 0.10823059
-0.17835999 -0.08332825 0.10700989
-0.20401001 -0.06317139 0.13267517
-0.14352417 0.005859375 0.1277771
0.015899658 0.07733154 0.078308105
0.08432007 0.09503174 0.046539307
-0.022583008 0.06877136 0.049606323
-0.10383606 0.041290283 0.05204773
-0.10505676 0.026016235 0.039215088
-0.06472778 0.046173096 0.03250122
0.03239441 0.09625244 0.033721924
0.023834229 0.09136963 0.026992798
-0.046401978 0.02357483 0.025161743
-0.08732605 -0.013076782 0.025161743
-0.06655884 0.0076904297 0.026382446
-0.025024414 0.012573242 0.019058228
-0.012191772 0.004638672 0.010513306
0.005508423 0.010131836 0.011108398
-0.023803711 -0.030792236 0.0135650635
-0.041519165 -0.03933716 0.008056641
-0.020141602 0.0052337646 0.008666992
0.027511597 0.04434204 -0.0041503906
0.038497925 0.025405884 -0.019424438
-0.0011901855 -0.02468872 -0.00843811
-0.010971069 -0.031402588 -0.009048462
0.02017212 -0.014907837 -0.022476196
0.017120361 -0.003921509 -0.03286743
0.023834229 -0.012466431 -0.045700073
0.0317688 0.0064697266 -0.046295166
0.023223877 0.0076904297 -0.038360596
0.025054932 0.007080078 -0.034698486
0.030548096 0.011962891 -0.027374268
0.018951416 0.022338867 -0.019424438
-0.003036499 0.007080078 -0.01576233
-0.021362305 -0.006362915 -0.007217407
-0.008529663 -0.0045166016 0.005004883
0.0042877197 0.004638672 0.0031738281
-0.009750366 -0.006958008 -0.009048462
-0.015258789 -0.011245728 -0.004760742
-0.010360718 -0.013687134 0.009887695
-0.025024414 -0.008178711 0.010513306
-0.017074585 0.011352539 0.0031738281
0.01222229 0.026016235 -0.0096588135
0.037887573 0.024795532 -0.0059814453
0.011627197 0.004638672 0.008666992
-0.029907227 -0.017959595 0.022720337
0.0024719238 -0.002090454 0.0056152344
0.003692627 0.008300781 -0.0059814453
-0.0005950928 0.00035095215 -0.006591797
0.013442993 -0.000869751 0.001953125
0.014663696 0.00035095215 0.010513306
-0.0066986084 -0.013076782 0.009277344
-0.0066986084 -0.011856079 0.0056152344
0.015289307 -0.00024414062 0.001953125
0.017120361 -0.012466431 -0.00843811
3.0517578e-05 -0.013687134 -0.0053710938
-0.004257202 -0.008178711 0.00012207031
0.003692627 0.0021972656 -0.006591797
0.0140686035 0.018081665 -0.010879517
0.018341064 0.008300781 -0.01637268
-0.0024261475 -0.01612854 -0.017593384
-0.009140015 -0.014297485 -0.00843811
0.0024719238 0.0034179688 -0.007827759
0.02017212 0.0021972656 -0.015151978
0.023223877 -0.0014648438 -0.014541626
0.008560181 -0.017349243 -0.009048462
-0.012802124 -0.033233643 -0.0017089844
-0.012802124 -0.030181885 -0.0017089844
0.0030670166 -0.012466431 -0.011489868
0.011001587 -0.013076782 -0.01576233
0.014663696 -0.021621704 -0.02003479
0.03300476 -0.000869751 -0.020645142
0.029953003 0.015625 -0.020645142
0.0073394775 -0.009399414 -0.024932861
0.0012512207 -0.02468872 -0.029815674
0.009780884 -0.010620117 -0.024307251
-0.020751953 -0.011245728 -0.018203735
-0.0079193115 0.007080078 -0.007827759
0.009185791 0.016845703 -0.010269165
0.0128479 0.007080078 -0.019424438
0.0042877197 0.0064697266 -0.01576233
3.0517578e-05 0.0034179688 -0.010879517
0.007965088 0.0064697266 -0.010879517
0.011001587 0.014404297 -0.0059814453
0.0012512207 0.007080078 -0.004760742
-0.016479492 -0.0057373047 -0.004760742
-0.009750366 -0.006958008 -0.00048828125
0.0024719238 0.005859375 -0.009048462
-0.0036468506 0.019897461 -0.01637268
-0.0048675537 0.018081665 -0.016983032
-0.0079193115 0.008911133 -0.015151978
-0.004257202 0.007080078 -0.014541626
0.00491333 0.011352539 -0.015151978
0.009780884 0.0076904297 -0.01576233
0.01222229 0.0009765625 -0.009048462
-0.004257202 -0.022232056 -0.010879517
-0.008529663 -0.0155181885 -0.017593384
0.0067443848 0.014404297 -0.022476196
0.00062561035 0.030288696 -0.01576233
-0.0018157959 0.011962891 -0.007217407
0.010406494 0.0064697266 -0.0059814453
0.009780884 -0.0045166016 -0.0059814453
-0.0066986084 -0.01979065 0.001953125
0.008560181 0.009521484 -0.010269165
0.011627197 0.0107421875 -0.013931274
-0.003036499 -0.002090454 -0.0096588135
-0.010971069 -0.002090454 -0.011489868
0.013442993 0.017456055 -0.014541626
0.009185791 0.0076904297 -0.007217407
-0.01953125 -0.0057373047 0.001953125
-0.003036499 0.005859375 -0.002319336
0.011001587 0.011352539 -0.010879517
-0.0011901855 0.0021972656 -0.01637268
3.0517578e-05 0.0021972656 -0.015151978
0.0073394775 0.014404297 -0.0096588135
-0.010360718 0.0021972656 -0.007827759
-0.013412476 -0.006362915 -0.00843811
0.0073394775 0.008911133 -0.007827759
0.009185791 0.011352539 -0.0029296875
-0.009750366 -0.009399414 0.00012207031
-0.006088257 -0.006958008 0.0013427734
0.00491333 0.0064697266 -0.0010986328
0.0073394775 0.008911133 -0.0096588135
0.00491333 0.0040130615 -0.0041503906
-0.0011901855 0.00035095215 0.0031738281
-0.00730896 -0.007583618 -0.0010986328
-0.009750366 -0.011856079 -0.006591797
0.0067443848 0.010131836 -0.009048462
-0.004257202 0.0015716553 -0.010269165
-0.010360718 -0.014297485 -0.0029296875
-0.008529663 -0.0057373047 -0.00843811
-0.0048675537 0.013793945 -0.013931274
-0.009750366 0.020523071 -0.01576233
-0.00730896 0.013793945 -0.00843811
-0.0024261475 0.008300781 -0.00843811
-0.0066986084 0.008300781 -0.012710571
-0.020751953 0.0015716553 -0.013931274
-0.010360718 0.008911133 -0.012710571
0.0073394775 0.013793945 -0.0053710938
0.0042877197 0.004638672 0.0037841797
-0.004257202 -0.0057373047 0.011108398
0.0024719238 -0.0026855469 0.006225586
0.013442993 -0.00024414062 -0.0059814453
0.0042877197 -0.012466431 -0.007827759
-0.021362305 -0.02468872 0.0025634766
-0.025024414 -0.014297485 0.008666992
0.0012512207 0.008911133 -0.00048828125
0.02017212 0.019897461 -0.018203735
0.0140686035 0.009521484 -0.018814087
0.00491333 -0.0014648438 -0.0017089844
-0.011581421 -0.0045166016 0.008666992
-0.018920898 0.0009765625 -0.0059814453
0.003692627 0.012573242 -0.017593384
0.007965088 0.007080078 -0.007827759
-0.011581421 -0.013076782 0.0068359375
-0.016479492 0.0009765625 0.005004883
0.0012512207 0.024795532 -0.002319336
0.0024719238 0.010131836 -0.010879517
-0.0066986084 -0.0032958984 -0.007217407
-0.00730896 0.0034179688 -0.007217407
0.0042877197 0.016235352 -0.010879517
0.011001587 0.004638672 -0.0096588135
0.0030670166 -0.006958008 -0.0041503906
-0.0036468506 0.0040130615 -0.0053710938
-0.003036499 0.011962891 -0.00843811
-0.010971069 0.013793945 -0.0096588135
-0.0066986084 0.0107421875 0.0025634766
0.0012512207 -0.0057373047 0.0013427734
-0.004257202 -0.002090454 -0.010269165
0.009185791 0.012573242 -0.009048462
0.01222229 0.008911133 -0.0059814453
3.0517578e-05 -0.007583618 -0.0029296875
-0.006088257 0.019302368 -0.013320923
0.009185791 0.02357483 -0.013931274
0.0140686035 0.007080078 -0.0029296875
-0.006088257 -0.006362915 0.0031738281
-0.014633179 -0.0057373047 0.0037841797
-0.004257202 0.011352539 -0.006591797
-0.0011901855 0.024795532 -0.01637268
-0.008529663 0.022964478 -0.010879517
-0.006088257 0.011962891 -0.007217407
-0.0011901855 0.014404297 -0.0059814453
-0.0054779053 0.009521484 -0.0059814453
-0.008529663 0.0040130615 -0.007217407
0.00491333 0.016845703 -0.0041503906
0.008560181 0.014404297 -0.0010986328
0.005508423 0.013793945 0.0013427734
0.0012512207 0.009521484 -0.0010986328
-0.009750366 -0.0014648438 -0.004760742
-0.016479492 0.0015716553 -0.0059814453
-0.0036468506 0.011352539 -0.0017089844
0.007965088 0.0064697266 -0.0010986328
0.0073394775 -0.003921509 -0.0053710938
0.0067443848 0.0015716553 -0.003540039
0.006134033 0.004638672 -0.002319336
0.0042877197 0.0027923584 -0.0029296875
0.0073394775 0.015014648 -0.003540039
0.008560181 0.010131836 -0.0041503906
-0.0024261475 -0.00024414062 0.0013427734
0.00062561035 -0.005142212 0.0031738281
0.018341064 0.012573242 -0.0041503906
0.023834229 0.022964478 -0.007827759
0.015899658 -0.006958008 -0.0053710938
0.0030670166 -0.006958008 -0.002319336
-0.0036468506 0.0021972656 -0.0059814453
3.0517578e-05 0.013183594 -0.015151978
0.0012512207 0.018081665 -0.012710571
0.0024719238 0.009521484 -0.0041503906
-0.00730896 -0.003921509 -0.0041503906
-0.010971069 -0.010620117 -0.0029296875
-0.0036468506 -0.010025024 -0.007827759
-0.0018157959 -0.005142212 -0.00843811
0.0012512207 -0.002090454 -0.0010986328
0.00491333 -0.0045166016 -0.002319336
0.0030670166 -0.000869751 -0.007217407
-0.0005950928 0.007080078 -0.016983032
0.0128479 0.011962891 -0.010269165
-0.0036468506 -0.009399414 -0.004760742
-0.01953125 -0.011245728 0.001953125
-0.0024261475 0.0052337646 0.0007324219
0.01222229 0.0076904297 -0.0010986328
-0.011581421 -0.0057373047 0.0013427734
-0.02319336 -0.008804321 0.0007324219
-0.0079193115 0.0027923584 -0.00048828125
0.00062561035 0.005859375 -0.003540039
-0.00730896 0.0064697266 -0.01576233
-0.0024261475 0.004638672 -0.01576233
0.008560181 0.008300781 -0.011489868
0.0067443848 0.005859375 -0.007827759
-0.0079193115 -0.013687134 -0.00048828125
-0.0066986084 -0.020401001 0.0037841797
0.009185791 -0.003921509 0.00012207031
0.008560181 -0.000869751 -0.0059814453
0.0018463135 -0.002090454 -0.0041503906
-0.0005950928 -0.011856079 -0.003540039
-0.0048675537 -0.009399414 -0.0029296875
0.0024719238 0.00035095215 -0.0053710938
0.013442993 0.005859375 -0.010269165
0.014663696 -0.002090454 -0.016983032
-0.0066986084 -0.01979065 -0.003540039
-0.004257202 -0.0026855469 -0.0010986328
0.0042877197 0.018081665 -0.007217407
0.00062561035 0.018676758 -0.00843811
-0.0036468506 0.0064697266 -0.0041503906
-0.0054779053 -0.006362915 0.008666992
-0.008529663 -0.010620117 0.007446289
3.0517578e-05 0.0064697266 -0.007217407
0.011627197 0.018081665 -0.012710571
0.007965088 0.0052337646 -0.0059814453
-0.0036468506 -0.0057373047 -0.004760742
-0.004257202 0.010131836 -0.011489868
0.003692627 0.024795532 -0.023712158
0.00062561035 0.011962891 -0.01576233
-0.013412476 -0.008804321 -0.0029296875
-0.010971069 -0.0014648438 -0.011489868
-0.009140015 0.0021972656 -0.007827759
-0.00730896 -0.000869751 -0.0059814453
-0.010971069 0.0015716553 -0.0029296875
0.0073394775 0.0064697266 -0.0053710938
0.014663696 0.010131836 -0.0041503906
0.005508423 0.0009765625 -0.0041503906
0.0073394775 -0.00024414062 -0.0010986328
0.015289307 -0.0026855469 -0.00048828125
0.013442993 -0.0014648438 0.0007324219
0.00491333 -0.0032958984 -0.00048828125
-0.003036499 0.0021972656 -0.003540039
-0.0036468506 0.016845703 -0.009048462
0.0030670166 0.030899048 -0.013320923
0.0067443848 0.02418518 -0.013320923
0.0042877197 0.009521484 -0.009048462
0.0073394775 0.011962891 -0.007827759
0.011627197 0.016235352 -0.0096588135
0.0030670166 0.009521484 -0.011489868
0.0024719238 0.011962891 -0.009048462
-0.0024261475 0.011352539 -0.0059814453
-0.005432129 0.00091552734 0.0025024414
-0.001159668 -0.003967285 -0.0017852783
0.006790161 0.0045928955 -0.003616333
0.0049438477 0.0033721924 0.0018920898
0.0006866455 -0.0051879883 0.0037231445
0.0049438477 0.00032043457 -0.0017852783
6.1035156e-05 0.0058135986 -0.006668091
0.015319824 0.0143585205 -0.010940552
-0.0005340576 0.01008606 -0.0103302
-0.009094238 -0.011276245 -0.0017852783
0.0012817383 -0.013717651 -0.0017852783
0.0006866455 -0.0021209717 -0.0042266846
-0.0036010742 0.00091552734 0.0006713867
0.0006866455 -0.00030517578 0.003112793
-0.0029907227 -0.0063934326 -0.0030059814
-0.0029907227 -0.0063934326 -0.0005493164
0.008621216 0.00091552734 -0.0030059814
0.009216309 0.009475708 -0.009109497
0.006790161 0.0033721924 -0.0005493164
0.005569458 0.00091552734 0.0018920898
0.0012817383 0.0045928955 -0.0103302
0.004348755 0.003982544 -0.015823364
0.012878418 -0.013717651 -0.01828003
0.013504028 -0.019226074 -0.010940552
0.0079956055 -0.014343262 -0.015213013
0.012878418 0.017425537 -0.031707764
0.0385437 0.09866333 -0.05003357
0.064193726 0.11759949 -0.021942139
0.024490356 -0.021057129 0.024490356
-0.0005340576 -0.12428284 0.04525757
0.05381775 -0.16033936 0.05747986
0.07885742 -0.19515991 0.014709473
0.09291077 -0.08886719 0.0134887695
0.11672974 -0.0076141357 0.017166138
0.12834167 0.00642395 0.011047363
0.139328 0.07911682 -0.0103302
0.19371033 0.12432861 -0.0084991455
0.21691895 0.025970459 0.0025024414
0.14666748 -0.11695862 0.0018920898
0.11123657 -0.15179443 0.0037231445
0.13261414 -0.11329651 0.012268066
0.13078308 -0.083969116 -0.013381958
0.09840393 -0.003967285 -0.020095825
0.059310913 0.04307556 -0.001159668
-0.0115356445 0.047348022 -0.012771606
-0.036590576 0.015579224 -0.0103302
-0.022537231 -0.009460449 0.0006713867
-0.0005340576 -0.036331177 0.014099121
0.025100708 -0.042434692 0.0079956055
0.09535217 -0.0021209717 -0.003616333
0.1234436 0.013748169 -0.0060577393
0.068481445 -0.039993286 -0.014602661
0.036712646 -0.043045044 -0.02255249
0.05076599 -0.010681152 -0.029266357
0.040985107 -0.014343262 -0.05003357
0.023269653 -0.010055542 -0.051864624
0.006164551 -0.018615723 -0.03475952
-0.0005340576 -0.03694153 -0.020721436
0.0037231445 -0.03388977 -0.016433716
0.013504028 -0.015563965 -0.031707764
0.031204224 0.008255005 -0.043930054
0.032424927 0.010696411 -0.035980225
0.028167725 -0.011276245 -0.02255249
0.044647217 -0.0063934326 -0.021942139
0.064193726 0.008865356 -0.025604248
0.04647827 0.01864624 -0.0060577393
0.044036865 -0.0033416748 0.0049438477
0.052597046 -0.002746582 -0.0017852783
0.08251953 0.035751343 -0.0084991455
0.08375549 0.044906616 -0.0042266846
0.055648804 0.020477295 0.005554199
0.02998352 0.0058135986 0.003112793
0.029388428 0.005203247 0.0006713867
0.039154053 -0.02166748 0.003112793
0.059310913 -0.02166748 -0.0017852783
0.095962524 0.015579224 -0.012771606
0.111846924 0.016799927 -0.023773193
0.13322449 -0.020446777 -0.032928467
0.1564331 -0.042434692 -0.039642334
0.14544678 -0.02166748 -0.05064392
0.14605713 0.00091552734 -0.056152344
0.0019073486 0.008865356 -0.03842163
-0.015197754 0.00032043457 -0.026824951
-0.013977051 -0.008239746 -0.017044067
-0.034744263 -0.02960205 -0.031707764
-0.043304443 -0.02960205 -0.036605835
-0.048797607 -0.027786255 -0.021331787
-0.09828186 -0.099853516 0.004333496
-0.2253418 -0.2263031 0.0025024414
-0.3609619 -0.22814941 -0.03475952
-0.3872223 -0.15179443 -0.024993896
-0.34812927 -0.13223267 -0.012161255
-0.24917603 -0.22203064 -0.015823364
-0.17158508 -0.29656982 -0.026824951
-0.16426086 -0.23486328 -0.031707764
-0.16792297 -0.14567566 -0.03538513
-0.09095764 -0.09802246 -0.044540405
-0.008483887 -0.075424194 -0.048202515
0.051376343 -0.02166748 -0.03538513
0.0715332 -0.012496948 -0.03538513
0.042816162 -0.019836426 -0.04270935
-0.004211426 -0.008834839 -0.040863037
-0.035369873 -0.005783081 -0.024383545
-0.048187256 0.00091552734 -0.010940552
-0.027420044 -0.0015258789 0.01776123
-0.055526733 -0.019226074 0.017166138
0.006790161 -0.0119018555 -0.017044067
0.124069214 0.31430054 -0.020095825
-0.04269409 0.31124878 0.023269653
6.1035156e-05 -0.1768341 0.1405487
0.29388428 -0.4059143 0.1710968
0.19432068 0.06628418 0.005554199
-0.15264893 0.39982605 -0.120285034
-0.28886414 0.4040985 -0.07569885
-0.00970459 0.2819214 0.012268066
0.347641 0.21717834 0.036087036
0.22729492 0.057739258 -0.061035156
0.020828247 -0.043045044 -0.15327454
-0.013977051 0.024749756 -0.14778137
0.07702637 0.0045928955 -0.14227295
0.152771 -0.08215332 -0.16181946
0.17597961 -0.099853516 -0.19786072
0.17965698 -0.05404663 -0.25039673
0.14849854 -0.024719238 -0.31149292
0.100860596 -0.010681152 -0.35668945
0.07763672 -0.07115173 -0.39395142
0.09046936 -0.13346863 -0.4403839
0.16011047 -0.19577026 -0.47154236
0.19186401 -0.27824402 -0.52957153
0.23402405 -0.48898315 -0.58638
0.16438293 -0.55618286 -0.6847229
0.15461731 -0.4847107 -0.8227844
0.2199707 -0.36558533 -0.91075134
0.26150513 -0.35214233 -0.9455719
0.2517395 -0.46333313 -0.95106506
0.1356659 -0.627655 -0.9638977
0.03060913 -0.6673584 -0.9877167
0.036102295 -0.585495 -1.0188751
0.09169006 -0.4883728 -1.0622559
0.14299011 -0.44682312 -1.079956
0.10696411 -0.49998474 -1.0634766
0.05747986 -0.5738983 -1.0622559
0.044036865 -0.6001587 -1.0775146
0.037322998 -0.5671692 -1.0897369
0.04159546 -0.50852966 -1.1001282
0.1234436 -0.4382782 -1.0744629
0.22485352 -0.4560089 -1.0634766
0.22485352 -0.49264526 -1.1208954
0.15887451 -0.47309875 -1.15448
0.10696411 -0.4260559 -1.1453247
0.06297302 -0.4346161 -1.1233368
0.06480408 -0.4529419 -1.1172333
0.1191864 -0.4223938 -1.1495972
0.1521759 -0.33137512 -1.2161865
0.1381073 -0.26724243 -1.2846069
0.15093994 -0.21836853 -1.3047638
0.17721558 -0.18415833 -1.2583466
0.0544281 -0.18844604 -1.1838074
-0.19908142 -0.12246704 -1.0433197
-0.22717285 -0.0063934326 -0.9406891
0.10574341 0.10600281 -0.9907837
0.39100647 0.16403198 -1.0989075
0.30549622 0.14143372 -1.093399
0.11062622 0.06201172 -0.9559479
0.06236267 -0.08152771 -0.8380585
0.1063385 -0.2873993 -0.8301239
0.1539917 -0.46270752 -0.91319275
0.12466431 -0.4676056 -1.0048218
-0.0463562 -0.39369202 -1.0940094
-0.17526245 -0.3069458 -1.1599884
-0.11782837 -0.261734 -1.1789246
-0.027420044 -0.407135 -1.2461243
-0.05857849 -0.48654175 -1.3511963
0.0849762 -0.32344055 -1.4043427
0.29327393 -0.11268616 -1.3560791
0.3170929 -0.051605225 -1.2632294
0.2865448 -0.19943237 -1.172821
0.24378967 -0.44805908 -1.1257782
0.20774841 -0.50914 -1.1343384
0.24501038 -0.34176636 -1.1269989
0.25906372 -0.159729 -1.0830231
0.2969513 -0.12979126 -1.0048218
0.2822876 -0.2409668 -0.9046478
0.16621399 -0.35887146 -0.8301239
0.05015564 -0.40040588 -0.7934723
-0.032302856 -0.36131287 -0.7378845
-0.059188843 -0.32954407 -0.59677124
0.009841919 -0.2947235 -0.42694092
0.1552124 -0.28250122 -0.35914612
0.22241211 -0.3607025 -0.41105652
0.11123657 -0.3582611 -0.43733215
0.072753906 -0.3264923 -0.38479614
0.0690918 -0.34970093 -0.38967896
0.09413147 -0.35765076 -0.41471863
0.112457275 -0.28862 -0.44221497
0.1362915 -0.19760132 -0.49597168
0.16255188 -0.13101196 -0.5765991
0.2688446 -0.18537903 -0.6273041
0.35986328 -0.39308167 -0.65663147
0.29144287 -0.6587982 -0.73176575
0.06726074 -0.585495 -0.7922516
-0.2118988 -0.31427002 -0.718338
-0.4287567 -0.19821167 -0.572937
-0.517334 -0.1927185 -0.4855957
-0.3744049 -0.13528442 -0.49047852
-0.044525146 -0.119400024 -0.59310913
0.3018341 -0.33503723 -0.79896545
0.43804932 -0.63497925 -1.0219269
0.3549652 -0.7644806 -1.115387
0.1356659 -0.5659485 -1.067749
-0.0463562 -0.20004272 -0.96694946
-0.15509033 0.10600281 -0.9467926
-0.22839355 0.203125 -0.923584
-0.18258667 0.07545471 -0.8350067
-0.0463562 -0.23913574 -0.7702484
0.2835083 -0.46699524 -0.8460083
0.3879547 -0.35214233 -0.8783722
0.31098938 -0.29716492 -0.820343
0.13078308 -0.28312683 -0.7067261
0.0019073486 -0.19821167 -0.59065247
0.020828247 -0.11817932 -0.520401
0.08680725 -0.076034546 -0.45809937
0.14849854 -0.06259155 -0.39639282
0.1845398 -0.010681152 -0.34753418
0.14788818 0.06933594 -0.27238464
0.024490356 0.13348389 -0.16305542
-0.07324219 0.15731812 -0.060409546
-0.03352356 0.13043213 -0.009719849
0.1191864 -0.013717651 -0.056747437
0.096572876 -0.027160645 -0.09585571
-0.13798523 0.09805298 -0.06774902
-0.24305725 -0.03388977 0.0134887695
-0.18197632 -0.14323425 0.028762817
-0.013381958 -0.09863281 -0.05493164
0.14422607 -0.034500122 -0.108062744
0.13017273 -0.015563965 -0.092178345
-0.032302856 0.11210632 -0.09585571
-0.15753174 0.2978058 -0.14533997
-0.31330872 0.42791748 -0.120285034
-0.32736206 0.34362793 0.095947266
0.025100708 -0.33444214 0.27859497
0.014099121 -0.38635254 0.20040894
0.033050537 -0.25502014 0.18635559
0.05381775 -0.19210815 0.22851562
-0.020095825 -0.2592926 0.32380676
-0.17341614 -0.39613342 0.34091187
-0.26750183 -0.4052887 0.2718811
-0.17280579 -0.15116882 0.19796753
0.04953003 0.06384277 0.175354
0.18637085 0.049179077 0.1723175
0.18270874 -0.104141235 0.13871765
0.14239502 -0.18415833 0.023269653
0.13017273 -0.20248413 -0.09402466
0.12651062 -0.16827393 -0.1428833
0.1845398 -0.067489624 -0.12884521
0.2492981 0.025970459 -0.06652832
0.2505188 -0.013122559 -0.025604248
0.1356659 -0.15789795 -0.025604248
-0.10255432 -0.08703613 -0.04637146
-0.3267517 -0.013122559 -0.020721436
-0.49290466 0.10171509 0.059906006
-0.36584473 0.39248657 0.048919678
0.0037231445 0.46946716 -0.08607483
0.32748413 0.0388031 -0.286438
0.3781891 -0.49325562 -0.5198059
0.18331909 -0.638031 -0.6218109
-0.15997314 -0.2580719 -0.62364197
-0.39698792 0.3026886 -0.53201294
-0.5344391 0.70158386 -0.4220581
-0.4373169 0.7070923 -0.26689148
-0.016418457 0.29353333 -0.14349365
0.34092712 -0.26968384 -0.23757935
0.37696838 -0.51708984 -0.36647034
0.2669983 -0.4529419 -0.37991333
0.08251953 -0.17927551 -0.31149292
-0.015823364 0.05407715 -0.23023987
-0.05857849 0.12188721 -0.1746521
-0.0463562 0.11882019 -0.08670044
-0.005432129 -0.04121399 0.011657715
-0.015197754 -0.28800964 0.062347412
-0.091552734 -0.36314392 0.11000061
-0.043914795 -0.0766449 0.29447937
0.11428833 0.1847992 0.34274292
0.232193 0.3808899 0.34396362
0.2358551 0.2843628 0.30792236
0.09352112 0.06506348 0.23828125
-0.13066101 0.08583069 0.19857788
-0.29071045 0.06567383 0.2230072
-0.40983582 0.10110474 0.24806213
-0.30781555 0.1078186 0.23034668
0.0012817383 -0.096191406 0.18086243
0.25845337 -0.25257874 0.10084534
0.2975464 -0.09375 0.039154053
0.16316223 0.14875793 0.012878418
-0.012756348 0.23121643 0.040374756
-0.08239746 0.1566925 0.07640076
-0.05001831 0.039413452 0.11856079
-0.026809692 -0.08947754 0.16680908
-0.03352356 -0.18049622 0.19796753
-0.01763916 -0.19393921 0.18452454
0.02204895 -0.17134094 0.14482117
0.022659302 -0.14445496 0.1210022
-0.0060424805 -0.0949707 0.08129883
0.019607544 -0.03755188 0.014099121
0.064193726 0.014984131 -0.03538513
0.07458496 0.035751343 -0.045150757
0.051986694 0.0033721924 -0.040863037
0.044647217 -0.047332764 -0.044540405
0.099624634 -0.12246704 -0.06713867
0.1710968 -0.18782043 -0.11723328
0.19798279 -0.12918091 -0.16732788
0.14299011 0.044296265 -0.18687439
0.02571106 0.21166992 -0.09951782
0.14971924 -0.007019043 -0.08546448
0.2040863 -0.27090454 -0.16854858
-0.047576904 -0.19393921 -0.1880951
-0.38417053 -0.15423584 -0.064086914
-0.556427 -0.19577026 0.020828247
-0.43426514 -0.09863281 -0.001159668
-0.026809692 -0.14445496 -0.11112976
0.3336029 -0.44805908 -0.26812744
0.3623047 -0.6832428 -0.3438568
0.12466431 -0.522583 -0.3744049
-0.20701599 -0.042434692 -0.4220581
-0.5002289 0.4664154 -0.45870972
-0.47885132 0.7290802 -0.3841858
-0.057357788 0.463974 -0.27972412
0.22485352 -0.19148254 -0.3731842
0.12651062 -0.43766785 -0.4861908
-0.010925293 -0.30999756 -0.48069763
-0.023757935 -0.17193604 -0.46298218
0.04586792 -0.09375 -0.39579773
0.02998352 -0.06993103 -0.32247925
-0.051239014 -0.027160645 -0.2748413
-0.009094238 0.028411865 -0.24795532
0.111846924 0.033294678 -0.20825195
0.13383484 -0.023498535 -0.14839172
0.047088623 -0.059539795 -0.047592163
0.006790161 0.016204834 0.04586792
0.047714233 0.096221924 0.07701111
0.040985107 0.1053772 0.03793335
-0.013381958 -0.0063934326 -0.0103302
-0.08117676 -0.15545654 -0.023162842
-0.25221252 -0.03816223 -0.0054473877
-0.48680115 0.008865356 0.003112793
-0.6095886 -0.09008789 0.014099121
-0.49778748 -0.026565552 -0.053085327
-0.14042664 -0.029006958 -0.15022278
0.24501038 -0.24769592 -0.24858093
0.3329773 -0.24952698 -0.29682922
0.1539917 0.06994629 -0.27789307
-0.050628662 0.34484863 -0.20336914
-0.10255432 0.21289062 -0.12701416
-0.0072631836 -0.119400024 -0.07569885
0.047714233 -0.39064026 -0.07019043
0.018997192 -0.5512848 -0.11050415
0.06663513 -0.5311279 -0.13983154
0.043426514 -0.47981262 -0.18075562
-0.032302856 -0.39064026 -0.2772827
-0.08729553 -0.2421875 -0.39517212
-0.0952301 -0.12246704 -0.44770813
-0.09889221 -0.013122559 -0.44648743
-0.032302856 0.091934204 -0.4367218
0.05747986 0.09011841 -0.42755127
0.099624634 -0.09863281 -0.47825623
0.09779358 -0.35276794 -0.5778198
0.11306763 -0.46270752 -0.6719055
0.14788818 -0.3857422 -0.77085876
0.16255188 -0.22875977 -0.8979187
0.24134827 -0.15238953 -0.9889374
0.3012085 -0.12490845 -0.9822235
0.23036194 -0.07237244 -0.92297363
-0.0634613 -0.0619812 -0.80384827
-0.34017944 0.028411865 -0.7164917
-0.28216553 0.23304749 -0.6865692
0.020217896 0.1737976 -0.6712799
0.2871704 -0.2397461 -0.74642944
0.34825134 -0.7107239 -0.8117981
0.2211914 -0.885437 -0.8453827
0.023880005 -0.7088928 -0.8521118
-0.21801758 -0.20921326 -0.8258362
-0.41105652 0.85736084 -0.62120056
-0.18197632 0.9276123 -0.47642517
0.19798279 0.30880737 -0.5252838
0.334198 -0.63131714 -0.6981659
0.16011047 -1.0369263 -0.7904053
0.03060913 -0.9465332 -0.7653656
-0.008483887 -0.5439606 -0.7067261
-0.044525146 -0.12734985 -0.6474762
-0.10317993 0.057739258 -0.66212463
-0.04940796 0.03453064 -0.6987915
0.04953003 -0.013717651 -0.7177124
0.0874176 -0.07420349 -0.7079468
0.10940552 -0.15057373 -0.704895
0.11306763 -0.14506531 -0.6596832
0.116119385 -0.09925842 -0.5704956
0.15950012 -0.1255188 -0.4861908
0.19737244 -0.21714783 -0.44465637
0.08129883 -0.23364258 -0.41412354
-0.20152283 -0.1609497 -0.3560791
-0.33041382 -0.14201355 -0.31881714
-0.20640564 -0.19088745 -0.34570312
-0.07507324 -0.30145264 -0.47276306
-0.06896973 -0.35765076 -0.6071472
-0.06468201 -0.22998047 -0.7103882
0.18881226 -0.043045044 -0.7897949
0.6396332 -0.24157715 -0.80140686
0.45761108 -0.33381653 -0.701828
0.12528992 -0.23425293 -0.5607147
-0.17892456 -0.015563965 -0.39335632
-0.2925415 0.16157532 -0.27423096
-0.18807983 -0.016784668 -0.26383972
-0.08973694 -0.38146973 -0.31210327
-0.08973694 -0.66308594 -0.36158752
-0.09033203 -0.84329224 -0.43304443
-0.08178711 -0.8549042 -0.4984131
-0.14654541 -0.70217896 -0.5582733
-0.28398132 -0.5317383 -0.649292
-0.401886 -0.32710266 -0.74154663
-0.3768463 -0.1084137 -0.8099518
-0.18319702 0.022918701 -0.847229
-0.028640747 -0.052825928 -0.85150146
-0.039031982 -0.2788391 -0.86860657
-0.07385254 -0.4517212 -0.8722687
-0.039642334 -0.47981262 -0.830719
0.0079956055 -0.4101715 -0.8062897
0.04220581 -0.34725952 -0.8099518
0.06480408 -0.30755615 -0.8179016
0.067871094 -0.27946472 -0.8276825
0.07397461 -0.2544098 -0.8411102
0.027542114 -0.19699097 -0.8569946
-0.13739014 -0.060760498 -0.8313446
-0.29071045 0.0907135 -0.7751465
-0.20884705 0.083999634 -0.75009155
0.061141968 -0.08215332 -0.8044586
0.30671692 -0.28372192 -0.896698
0.3036499 -0.29534912 -0.83439636
0.14176941 -0.23303223 -0.689621
-0.096450806 -0.20370483 -0.58332825
-0.21923828 -0.24035645 -0.5387268
-0.16975403 -0.31549072 -0.506958
-0.07446289 -0.36741638 -0.48130798
0.0025024414 -0.39552307 -0.47154236
0.023880005 -0.3857422 -0.47276306
0.026321411 -0.3228302 -0.48008728
0.0006866455 -0.23730469 -0.49780273
-0.044525146 -0.14994812 -0.5032959
-0.09828186 -0.0949707 -0.4733734
-0.076293945 -0.13713074 -0.42694092
0.009841919 -0.24279785 -0.39579773
0.040985107 -0.31427002 -0.37928772
0.040985107 -0.28862 -0.34326172
0.028762817 -0.20004272 -0.2919464
-0.006652832 -0.16156006 -0.27178955
-0.046966553 -0.19210815 -0.26750183
-0.0115356445 -0.18598938 -0.25468445
0.07458496 -0.14506531 -0.24368286
0.09474182 -0.12490845 -0.24307251
0.04525757 -0.13406372 -0.21559143
-0.0060424805 -0.13101196 -0.157547
0.0012817383 -0.14445496 -0.13494873
0.031204224 -0.12612915 -0.13677979
0.040374756 -0.08642578 -0.13616943
0.0703125 -0.11390686 -0.15327454
0.061141968 -0.1585083 -0.16854858
0.03366089 -0.15605164 -0.17037964
0.010437012 -0.071762085 -0.14778137
-0.0017700195 0.0070343018 -0.12701416
0.012878418 0.011917114 -0.120285034
0.028167725 0.00032043457 -0.12211609
0.02998352 -0.0063934326 -0.112350464
0.0049438477 -0.026565552 -0.07385254
-0.03781128 -0.043655396 -0.023162842
-0.04574585 -0.029006958 0.007385254
-0.017044067 -0.014343262 0.0012817383
-0.0017700195 -0.02166748 -0.009719849
-0.006652832 -0.024719238 -0.013381958
0.0006866455 -0.019836426 -0.032318115
0.0019073486 -0.019836426 -0.07019043
-0.009094238 0.0015411377 -0.092803955
-0.014602661 0.03390503 -0.08241272
-0.0072631836 0.032073975 -0.064086914
0.0019073486 0.019241333 -0.056747437
-0.001159668 0.011917114 -0.051864624
-0.0017700195 0.01008606 -0.039642334
-0.010314941 0.022918701 -0.024993896
-0.040252686 0.040634155 -0.013381958
-0.08973694 0.06384277 -0.015823364
-0.0927887 0.11148071 -0.019500732
-0.046966553 0.123703 -0.035980225
-0.031692505 0.11576843 -0.040863037
0.020217896 0.09988403 -0.047592163
-0.013381958 0.06201172 -0.06591797
-0.10133362 0.08338928 -0.05003357
-0.13432312 0.052230835 -0.037200928
-0.11782837 0.016204834 -0.03842163
-0.0952301 0.0045928955 -0.057373047
-0.0769043 0.013748169 -0.07507324
-0.092178345 0.010696411 -0.07141113
-0.083618164 -0.039993286 -0.06347656
-0.07385254 -0.0949707 -0.07141113
-0.064071655 -0.09313965 -0.08363342
-0.0940094 -0.05709839 -0.07936096
-0.12820435 -0.0051879883 -0.06286621
-0.06651306 0.044906616 -0.051864624
0.006790161 0.01864624 -0.057373047
-0.009094238 -0.044265747 -0.055526733
-0.03352356 -0.076034546 -0.03842163
-0.021316528 -0.075424194 -0.03414917
-0.010314941 -0.047332764 -0.044540405
-0.0036010742 -0.035720825 -0.05493164
-0.0029907227 -0.027160645 -0.057373047
-0.0036010742 -0.009460449 -0.056747437
-0.010314941 0.0027618408 -0.059188843
-0.03352356 0.009475708 -0.05003357
-0.053085327 0.00091552734 -0.020721436
-0.04147339 -0.018615723 -0.0030059814
-0.031082153 -0.024108887 -0.021331787
-0.02192688 -0.03327942 -0.010940552
-0.03842163 -0.028381348 -0.004837036
-0.05430603 -0.0015258789 -0.004837036
-0.04574585 0.0070343018 -0.013381958
-0.0463562 -0.0021209717 -0.016433716
-0.05001831 -0.003967285 -0.020721436
-0.03414917 0.02230835 -0.031707764
-0.015823364 0.017425537 -0.043930054
-0.02619934 -0.0021209717 -0.03904724
-0.04269409 0.00032043457 -0.028656006
-0.04574585 0.008865356 -0.024383545
-0.037200928 -0.005783081 -0.024383545
-0.03842163 -0.014343262 -0.020721436
-0.032928467 -0.015563965 -0.017654419
-0.02619934 -0.030822754 -0.01828003
-0.023147583 -0.013717651 -0.024993896
-0.01826477 0.0015411377 -0.026824951
-0.032302856 -0.004562378 -0.01828003
-0.0622406 -0.015563965 -0.009109497
-0.05796814 -0.019226074 -0.010940552
-0.023757935 -0.009460449 -0.015823364
-0.01763916 -0.0033416748 -0.019500732
-0.013381958 -0.010681152 -0.024993896
-0.007873535 -0.002746582 -0.028045654
-0.04208374 -0.00090026855 -0.03048706
-0.055526733 0.003982544 -0.03538513
-0.053085327 0.019866943 -0.032928467
-0.053085327 0.012527466 -0.03414917
-0.048797607 -0.002746582 -0.037200928
-0.030471802 0.025360107 -0.039642334
-0.031082153 0.04246521 -0.051254272
-0.04147339 0.019241333 -0.047592163
-0.04147339 -0.011276245 -0.027435303
-0.020706177 -0.02166748 -0.020095825
0.023269653 -0.011276245 -0.029266357
0.04159546 0.008865356 -0.03538513
0.009841919 0.008255005 -0.031707764
-0.017044067 -0.018615723 -0.031707764
-0.022537231 -0.015563965 -0.026824951
-0.013977051 0.0070343018 -0.015823364
-0.004211426 0.0027618408 -0.015213013
0.0079956055 -0.014953613 -0.039642334
0.005569458 0.0033721924 -0.049423218
-0.0029907227 0.019866943 -0.035980225
-0.006652832 -0.00090026855 -0.03048706
-0.020706177 0.01008606 -0.029266357
-0.02192688 0.021697998 -0.0262146
-0.028640747 0.0076446533 -0.020095825
-0.039642334 -0.0063934326 -0.017044067
-0.031082153 0.0033721924 -0.01828003
-0.0036010742 0.025970459 -0.01399231
0.0025024414 0.012527466 -0.0072784424
-0.019485474 0.009475708 0.0006713867
-0.016418457 0.01008606 0.0049438477
-0.008483887 -0.003967285 0.008605957
-0.02192688 -0.022277832 0.0079956055
-0.023147583 -0.010055542 0.005554199
-0.0029907227 0.01008606 0.005554199
-0.006652832 0.019866943 0.009216309
-0.028030396 0.013748169 0.010437012
-0.040863037 0.011917114 0.01838684
-0.032302856 0.027191162 0.011047363
-0.01763916 0.024139404 0.0018920898
-0.027420044 0.0058135986 0.0025024414
-0.04940796 0.0015411377 0.004333496
-0.043914795 0.0076446533 0.0037231445
-0.035980225 0.0045928955 -0.0017852783
-0.0463562 0.0070343018 0.0012817383
-0.048187256 0.019241333 0.005554199
-0.028640747 0.014984131 0.0018920898
-0.015823364 -0.016174316 -0.0084991455
0.0019073486 -0.032669067 -0.0262146
0.028762817 0.04185486 -0.037826538
0.075805664 0.10171509 -0.03048706
0.09413147 0.06506348 -0.037200928
0.18026733 -0.0033416748 -0.051254272
0.2669983 -0.043655396 -0.07081604
0.23280334 -0.08459473 -0.08180237
0.1698761 -0.13040161 -0.08180237
0.12834167 -0.25379944 -0.03538513
0.05381775 -0.4419403 0.008605957
0.0049438477 -0.5519104 0.0385437
0.044647217 -0.6062622 0.015319824
0.031829834 -0.66308594 -0.04576111
-0.05430603 -0.6270447 -0.10195923
-0.09706116 -0.18659973 -0.09890747
0.028167725 0.022918701 -0.051864624
0.1356659 0.12554932 -0.0072784424
0.009841919 0.120651245 0.027542114
-0.20152283 0.039413452 0.06175232
-0.23695374 -0.04548645 0.06297302
-0.17585754 -0.051605225 0.027542114
-0.14715576 -0.023498535 -0.02255249
-0.0769043 0.060180664 -0.036605835
0.040985107 0.137146 -0.025604248
0.09046936 0.11943054 -0.048812866
0.076416016 0.068725586 -0.08973694
0.036102295 0.10903931 -0.108688354
0.0019073486 0.25749207 -0.10562134
-0.001159668 0.32713318 -0.100128174
0.0019073486 0.28070068 -0.108688354
-0.021316528 0.18174744 -0.097076416
-0.07324219 0.096221924 -0.06774902
-0.12332153 0.10722351 -0.028045654
-0.15447998 0.19212341 0.026321411
-0.13066101 0.23916626 0.06600952
-0.104400635 0.20251465 0.050750732
-0.059188843 0.11148071 0.04159546
-0.039031982 0.017425537 0.03793335
-0.08239746 -0.010681152 0.025100708
-0.032928467 0.06384277 0.028762817
-0.018875122 0.035125732 0.022659302
-0.064071655 0.037582397 -0.003616333
-0.07446289 0.123703 -0.007888794
-0.039642334 0.1689148 -0.0030059814
-0.020706177 0.14265442 -0.010940552
-0.03414917 0.080337524 -0.020721436
-0.04147339 0.027191162 -0.020721436
-0.034744263 0.035125732 -0.017654419
-0.029251099 0.06384277 -0.017044067
-0.028640747 0.09744263 -0.011550903
-0.024978638 0.07484436 -0.0060577393
-0.039642334 0.033294678 0.0018920898
-0.04269409 0.021697998 0.010437012
-0.046966553 0.036972046 0.015945435
-0.04208374 0.036972046 0.012878418
-0.023757935 0.020477295 0.004333496
-0.005432129 -0.007019043 -0.0084991455
-0.006652832 -0.008834839 -0.015823364
-0.005432129 0.016204834 -0.012161255
-0.0072631836 0.014984131 -0.015213013
-0.022537231 0.0076446533 -0.009109497
-0.020706177 0.00091552734 0.011047363
-0.00970459 -0.0076141357 0.00982666
0.0006866455 0.008865356 -0.007888794
-0.0005340576 0.0058135986 -0.0054473877
-0.006652832 -0.014343262 -0.0103302
-0.005432129 0.0021362305 -0.009719849
0.004348755 0.027191162 -0.001159668
0.011062622 0.024139404 0.0067749023
-0.0115356445 0.0058135986 0.0037231445
-0.029251099 -0.0033416748 0.0067749023
-0.026809692 0.0045928955 0.012268066
-0.024978638 0.0027618408 0.007385254
-0.02986145 -0.004562378 0.0067749023
-0.028030396 -0.007019043 0.0079956055
-0.020095825 0.00091552734 0.0037231445
-0.00970459 0.0076446533 -0.006668091
-0.0005340576 0.009475708 -0.006668091
-0.0017700195 -0.0015258789 -0.0054473877
-0.005432129 -0.0033416748 -0.01399231
-0.0029907227 -0.0076141357 -0.017654419
-0.0017700195 0.0015411377 -0.007888794
0.004348755 0.0033721924 -0.003616333
0.0049438477 0.0015411377 -0.0072784424
0.011062622 -0.008834839 -0.009719849
0.011062622 -0.011276245 -0.0084991455
0.0006866455 -0.005783081 -0.003616333
-0.0017700195 0.00032043457 -0.0054473877
0.009841919 0.0070343018 -0.012771606
0.009216309 0.010696411 -0.012771606
0.0006866455 -0.004562378 -0.0042266846
-0.0029907227 -0.0119018555 0.0006713867
-0.0017700195 0.011306763 0.0037231445
-0.024978638 0.00642395 6.1035156e-05
-0.010925293 0.005203247 -0.009109497
-0.004211426 -0.015563965 -0.031707764
-0.028030396 0.0027618408 0.009216309
-0.010314941 0.0058135986 0.0079956055
-0.009094238 0.024749756 0.009216309
6.1035156e-05 0.023529053 0.009216309
-0.007873535 0.0045928955 -0.0017852783
6.1035156e-05 -0.0021209717 -0.0042266846
0.0037231445 -0.007019043 -0.0042266846
0.0025024414 0.0076446533 -0.004837036
0.016555786 0.025360107 -0.0042266846
0.014099121 0.027801514 -0.003616333
-0.0060424805 0.016204834 0.0006713867
-0.0036010742 0.00642395 -0.0060577393
0.011657715 -0.0033416748 -0.013381958
-0.0060424805 -0.003967285 -0.011550903
-0.021316528 0.0070343018 -0.0030059814
-0.009094238 0.010696411 0.0018920898
-0.0029907227 -0.002746582 -0.0042266846
-0.012756348 -0.016784668 -0.018875122
-0.02619934 -0.038772583 0.0018920898
-0.035369873 -0.09069824 -0.0054473877
0.006790161 -0.41934204 -0.08363342
0.337265 -0.096191406 -0.20581055
0.10940552 0.9520569 -0.22840881
-0.08607483 0.2190094 0.06478882
-0.16426086 -0.8579407 0.40628052
0.096572876 -1.4187317 0.3488617
-0.12944031 -0.19026184 0.0018920898
-0.3096466 0.8341522 -0.028656006
-0.047576904 0.70648193 0.111831665
0.1191864 -0.004562378 0.079452515
-0.12272644 -0.32893372 -0.059814453
-0.15937805 -0.21104431 -0.12760925
-0.023757935 -0.014343262 -0.11723328
0.067871094 0.044906616 -0.11174011
0.08924866 -0.004562378 -0.10928345
0.075805664 -0.079696655 -0.12272644
0.048934937 -0.02532959 -0.16854858
0.119781494 0.21044922 -0.22718811
0.20591736 0.33996582 -0.28033447
0.17660522 0.266037 -0.30049133
0.13139343 0.116378784 -0.26872253
0.139328 -0.075424194 -0.22718811
0.14971924 -0.13713074 -0.2223053
0.41667175 0.005203247 -0.35180664
0.44172668 -0.10597229 -0.43060303
0.35681152 -0.2409668 -0.48986816
0.3500824 -0.28494263 -0.5601196
0.38002014 -0.25746155 -0.6437988
0.36108398 -0.17437744 -0.7519226
0.40751648 -0.060760498 -0.8551636
0.47470093 -0.011276245 -0.92297363
0.3965149 -0.052825928 -0.95840454
0.30549622 -0.12918091 -0.9687958
0.24501038 -0.18232727 -0.96572876
0.17965698 -0.23852539 -0.9748993
0.139328 -0.30755615 -0.98283386
0.14971924 -0.39918518 -0.96450806
0.16011047 -0.40101624 -0.92541504
0.1564331 -0.30145264 -0.8875427
0.12834167 -0.21470642 -0.9034271
0.108184814 -0.2446289 -0.9651184
0.15032959 -0.35887146 -1.0084839
0.2725067 -0.5066986 -1.0683594
0.35191345 -0.58000183 -1.1838074
0.4160614 -0.46089172 -1.2797089
0.55107117 -0.26113892 -1.3298035
0.56022644 -0.20675659 -1.3774567
0.3513031 -0.25868225 -1.4324341
-0.18869019 -0.039382935 -1.4752045
-0.18991089 -0.18721008 -1.4617615
0.17965698 -0.39430237 -1.467865
0.4960785 -0.57572937 -1.4868011
0.5076904 -0.6478119 -1.6273041
0.34214783 -0.6233673 -1.7812347
0.092300415 -0.5879364 -1.8777618
-0.13554382 -0.55862427 -1.9235687
-0.26138306 -0.58000183 -1.922348
-0.20640564 -0.6331482 -1.9266357
0.095962524 -0.66796875 -1.9700012
0.45088196 -0.6685791 -2.0451355
0.5913849 -0.67774963 -2.1007385
0.466156 -0.70401 -2.1447144
0.2657776 -0.6856842 -2.1355438
0.13261414 -0.6282654 -2.0964508
0.099624634 -0.5848999 -2.1056213
0.17660522 -0.6007843 -2.1025543
0.19859314 -0.6600342 -2.0420837
0.14483643 -0.7644806 -1.9425201
0.084350586 -0.8316803 -1.9138031
0.03488159 -0.7950287 -1.9834442
-0.021316528 -0.727829 -2.0720215
-0.03842163 -0.7382202 -2.0988922
0.015945435 -0.7724304 -2.064682
0.12284851 -0.7730408 -2.0127716
0.16682434 -0.69973755 -1.9700012
0.1882019 -0.6026001 -1.9516754
0.26028442 -0.56411743 -1.9266357
0.3794098 -0.71806335 -1.896698
0.48753357 -0.99172974 -1.9315186
0.5058594 -1.1047516 -1.9657288
0.42462158 -1.0668793 -1.947403
0.12712097 -0.8646698 -1.925415
-0.18685913 -0.5836792 -1.908905
-0.27053833 -0.4443817 -1.8887634
-0.10928345 -0.5610657 -1.9015808
0.139328 -0.9116974 -1.9498444
0.2016449 -1.3044891 -1.9962616
0.0690918 -1.3845215 -2.064087
-0.14286804 -1.02594 -2.189911
-0.28704834 -0.37109375 -2.3249207
-0.23022461 0.16035461 -2.3108673
-0.09828186 0.2880249 -2.1447144
0.09474182 0.039413452 -1.9828339
0.21325684 -0.36619568 -1.9211273
0.16804504 -0.6636963 -1.872879
0.09779358 -0.66430664 -1.7836914
0.10696411 -0.4761505 -1.638916
0.14483643 -0.31855774 -1.5130768
0.16804504 -0.2544098 -1.4599152
0.20652771 -0.21348572 -1.4599152
0.2664032 -0.20065308 -1.420227
0.29388428 -0.25502014 -1.2852173
0.27311707 -0.33503723 -1.091568
0.18148804 -0.3607025 -0.8789978
0.08680725 -0.2727356 -0.676178
0.111846924 -0.15605164 -0.5485077
0.20774841 -0.18844604 -0.4861908
0.21386719 -0.41262817 -0.47947693
0.06726074 -0.49264526 -0.50146484
-0.2424469 -0.36924744 -0.46359253
-0.6938782 -0.3765869 -0.13616943
-0.3725586 -0.66674805 -0.12823486
0.051376343 -0.7767029 -0.3194275
0.22546387 -0.5164795 -0.5057373
0.21936035 -0.14323425 -0.5656128
0.1368866 0.06262207 -0.5533905
0.0025024414 0.0546875 -0.5350647
-0.13554382 -0.08947754 -0.51734924
-0.13739014 -0.22937012 -0.4721527
0.047088623 -0.26480103 -0.42266846
0.19676208 -0.23547363 -0.40556335
0.17721558 -0.24403381 -0.40556335
0.06970215 -0.28678894 -0.40556335
0.0025024414 -0.30267334 -0.41412354
-0.020095825 -0.34298706 -0.44343567
-0.04574585 -0.37109375 -0.45565796
-0.036590576 -0.30204773 -0.4538269
0.047714233 -0.15301514 -0.4721527
0.1552124 -0.02532959 -0.47398376
0.2865448 -0.09008789 -0.44953918
0.40689087 -0.3216095 -0.46420288
0.44354248 -0.4052887 -0.5094147
0.41789246 -0.24035645 -0.5259094
0.35925293 -0.07847595 -0.4837494
0.29632568 -0.07847595 -0.40556335
0.32748413 -0.22937012 -0.38113403
0.36657715 -0.28128052 -0.41471863
0.2358551 -0.20248413 -0.44343567
-0.055526733 -0.17500305 -0.4073944
0.5364075 -0.8023529 -0.4868164
0.23158264 -0.73638916 -0.52957153
-0.27238464 -0.22080994 -0.5576782
-0.5991974 0.39004517 -0.5765991
-0.60224915 0.7370148 -0.6114197
-0.272995 0.63500977 -0.60531616
0.18881226 0.15791321 -0.572937
0.3940735 -0.3264923 -0.5839386
0.2639618 -0.4981537 -0.5631714
0.06297302 -0.32954407 -0.53567505
0.008621216 -0.0021209717 -0.47825623
0.052597046 0.10293579 -0.43060303
0.017166138 0.0076446533 -0.36462402
-0.045135498 -0.11390686 -0.29621887
-0.043304443 -0.13162231 -0.23085022
0.07336426 0.0058135986 -0.16242981
0.19432068 0.15364075 -0.11906433
0.14483643 0.1884613 -0.07936096
-0.009094238 0.16403198 0.012268066
-0.036590576 0.17686462 0.11795044
0.16560364 0.2019043 0.14726257
0.34092712 0.10232544 0.11244202
0.13139343 0.1530304 0.12893677
-0.30659485 0.14387512 0.2596588
-0.5625458 0.057739258 0.43988037
-0.4055481 -0.15301514 0.45635986
-0.044525146 -0.44682312 0.34335327
0.20774841 -0.5384674 0.23156738
-0.012756348 0.28070068 0.2242279
-0.22717285 0.6282959 0.23706055
-0.35179138 0.7034302 0.22790527
-0.26931763 0.47434998 0.2572174
-0.007873535 0.03819275 0.3231964
0.18209839 -0.25257874 0.3824463
0.19186401 -0.29960632 0.42214966
0.08557129 -0.18721008 0.47409058
-0.068344116 -0.050994873 0.53944397
-0.1947937 -0.029006958 0.56570435
-0.28276062 -0.06503296 0.54493713
-0.312088 -0.0619812 0.46064758
-0.24977112 -0.0021209717 0.34213257
-0.08178711 0.07972717 0.23095703
0.06175232 0.07728577 0.13198853
0.10267639 -0.0119018555 0.035491943
0.14788818 -0.17134094 -0.012161255
0.25112915 -0.3069458 -0.068359375
0.3134308 -0.31427002 -0.144104
0.33848572 -0.2421875 -0.16854858
0.38490295 -0.26539612 -0.19664001
0.2859497 -0.28923035 -0.24612427
0.009841919 -0.18844604 -0.29133606
-0.31819153 -0.047927856 -0.28460693
-0.34629822 0.12736511 -0.30293274
0.17965698 0.14814758 -0.37991333
0.8106842 -0.17622375 -0.53079224
0.90719604 -0.39918518 -0.56622314
0.4948578 -0.3216095 -0.48069763
-0.21496582 0.6863251 -0.18870544
0.18759155 -0.035720825 -0.096466064
0.028762817 -0.07420349 -0.084854126
-0.112335205 -0.063201904 -0.015823364
-0.056747437 0.033294678 0.031814575
0.15583801 0.11210632 0.043426514
0.29632568 0.080337524 0.058685303
0.1710968 0.07850647 0.13137817
-0.04574585 0.09744263 0.25782776
-0.10684204 0.05529785 0.334198
-0.010925293 -0.09680176 0.2975464
0.03488159 -0.29534912 0.17720032
-0.23266602 -0.15116882 0.0892334
-0.572937 0.10171509 0.15887451
-0.7433624 0.3344574 0.27737427
-0.56681824 0.3204193 0.29508972
-0.05857849 0.019866943 0.24440002
0.29388428 -0.28312683 0.2242279
0.17475891 -0.2776184 0.2523346
-0.112335205 0.068725586 0.3036499
-0.2913208 0.54948425 0.41970825
-0.36706543 0.6270752 0.62557983
-0.35362244 0.216568 0.7544708
-0.29437256 -0.32588196 0.6768799
-0.2790985 -0.70339966 0.5376129
-0.33895874 -0.7907562 0.5877075
-0.27053833 -0.53663635 0.8381653
-0.22106934 -0.03755188 0.97132874
-0.18685913 0.32774353 0.9377289
-0.07324219 0.5171051 0.81066895
0.05747986 0.47740173 0.5284424
0.1723175 0.2862091 0.14115906
0.25112915 0.053451538 -0.14471436
0.3152771 -0.10473633 -0.24124146
0.34092712 -0.10597229 -0.24858093
0.30488586 -0.029006958 -0.2852173
0.2676239 0.00642395 -0.3572998
0.2688446 -0.03694153 -0.42755127
0.27311707 -0.27456665 -0.45687866
0.13873291 -0.4389038 -0.4825287
-0.10255432 -0.34725952 -0.4855957
-0.25650024 -0.31245422 -0.470932
-0.29986572 -0.15238953 -0.47703552
-0.17280579 0.1224823 -0.5167389
0.16011047 0.01008606 -0.5912628
0.4313202 -0.4065094 -0.7012329
0.29571533 -0.5726776 -0.767807
-0.115997314 -0.341156 -0.76597595
-0.47213745 0.15731812 -0.7171173
-0.53382874 0.5910187 -0.5558319
-0.4373169 0.51161194 -0.4208374
-0.17892456 0.088272095 -0.38294983
0.08312988 -0.23547363 -0.43489075
0.2163086 -0.3570404 -0.5289612
0.2810669 -0.36802673 -0.59799194
0.24990845 -0.3118286 -0.576004
-0.031692505 -0.15057373 -0.4000702
-0.02192688 -0.029006958 -0.34570312
0.08680725 0.045516968 -0.26322937
0.14544678 0.07484436 -0.1428833
0.15705872 0.040023804 -0.040267944
0.12528992 -0.003967285 0.016540527
0.100860596 0.036972046 0.03730774
0.1521759 0.019241333 0.07029724
0.22729492 -0.17866516 0.07823181
0.232193 -0.4016266 0.020828247
0.040985107 -0.23181152 -0.03414917
-0.2277832 0.13043213 0.017166138
-0.39883423 0.2855835 0.18086243
-0.325531 0.1383667 0.23522949
0.103897095 -0.21104431 0.020828247
0.59931946 -0.4676056 -0.32003784
0.7013397 -0.354599 -0.46054077
0.33848572 0.07789612 -0.4086151
-0.12394714 0.5452118 -0.21496582
-0.25283813 0.6209564 -0.03904724
-0.030471802 0.26237488 -0.05064392
0.24685669 -0.25135803 -0.20214844
0.27861023 -0.63131714 -0.28460693
0.095962524 -0.8976593 -0.24307251
-0.17953491 -1.0363312 -0.09585571
-0.43119812 -0.8280182 0.010437012
-0.49168396 -0.41567993 -0.044540405
-0.38783264 -0.10169983 -0.23269653
-0.24795532 0.10722351 -0.4733734
-0.09767151 0.20983887 -0.6425781
0.029388428 0.33262634 -0.6425781
0.14910889 0.49389648 -0.5020752
0.29571533 0.5855255 -0.37379456
0.43743896 0.6093445 -0.37013245
0.4466095 0.40898132 -0.5375061
0.41423035 -0.25074768 -1.1269989
0.44476318 -0.33444214 -1.0879059
0.21569824 -0.6710205 -0.8667755
-0.0463562 -0.5836792 -0.57966614
-0.08178711 -0.06503296 -0.38967896
0.14299011 0.3149109 -0.36462402
0.31037903 0.3869934 -0.48191833
-0.02986145 0.27459717 -0.665802
-0.5454407 -0.005783081 -0.754364
-0.30596924 -0.14872742 -0.51612854
0.37757874 -0.055267334 -0.45014954
0.92308044 0.19763184 -0.5246887
0.91207886 0.5293274 -0.6535797
0.21936035 0.2703247 -0.7103882
-0.33163452 0.047958374 -0.715271
-0.45014954 -0.0051879883 -0.63342285
-0.4226532 0.07606506 -0.46054077
-0.41349792 0.38150024 -0.33042908
-0.39027405 0.4468689 -0.3902893
-0.2913208 0.29231262 -0.638916
-0.26809692 0.3020935 -1.0072632
-0.30659485 -0.14811707 -1.0689697
-0.2766571 -0.783432 -0.8404999
-0.15937805 -0.741272 -0.6273041
-0.09889221 -0.5286865 -0.51856995
-0.05491638 -0.5897827 -0.533844
0.21203613 -0.38085938 -0.44648743
0.61520386 0.07789612 -0.09036255
0.74165344 0.052841187 0.13137817
0.54434204 -0.2935028 0.017166138
0.41911316 -0.38208008 -0.09951782
0.44172668 -0.28190613 -0.24307251
0.47409058 -0.21775818 -0.33164978
0.40933228 -0.27212524 -0.29011536
0.2859497 -0.4394989 -0.23391724
0.2529602 -0.26539612 -0.22535706
0.28961182 0.024139404 -0.23513794
0.29510498 0.07545471 -0.2076416
0.2975464 -0.051605225 -0.16059875
0.38490295 -0.13406372 -0.09095764
0.5498352 -0.11268616 -0.045150757
0.6622467 -0.05770874 -0.076919556
0.6072693 -0.096191406 -0.15266418
0.38978577 -0.42668152 -0.20030212
0.1869812 -0.807251 -0.1905365
0.16621399 -0.81396484 -0.15937805
0.3305359 -0.53907776 -0.11479187
0.52601624 -0.25135803 -0.068359375
0.63414 -0.03327942 -0.05859375
0.6408539 0.13775635 -0.059814453
0.5730591 0.19578552 -0.07325745
0.45088196 0.072387695 -0.10990906
0.35803223 -0.15423584 -0.15205383
0.33909607 -0.29779053 -0.26445007
0.29327393 -0.3216095 -0.35792542
0.22058105 -0.02532959 -0.18565369
0.22912598 0.16464233 -0.13433838
0.18392944 0.16157532 -0.17648315
0.080078125 -0.02960205 -0.23451233
0.020217896 -0.16705322 -0.25224304
0.100860596 -0.12246704 -0.21008301
0.22912598 0.0058135986 -0.1428833
0.23097229 0.041244507 -0.108062744
0.040374756 -0.14201355 -0.13800049
-0.193573 -0.45967102 -0.19786072
-0.2424469 -0.61665344 -0.22169495
-0.03842163 -0.5213623 -0.22169495
0.27861023 -0.33015442 -0.19419861
0.47286987 -0.16889954 -0.16488647
0.4649353 -0.0949707 -0.13922119
0.3336029 -0.06442261 -0.13494873
0.17965698 -0.05038452 -0.13250732
0.05809021 -0.0790863 -0.10562134
-0.04208374 -0.12184143 -0.097076416
-0.103775024 -0.159729 -0.11601257
-0.07078552 -0.16278076 -0.14105225
0.05015564 -0.08030701 -0.15388489
0.15583801 -0.0015258789 -0.16854858
0.14788818 -0.038772583 -0.1722107
0.07885742 -0.058929443 -0.1404419
0.026321411 -0.008239746 -0.12516785
-0.021316528 0.04673767 -0.13433838
-0.0769043 0.043685913 -0.120895386
-0.11050415 0.005203247 -0.120285034
-0.13371277 -0.034500122 -0.157547
-0.12210083 -0.08091736 -0.100738525
-0.05001831 -0.052825928 -0.043319702
-0.05491638 -0.047332764 -0.037200928
-0.12638855 -0.07420349 -0.025604248
-0.11538696 -0.016784668 0.019607544
-0.023757935 0.120651245 -0.001159668
0.04220581 0.21228027 -0.059188843
-0.0072631836 0.123703 -0.08607483
-0.14959717 -0.13284302 -0.096466064
-0.2082367 -0.23791504 -0.07019043
-0.11294556 -0.058929443 -0.051864624
-0.021316528 0.18052673 -0.09158325
-0.059188843 0.14569092 -0.13372803
-0.14837646 -0.09802246 -0.112960815
-0.18380737 -0.24035645 -0.084854126
-0.19847107 -0.32099915 -0.13922119
-0.2400055 -0.5262451 -0.1880951
-0.23695374 -0.5714569 -0.18870544
-0.17953491 -0.43217468 -0.19480896
-0.083618164 -0.27212524 -0.19419861
-0.0072631836 -0.1768341 -0.20581055
-0.0048217773 -0.22019958 -0.19848633
0.027542114 -0.43095398 -0.13494873
0.14544678 -0.627655 -0.043930054
0.23097229 -0.627655 0.05015564
0.18515015 -0.4333954 0.09777832
-0.04147339 -0.32344055 0.036087036
-0.33590698 -0.37963867 -0.07081604
-0.47091675 -0.34786987 -0.100738525
-0.4055481 -0.20065308 -0.05859375
-0.31636047 -0.12062073 -0.014602661
-0.36340332 -0.26480103 -0.049423218
-0.5045166 -0.602005 -0.10134888
-0.2424469 -0.35398865 -0.025604248
0.05870056 0.18357849 -0.028045654
0.18026733 0.3662262 -0.056152344
0.1063385 0.16586304 -0.05493164
0.006790161 -0.12428284 -0.04576111
0.028167725 -0.09741211 -0.064697266
0.11428833 0.10110474 -0.105026245
0.14788818 0.22999573 -0.11112976
0.1063385 0.20678711 -0.097076416
0.061141968 0.11943054 -0.080581665
0.0544281 0.040634155 -0.059814453
0.056869507 -0.003967285 -0.04637146
0.051376343 0.01802063 -0.020721436
0.048934937 0.051620483 0.025100708
0.05015564 0.0894928 0.07029724
0.047714233 0.060791016 0.0904541
0.06541443 0.031463623 0.1051178
0.09291077 0.05101013 0.10021973
0.075805664 0.03819275 0.07395935
0.022659302 -0.0051879883 0.073349
-0.028030396 -0.032058716 0.075790405
-0.047576904 -0.003967285 0.06600952
-0.043914795 0.011917114 0.05381775
-0.018875122 -0.018005371 0.027542114
0.021438599 0.005203247 -0.03904724
0.04953003 0.060791016 -0.06713867
0.0703125 0.07972717 -0.047592163
0.0690918 0.060180664 -0.044540405
0.012878418 -0.025939941 -0.047592163
0.028167725 -0.010055542 -0.047592163
0.072143555 0.003982544 -0.03414917
0.10696411 -0.00090026855 -0.023773193
0.10267639 -0.02166748 0.0134887695
0.063583374 -0.044265747 0.055633545
0.009216309 -0.071762085 0.06541443
-0.012756348 -0.06993103 0.051971436
0.026321411 -0.04548645 0.036087036
0.088638306 -0.032058716 0.014099121
0.119781494 0.01802063 0.012268066
0.11428833 0.049179077 0.01838684
0.09107971 0.05039978 0.026321411
0.07092285 0.045516968 0.033050537
0.072753906 0.03819275 0.028762817
0.09291077 0.04185486 0.01776123
0.11367798 0.057739258 0.0134887695
0.1234436 0.06628418 0.026321411
0.11428833 0.060180664 0.04159546
0.09046936 0.044296265 0.04586792
0.05747986 0.016799927 0.039764404
0.011062622 -0.008834839 0.025100708
-0.021316528 -0.002746582 0.017166138
0.0025024414 0.047958374 0.014709473
0.03793335 0.08583069 0.011657715
0.033050537 0.07850647 0.010437012
0.016555786 0.056518555 -0.0017852783
0.0012817383 0.031463623 -0.016433716
-0.014602661 0.0027618408 -0.031707764
-0.02192688 -0.01739502 -0.037826538
0.0025024414 0.03024292 -0.01399231
0.042816162 0.07362366 0.0025024414
0.064193726 0.068725586 0.0049438477
0.005569458 0.015579224 -0.0103302
-0.009094238 0.029632568 -0.0054473877
0.02571106 0.047348022 6.1035156e-05
0.072753906 0.06201172 -0.003616333
0.088027954 0.07423401 -0.006668091
0.07824707 0.07545471 0.015945435
0.0690918 0.068725586 0.03427124
0.047714233 0.055908203 0.023269653
0.014099121 0.028411865 0.01776123
0.004348755 0.0021362305 0.020828247
0.036102295 0.009475708 0.01776123
0.06663513 0.022918701 0.015945435
0.053207397 0.005203247 0.023880005
0.013504028 -0.018615723 0.020217896
-0.014602661 -0.036331177 0.017166138
-0.013381958 -0.032058716 0.015945435
-0.010314941 -0.018005371 -0.01399231
-0.027420044 0.029632568 -0.043319702
-0.05796814 0.17745972 -0.021942139
-0.11050415 0.32530212 0.07090759
0.10574341 0.1212616 0.039154053
0.23158264 -0.060760498 -0.009719849
0.1179657 0.203125 -0.092178345
0.09107971 0.4273224 -0.18504333
0.3140564 0.052230835 -0.11357117
0.37145996 -0.67285156 0.06907654
0.12528992 -0.8866577 0.19367981
-0.043304443 0.21044922 0.005554199
-0.043914795 0.29170227 -0.056152344
-0.11294556 0.09378052 -0.023162842
-0.11355591 0.011917114 -0.01828003
-0.018875122 0.016799927 -0.039642334
0.055648804 0.0388031 -0.023773193
0.07519531 0.06506348 0.004333496
0.06480408 0.091934204 0.01776123
0.06541443 0.09805298 0.012878418
0.07702637 0.056518555 0.011657715
0.0849762 -0.0076141357 0.030593872
0.1063385 -0.028381348 0.063568115
0.13017273 -0.016784668 0.092285156
0.103897095 0.035125732 0.1063385
0.08375549 0.1065979 0.13137817
0.1857605 0.21717834 0.124053955
0.34336853 0.2837677 0.036712646
0.37757874 0.31430054 -0.11845398
0.19493103 0.13165283 -0.26200867
0.104522705 -0.1426239 -0.29743958
0.32809448 -0.02532959 -0.28399658
0.78930664 0.44380188 -0.16732788
1.0134888 0.68937683 0.12649536
0.69828796 0.70402527 0.2193451
0.13322449 1.0406342 0.03364563
-0.12638855 1.2642059 -0.6676178
-0.30903625 1.7858887 -1.2265778
-1.0378113 1.8995056 -2.0145874
-1.9113464 1.8298645 -2.5014496
-2.593689 2.3772125 -2.5197754
-2.8710175 2.0100708 -1.7806396
-1.9028015 0.60202026 0.3842926
-0.7671814 0.4328003 1.0892181
-0.14593506 -0.79319763 0.24195862
-0.14593506 -0.79319763 0.24195862
-0.14593506 -0.79319763 0.24195862
-1.0872803 0.47312927 -0.01399231
-0.9138031 0.71990967 -0.064697266
-0.427536 0.6252289 -0.27301025
0.2211914 0.2501526 -0.4513855
0.74716187 -0.08703613 -0.44648743
0.9017029 -0.2605133 -0.23451233
0.72821045 -0.2776184 0.056854248
0.45332336 -0.18232727 0.18025208
0.21447754 -0.071762085 0.056259155
0.047714233 -0.08215332 -0.06896973
-0.06285095 -0.16766357 -0.015823364
-0.13554382 -0.20492554 0.06663513
-0.12332153 -0.14811707 0.073349
-0.043914795 -0.024719238 0.02204895
0.031829834 0.05039978 -0.03904724
0.08068848 -0.008834839 -0.064086914
0.11123657 -0.16522217 -0.03414917
0.12466431 -0.23547363 0.11488342
0.08924866 -0.22875977 0.12466431
0.051986694 -0.27578735 0.040374756
0.06297302 -0.2763977 -0.07325745
0.1179657 -0.22875977 -0.13372803
0.14971924 -0.25013733 -0.10256958
0.11306763 -0.2763977 -0.052490234
0.07519531 -0.24707031 0.0025024414
0.047714233 -0.16583252 0.040374756
0.0025024414 -0.12428284 0.0385437
-0.02619934 -0.18966675 0.02204895
0.03427124 -0.25074768 0.035491943
0.0703125 -0.21653748 0.07823181
0.015319824 -0.14323425 0.10267639
-0.0952301 -0.03816223 0.10206604
-0.17526245 0.07911682 0.06846619
-0.14593506 0.13348389 0.003112793
-0.07019043 0.10171509 -0.045150757
-0.15631104 0.022918701 -0.08729553
-0.29742432 0.13043213 -0.051864624
