0.25842285 3.385849 7.692932
0.25842285 3.385849 7.692932
0.25842285 3.385849 7.692932
0.35414124 3.3044891 9.647858
-0.052642822 3.1824493 9.791428
-0.26081848 3.1058807 9.779465
-0.31825256 3.0197449 9.753143
-0.42114258 2.9024963 9.726822
-0.5312042 2.8426666 9.655045
-0.4737854 2.8187408 9.635895
-0.22970581 2.8307037 9.714859
-0.30389404 2.868988 9.714859
-0.33499146 2.8809662 9.645462
-0.35414124 2.945572 9.623932
-0.3014984 3.0221405 9.714859
-0.1268158 3.0652008 9.78186
-0.009567261 3.0963135 9.891922
-0.007171631 3.0675964 9.939789
0.009567261 3.0867462 9.877579
0.071777344 3.1011047 9.753143
0.023925781 3.1465607 9.61676
-0.06939697 3.1489563 9.461227
-0.0382843 3.1680908 9.382263
0.009567261 3.1968079 9.449265
-0.114852905 3.1752777 9.530609
-0.19621277 3.1537476 9.5282135
-0.17228699 3.1776733 9.540192
-0.24406433 3.1369934 9.580856
-0.33499146 3.115448 9.571289
-0.28234863 3.1609192 9.702896
-0.27038574 3.2446747 9.734009
-0.29431152 3.2638092 9.753143
-0.32302856 3.2614136 9.74118
-0.41635132 3.2733765 9.774673
-0.50727844 3.2638092 9.815353
-0.5814514 3.2853394 9.9039
-0.550354 3.2518463 9.681366
-0.39482117 3.2949219 9.408585
-0.31825256 3.345169 9.430115
-0.34457397 3.3666992 9.5354
-0.50727844 3.3666992 9.566513
-0.6053772 3.3643036 9.291336
-0.5264282 3.3523407 9.200409
-0.5383911 3.3379822 9.334396
-0.32781982 3.4863434 9.683746
-0.275177 3.5677032 9.501892
-0.18902588 3.6179504 9.281754
-0.23210144 3.603592 9.422943
-0.275177 3.6562347 9.640686
-0.08135986 3.830902 9.267395
0.021530151 3.912262 9.241089
-0.14596558 3.8883362 9.4205475
-0.1483612 3.9266205 9.315262
-0.04067993 4.1108704 8.863022
0.023925781 4.302292 8.685944
0.21534729 4.302292 8.886948
0.32781982 4.0701904 9.322433
0.17945862 3.9768677 9.573685
0.14596558 3.9601288 9.583252
0.110076904 4.0462646 9.396622
0.22732544 4.199402 9.219543
0.33259583 4.175476 9.293716
0.32063293 4.153946 9.643082
0.011962891 4.2472534 9.769897
-0.22732544 4.285553 9.332016
-0.2679901 4.4027863 8.573486
-0.098098755 4.4482574 7.9896393
0.052642822 4.4889374 8.099701
0.13639832 4.462616 8.568695
0.22970581 4.4769745 8.908478
0.19142151 4.421936 9.260223
-0.01675415 4.4315033 9.379868
-0.033493042 4.5176544 9.343979
-0.052642822 4.577469 9.272186
-0.105285645 4.656433 9.286545
-0.122039795 4.72583 9.3703
-0.1531372 4.689926 9.327225
-0.102890015 4.6707916 9.272186
0.035888672 4.5750732 9.501892
-0.071777344 4.417145 9.805786
0.13400269 4.302292 10.301102
-0.035888672 4.9698944 9.628723
-0.3517456 4.3980103 10.00679
-0.8829498 4.220932 10.119247
-1.1916199 3.9768677 10.810776
-1.2801666 3.6179504 11.452057
-0.6388855 3.180069 11.1362
-0.06700134 2.8713837 10.13121
0.100494385 2.7158508 9.674179
-0.21534729 2.725418 9.406189
-0.38285828 3.0843506 8.542374
-0.6891327 3.2901306 7.6091766
-1.2322998 3.1704865 7.4943237
-1.6582336 3.0149536 8.338989
-1.6630096 2.7517395 9.832108
-1.3208313 2.670395 10.91127
-0.727417 2.8450623 11.169693
-0.42591858 3.069992 10.001999
-0.5862427 3.1680908 8.5950165
-0.8805542 3.4337006 7.8149567
-0.99302673 3.7591248 7.247864
-0.9762726 4.0295105 7.2382812
-1.0480499 4.141983 7.7742767
-1.0337067 4.1491547 8.255234
-0.91166687 4.1324005 8.846268
-0.9188385 3.981659 9.537796
-0.80877686 3.9505463 9.341583
-0.78245544 4.0749817 8.848663
-0.8542328 4.2017975 8.535202
-0.899704 4.491333 8.403595
-1.0815582 4.6205444 8.523239
-0.94277954 4.819153 8.865402
-0.74417114 4.778473 9.487549
-0.64845276 4.6420746 9.879959
-0.7298126 4.536789 9.961319
-0.7417755 5.0105743 9.655045
-0.29431152 4.445862 9.870392
-0.13160706 4.2711945 10.671997
0.28474426 3.912262 11.267807
0.6508484 3.5748749 12.385254
0.3756714 3.0221405 12.435501
-0.0023956299 2.732605 11.284546
-0.27038574 2.897705 9.537796
-0.6077728 3.4504547 7.4847565
-0.55992126 3.8189392 6.5108643
0.24645996 3.6873474 7.3746796
1.2179413 3.5317993 9.049652
1.8185425 3.4384918 11.066803
0.7130585 2.9072723 12.342178
0.1986084 2.794815 11.73201
-1.1030884 3.1322021 7.6666107
-1.1964111 3.4002075 6.374481
-0.38523865 3.974472 5.93898
0.2536316 4.3094788 6.726227
0.14356995 4.170685 8.106888
-0.14356995 3.9553375 8.970688
-0.102890015 3.969696 9.336792
0.12921143 3.9792633 9.415756
0.31825256 4.1324005 9.556931
0.32781982 4.1443634 9.475586
0.29910278 4.3956146 9.0759735
0.14117432 4.6420746 8.901306
-0.009567261 4.692322 9.466003
-0.32063293 4.546356 10.502106
-0.6197357 4.960327 10.803589
-0.5312042 4.5966187 10.939987
-0.7034912 4.4769745 11.42334
-0.7346039 4.6372833 11.150558
-0.75852966 3.878769 11.605194
-0.2416687 3.0556335 12.437897
-0.38523865 2.8163452 11.882751
-0.59103394 2.7637177 9.839294
-0.7346039 3.0508423 7.819748
-1.0384827 3.349945 6.5730896
-1.0169525 3.2805634 6.6807556
-0.99780273 3.1824493 8.197815
-2.0315094 2.703888 9.999603
-1.5553284 2.589035 11.143372
-0.55752563 2.6990967 11.315659
-0.18185425 2.766098 10.291534
-0.52163696 3.081955 7.451248
-0.7010956 3.3619232 6.8697968
-0.52163696 3.653839 6.838684
-0.3756714 3.866806 7.4033966
-0.41874695 3.871582 8.193024
-0.49291992 3.8165588 8.743378
-0.5144501 3.866806 8.937195
-0.6006012 3.9577332 9.152542
-0.5359955 4.0055847 9.336792
-0.45224 4.170685 9.504288
-0.4905243 4.319046 9.485153
-0.5623169 4.5224304 9.087936
-0.3756714 4.6827545 8.767303
0.06460571 4.687546 8.98027
0.29910278 4.5607147 9.745972
-0.06460571 5.046463 9.824936
-0.052642822 5.0536346 9.533005
0.15792847 4.589432 9.851257
0.71066284 4.3142548 10.784454
1.0097656 3.9098663 12.722641
0.5096741 3.1992035 13.634308
0.1603241 2.8378906 12.538391
-0.071777344 2.979065 9.827316
-0.35891724 3.3954163 6.9344025
-0.33021545 3.661026 5.749954
0.5001068 3.9314117 6.9152527
1.6917267 3.6993103 8.803192
1.6007996 3.4815521 10.712662
0.37806702 2.8905334 11.868393
0.071777344 2.9694977 11.791824
-0.40678406 3.0628204 10.473389
-0.92123413 3.7184448 6.7621155
0.007171631 4.3214417 6.1591187
0.30389404 4.364502 6.6089783
0.3900299 4.2520447 7.4847565
0.39242554 4.0797577 8.559128
0.105285645 3.8572235 9.556931
0.08135986 3.8045807 10.013962
-0.035888672 3.8620148 10.069
-0.08375549 4.0343018 10.126419
-0.071777344 4.2640076 10.21257
-0.25125122 4.302292 10.222137
-0.4737854 4.3166504 10.310669
-0.5168457 4.6133575 9.990036
-0.5886383 5.1062775 9.140579
-0.46180725 4.244873 9.533005
-0.17228699 4.936386 9.633499
-0.48095703 4.800003 10.052246
-0.36849976 4.0773773 10.758133
0.059814453 3.637085 11.274979
0.25602722 3.426529 11.093124
-0.06939697 3.4528503 9.824936
-0.3756714 3.866806 8.006378
-0.68673706 3.9601288 6.620941
-1.2418823 3.6442719 6.6017914
-2.0003967 3.3308105 8.087738
-2.3401794 3.0341034 10.798813
-1.5218353 2.9407806 12.445068
-0.48095703 3.0867462 12.031113
-0.088531494 3.2973022 9.765106
-0.2632141 3.4671936 7.7838593
-0.69869995 4.0127563 5.8695984
-0.61735535 4.134796 6.106491
-0.45703125 4.2305145 7.372284
-0.39720154 4.2137604 8.958725
-0.5431671 4.23291 9.973282
-0.7417755 4.2424774 10.164719
-0.7680969 4.3549347 9.851257
-0.87815857 4.462616 9.475586
-0.8685913 4.5224304 9.281754
-0.74417114 4.5918274 9.188446
-0.5407715 4.8311157 9.128616
-0.40438843 5.0488586 8.879761
-0.36610413 5.168503 8.669189
-0.48095703 5.2139587 8.989838
-0.5670929 5.206787 9.468399
-1.5816498 5.4604187 9.765106
-1.4069824 5.723633 9.336792
-0.52163696 5.50589 9.262619
0.105285645 4.977066 10.13121
0.45703125 4.3214417 11.8349
0.28953552 3.8524475 12.873383
-0.48812866 3.2398834 11.743973
-0.87338257 3.3140564 9.355942
-0.8925171 3.8859406 6.7501526
-1.2203369 4.668396 5.1924286
-0.59103394 4.9100647 5.7714844
0.8374939 4.99382 7.6905365
0.7680969 4.3358 9.59761
-0.15074158 3.6275177 11.196014
-0.3756714 3.5772705 11.779861
-2.1798553 3.4145508 9.791428
-2.1559296 3.4959106 8.013565
-0.7034912 4.4937286 6.754944
-0.33499146 4.7162476 6.929611
-0.06939697 4.7688904 7.2717896
-0.08375549 4.58226 7.8508453
-0.08135986 4.393219 8.702698
0.0143585205 4.278366 9.257828
0.03111267 4.2257233 9.434906
-0.009567261 4.3549347 9.406189
-0.0047912598 4.536789 9.18605
-0.035888672 4.6995087 8.671585
0.15553284 4.857437 8.441879
0.100494385 4.795212 8.719452
-0.25602722 4.606186 9.43251
-0.5024872 4.4769745 10.037888
-0.8279114 4.778473 9.810577
-0.7154541 5.0775757 8.951553
-0.55992126 5.1254272 8.736191
-0.18185425 4.881363 9.221939
-0.0765686 4.792816 10.04747
-0.19381714 4.4769745 10.760529
-0.5934143 4.165909 10.62413
-0.9403839 3.7088776 9.793823
-0.8685913 3.4408722 8.903687
-1.0456696 3.3954163 7.8747864
-1.1772614 3.7016907 6.7860413
-1.3639069 4.3501587 6.1950226
-1.4476624 4.9579315 6.312271
-1.6678009 4.9052887 7.401001
-1.9405823 3.661026 9.688538
-1.0648041 3.328415 12.370895
-0.34217834 3.4169464 13.2921295
0.047851562 3.5533447 11.586044
-0.46899414 3.7375946 9.274582
-0.85902405 4.1898346 7.027725
-0.84706116 4.4482574 5.8791656
-0.8949127 4.7066803 6.300308
-0.8159485 4.821533 7.5589294
-0.7992096 4.730606 8.640488
-0.6460571 4.532013 9.623932
-0.5096741 4.4243317 10.415955
-0.36610413 4.5511475 10.37767
-0.43310547 4.5583344 9.604797
-0.447464 4.6085815 8.717056
-0.59820557 4.6636047 8.403595
-0.65563965 4.7019043 8.444275
-0.12921143 4.977066 8.683548
0.22013855 5.0560303 9.028122
0.15074158 4.9124603 9.547363
-0.062210083 5.108673 9.827316
-0.3062744 5.7834473 9.221939
-0.32063293 5.3982086 9.451645
-0.06939697 5.252243 10.425522
0.6963043 4.4602203 11.973679
0.8829498 3.5126648 13.426132
0.61016846 3.2087708 12.564713
0.275177 3.007782 10.403992
-0.5694885 3.1944122 8.384445
-0.8111725 3.728012 6.455841
-0.447464 4.445862 5.1972046
-0.17228699 4.6301117 5.0321045
0.5479584 4.405182 5.9365997
1.6031952 3.9864502 7.566101
0.5431671 3.2087708 10.947159
-0.19621277 2.9742737 14.050659
-0.8039856 2.9862366 13.485947
-0.8901367 3.2039948 10.27478
-0.95951843 3.6059875 7.7144623
-0.77049255 3.9457703 6.821945
-0.48335266 4.4482574 7.0157623
-0.28474426 4.6037903 7.2957153
0.102890015 4.5726776 7.5589294
0.093322754 4.4147644 8.0686035
0.06460571 4.3956146 8.951553
-0.0143585205 4.3908234 9.379868
0.3014984 4.687546 9.138184
0.40678406 4.78804 8.896515
0.4019928 4.977066 8.927628
0.42114258 5.070389 9.195618
0.25842285 5.0536346 9.74118
0.1483612 5.1015015 10.392029
-0.5862427 5.1541443 10.286743
-1.1126556 5.469986 9.655045
-0.5934143 5.09671 9.683746
-0.96191406 5.1876373 10.138397
-1.0576324 4.7641144 11.32283
-0.8901367 3.9314117 12.734604
-0.7728882 3.3403778 12.79921
-0.928421 3.103485 11.437698
-1.0576324 3.1680908 9.212372
-1.2681885 3.517456 6.970291
-1.7324066 3.5844421 6.8937225
-2.399994 3.2111664 8.992233
-2.395218 3.1178436 10.794022
-1.6462555 3.2087708 11.15773
-0.49771118 3.5246277 10.04747
0.5168457 3.866806 8.73381
0.4402771 4.170685 8.023132
-0.107681274 4.3501587 7.207184
-0.13877869 4.508072 6.1902313
0.059814453 4.3788605 6.209381
-0.1268158 4.194626 7.4392853
-0.5001068 3.9098663 8.729019
-0.8039856 3.7662964 9.174088
-0.9451599 3.8907318 9.025726
-0.83987427 4.125229 8.695511
-0.825531 4.3334045 8.635696
-0.95474243 4.5224304 8.6979065
-1.2155609 4.7353973 8.879761
-1.0265198 4.857437 9.174088
-0.29193115 4.9459686 9.951752
-0.17945862 5.4317017 10.238892
-0.26081848 5.8815613 9.485153
0.40678406 5.4628143 9.013763
0.9260254 5.2211456 9.779465
1.2729797 4.5104675 11.743973
0.6197357 4.051056 12.906891
0.107681274 3.830902 12.581467
-0.1603241 4.0247345 10.6026
-0.61735535 4.2305145 7.511078
-0.9451599 4.261612 5.967697
0.059814453 3.9457703 6.089737
2.0482635 3.5270233 7.992035
3.4695892 3.254242 10.741379
2.8426666 3.139389 12.521637
1.4715881 3.3475647 12.129211
0.26560974 3.517456 9.722046
-0.55513 3.5413818 6.8721924
-0.9451599 3.8620148 5.4053802
-0.7082825 4.3358 5.09671
-0.63409424 4.6037903 5.9772644
-0.117248535 4.4697876 8.164307
0.112457275 4.4267273 8.827118
-0.08135986 4.445862 9.231506
-0.29193115 4.417145 9.212372
-0.53359985 4.5296173 9.087936
-0.6771698 4.8311157 9.291336
-0.8422699 4.898102 9.836899
-1.2514496 4.93161 10.478165
-1.7850494 5.1852417 10.667206
-1.730011 5.65184 9.817749
-1.2418823 4.89093 9.918243
-0.83270264 5.1756744 10.217346
-0.3517456 4.256836 12.035904
-0.5479584 3.4576263 13.392624
-1.134201 3.5413818 11.8085785
-1.6725769 4.084549 9.032898
-1.1509552 4.421936 6.8123627
-0.72502136 4.6492615 7.3962097
-1.3902283 4.1443634 8.9730835
-1.8879395 3.3954163 10.277176
-1.5481567 3.041275 10.851456
0.011962891 3.282959 10.365707
1.0671997 3.5030975 9.360718
0.6699829 3.4432678 8.157135
-0.33259583 3.7160492 7.022934
-0.59580994 4.146759 6.271591
-0.16749573 4.285553 6.5491486
-0.071777344 4.2472534 7.343567
-0.5024872 4.3334045 7.8221436
-0.66760254 4.3908234 8.039886
-0.74417114 4.4650116 8.355743
-0.7896271 4.472183 8.858231
-1.0073853 4.520035 9.49472
-0.9140625 4.709076 9.722046
-0.41635132 4.99382 9.872787
0.18424988 5.173279 10.286743
0.30867004 5.2546387 10.291534
-0.07896423 6.0634155 9.43251
0.19621277 5.7714844 9.159729
0.36131287 5.551346 9.985245
0.73698425 5.5920258 10.712662
0.5383911 4.82872 11.681763
0.22013855 3.9601288 11.887543
0.2871399 3.661026 11.432907
-0.23928833 3.6442719 9.413361
-0.5886383 3.907486 7.0899353
-0.5479584 4.194626 6.3601227
0.59580994 4.3286133 7.257431
2.3018951 4.3740845 9.047256
2.1870422 3.9170532 10.853836
-0.15074158 3.2853394 10.58345
-0.61735535 3.517456 8.547165
-1.2729797 3.7304077 6.6807556
-1.9405823 3.8141632 5.740387
-1.2035828 4.4291077 5.6566315
-0.5694885 4.790436 6.5778656
-0.4355011 4.68515 7.5637054
-0.22732544 4.6325073 8.264816
-0.098098755 4.627716 8.767303
-0.17228699 4.587036 8.982651
-0.14596558 4.7688904 8.946762
-0.17945862 5.087143 9.0759735
-0.3397827 5.3647156 9.614365
-0.6628113 5.395813 9.848862
-0.83509827 5.6685944 9.650253
-1.0432739 6.5324097 8.901306
-0.36610413 5.8504486 9.547363
-0.33499146 5.694916 10.631317
-0.66760254 5.4604187 11.358734
-0.5814514 4.6540375 12.210571
-0.3397827 4.0295105 12.227325
-0.4139557 3.9050903 10.820343
-1.0169525 4.240082 8.516052
-1.4596252 4.3668976 6.4941254
-1.7204437 4.393219 5.75235
-1.8137665 4.0247345 6.4989014
-2.2779694 3.3954163 9.006592
-2.0889282 3.0795593 11.899506
-0.8566284 3.270996 12.904495
0.34934998 3.7591248 11.229523
0.71784973 3.8811646 8.743378
0.2416687 3.8620148 6.9056854
-0.37327576 4.1730804 5.3599243
-0.44506836 4.228119 5.4891357
-0.8159485 4.0797577 6.9846497
-1.1126556 4.1084747 8.140381
-1.0671997 4.170685 8.913269
-0.9451599 4.364502 9.487549
-0.8279114 4.4817505 9.631119
-0.74894714 4.7401886 9.3511505
-0.5742798 4.9531403 8.987442
-0.6197357 5.1110687 9.092728
-0.5623169 5.2043915 9.568893
-0.15792847 5.2881317 10.097717
0.08135986 5.2498474 10.332214
-0.18185425 5.7308044 9.609573
-0.19142151 5.888733 8.439484
-0.33259583 5.7475586 8.370087
-0.1651001 5.6733856 8.997009
0.22013855 4.9292145 10.535599
-0.06939697 3.7902374 12.75853
0.028717041 3.2949219 13.502701
-0.009567261 3.2494507 12.165115
-0.69869995 3.2781677 9.231506
-1.0121613 3.6394806 6.4534454
-1.3304138 4.134796 4.902893
-0.22492981 3.981659 5.252243
1.6438751 3.8189392 7.104294
2.5411835 3.6586304 9.731613
0.8494568 3.0436707 12.483353
-0.5694885 3.0843506 12.619751
-1.4309082 3.625122 8.707489
-0.8039856 4.0175476 6.8482513
-0.45703125 4.3740845 6.3936157
-0.17945862 4.5607147 6.580261
0.100494385 4.6085815 7.0660095
0.009567261 4.543976 8.420349
-0.29670715 4.441086 9.49472
-0.38046265 4.5272217 10.016357
-0.37088013 4.709076 10.054642
-0.24885559 4.9698944 9.384644
-0.122039795 5.099106 8.597412
0.088531494 5.2259216 8.228912
0.3134613 5.338394 8.221741
0.32063293 5.367096 8.745773
0.30867004 5.268997 9.530609
0.21534729 5.132599 10.061813
0.21534729 5.103897 10.133606
-0.04307556 5.654236 9.346359
0.27278137 5.4006042 8.767303
0.24406433 5.0943146 9.449265
-0.29193115 4.8382874 10.095322
-0.933197 4.1898346 10.382462
-0.5670929 3.830902 10.308273
-0.42114258 3.5102692 10.035492
-0.62931824 3.1178436 9.722046
-1.0145569 3.2063751 8.903687
-1.3567352 3.6394806 7.7001038
-1.689331 4.022339 6.9272156
-2.239685 3.8931274 7.130615
-2.8139648 3.2279205 8.729019
-2.0650024 2.7996063 10.724625
-0.67237854 2.9312134 12.385254
0.275177 3.1680908 12.272781
0.53359985 3.1992035 10.016357
0.30867004 3.5365906 7.915451
-0.011962891 3.912262 6.448654
-0.1483612 4.244873 6.135193
-0.4139557 4.4362946 6.982254
-0.71066284 4.3286133 8.080566
-0.7082825 4.256836 9.032898
-0.58384705 4.1036835 9.810577
-0.59103394 4.0247345 10.2341
-0.4785614 4.043869 10.119247
-0.5814514 4.084549 9.564117
-0.73698425 4.2472534 8.760132
-0.7776642 4.443466 8.097305
-0.6077728 4.503296 8.090134
-0.4737854 4.520035 8.779266
-0.29431152 4.536789 9.348755
0.0 4.4865417 9.745972
0.20100403 4.4291077 9.985245
-0.13639832 4.6779633 9.745972
-0.6197357 5.481964 8.910873
-0.97387695 5.1756744 8.755341
-0.3014984 5.211563 9.659821
0.65563965 4.484146 11.045273
1.036087 4.015152 12.583847
0.9308014 3.4576263 13.194031
0.49771118 3.1250305 12.299103
0.24645996 3.1274261 8.415558
0.24645996 3.1274261 8.415558
-0.32302856 3.8332977 5.493927
0.13160706 4.170685 5.6111755
1.3088684 4.1778717 6.6999054
2.153534 3.5246277 8.315063
1.6582336 2.7996063 11.021347
0.8063812 2.395218 13.648666
-0.38285828 2.3330078 13.634308
-0.9308014 2.8330994 11.435303
-0.9882355 3.2662048 8.236099
-0.8231354 3.8213348 6.2357025
-0.28474426 4.146759 6.0394897
0.20100403 4.2472534 7.4656067
0.009567261 3.871582 9.138184
0.17945862 3.603592 10.279572
0.62213135 3.5126648 10.490128
0.24406433 3.3116608 10.116852
-0.3900299 3.1872406 9.724426
-0.71784973 3.1633148 9.963715
-0.45942688 3.3116608 10.6026
-0.2632141 3.4911346 10.648056
-0.55752563 4.010376 9.942184
-0.6915283 4.266403 9.209976
-0.19142151 3.9553375 9.415756
0.28953552 3.797409 9.994827
0.04067993 3.9146576 9.968506
-0.49771118 3.9194489 9.334396
-0.55513 3.739975 9.047256
-0.5120697 3.4241333 9.102295
-0.73698425 3.1872406 9.537796
-1.0480499 3.0556335 9.712463
-1.4931183 3.2015991 7.8843536
-1.902298 3.0628204 7.549362
-2.2755737 2.9814606 8.233704
-2.395218 3.053238 9.231506
-2.1343994 3.3140564 9.731613
-1.586441 3.5796661 9.659821
-0.8685913 3.6849518 9.533005
-0.112457275 3.5413818 10.164719
0.0382843 3.4408722 11.023727
-0.21534729 3.3762665 10.980667
-0.49291992 3.625122 10.033112
-0.55992126 3.7950134 8.729019
-0.8159485 3.809372 8.181061
-1.1964111 3.6801605 8.767303
-1.5649109 3.562912 9.67897
-1.5912323 3.4624176 9.824936
-1.5385895 3.4145508 9.664612
-1.4883423 3.4983063 9.710068
-1.3447723 3.6418762 9.602402
-1.1485596 3.637085 9.643082
-0.928421 3.534195 9.607178
-0.83509827 3.3068848 9.86322
-1.1533356 3.1752777 10.064209
-1.3328094 3.2039948 9.820145
-1.277771 3.282959 9.3511505
-1.1844482 3.3954163 9.068802
-1.1892395 3.493515 9.020935
-0.92123413 3.871582 9.001801
-0.7010956 3.8955078 9.39183
-0.5790558 3.9026947 9.647858
-0.6149597 3.830902 9.745972
-0.6963043 3.7495575 9.643082
-0.8542328 3.735199 9.401398
-0.8877411 3.7328033 9.157333
-0.8231354 3.763916 9.090332
-0.8159485 3.7854462 9.231506
-0.73220825 3.7830505 9.379868
-0.65802 3.768692 9.343979
-0.71066284 3.8045807 9.181259
-0.7393799 3.8165588 9.061615
-0.7298126 3.8428802 9.150162
-0.79681396 3.8811646 9.320038
-0.83509827 3.900299 9.303299
-0.78723145 3.9218292 9.152542
-0.72024536 3.929016 9.133408
-0.65563965 3.8763733 9.284149
-0.59820557 3.8811646 9.303299
-0.49531555 3.9433746 9.267395
-0.53359985 3.9146576 9.300903
-0.63648987 3.9050903 9.377472
-0.72502136 3.9098663 9.305695
-0.73220825 3.9194489 9.343979
-0.72024536 3.929016 9.367905
-0.66041565 3.952942 9.293716
-0.5790558 3.969696 9.320038
-0.5240326 3.974472 9.257828
-0.44506836 3.9936218 9.049652
-0.39482117 3.969696 8.965912
-0.3756714 3.9433746 9.135803
-0.1531372 3.9385834 9.052048
-0.39242554 3.8620148 10.344177
