-0.550354 2.3521423 10.327423
-0.550354 2.3521423 10.327423
-0.80158997 2.6416779 9.722046
-0.93559265 2.6727905 9.769897
-1.1964111 2.7350006 9.772293
-1.3663025 2.823532 9.767502
-1.1676941 2.7445679 9.757935
-0.9786682 2.7373962 9.932602
-0.95951843 2.7445679 9.877579
-1.174881 2.864212 9.98764
-1.1413727 2.8283234 9.74118
-0.98106384 2.8211365 9.59761
-0.8949127 2.572281 9.92543
-0.91645813 2.5866394 9.934998
-0.89730835 2.651245 9.657425
-0.5814514 2.4789581 9.477966
-0.4402771 2.3688965 9.4205475
-0.5431671 2.3784637 9.525833
-0.6771698 2.428711 9.614365
-0.85902405 2.5746765 9.810577
-0.9690857 2.6775665 9.743576
-1.0743713 2.7182465 9.607178
-1.1150513 2.7708893 9.722046
-1.134201 2.761322 9.930222
-1.0049896 2.7350006 9.750748
-0.9403839 2.7230377 9.57608
-0.7800598 2.6608124 9.650253
-0.6269226 2.5842438 9.772293
-0.6149597 2.5411835 9.765106
-0.7082825 2.600998 9.643082
-0.7920227 2.5507507 9.757935
-0.7920227 2.548355 9.71965
-0.7992096 2.526825 9.736389
-0.91166687 2.567505 10.00679
-0.9667053 2.5842438 10.033112
-0.80877686 2.5005035 9.841675
-0.8111725 2.5292206 9.96611
-0.80877686 2.5746765 10.045074
-0.80158997 2.5794678 10.001999
-0.79441833 2.5579224 9.812973
-0.75613403 2.548355 9.779465
-0.825531 2.5507507 9.875183
-0.825531 2.5411835 9.731613
-0.8183441 2.5411835 9.674179
-0.87815857 2.5411835 9.817749
-0.83270264 2.5339966 9.805786
-0.7537384 2.5363922 9.887146
-0.72262573 2.5244293 10.00679
-0.68673706 2.519638 9.846466
-0.7010956 2.5339966 9.676575
-0.74417114 2.5579224 9.657425
-0.7776642 2.5818634 9.772293
-0.7465668 2.567505 9.786652
-0.71784973 2.5339966 9.786652
-0.7680969 2.5507507 9.82254
-0.76091003 2.5363922 9.7986145
-0.7154541 2.548355 9.731613
-0.72024536 2.5411835 9.820145
-0.76330566 2.589035 9.86322
-0.825531 2.5986023 9.870392
-0.8374939 2.589035 9.899109
-0.79681396 2.567505 9.865616
-0.7082825 2.5387878 9.78186
-0.7537384 2.5507507 9.777069
-0.7992096 2.6057892 9.671783
-0.83270264 2.6081696 9.647858
-0.78723145 2.5531464 9.745972
-0.79681396 2.5220337 9.765106
-0.8614197 2.548355 9.791428
-0.8542328 2.4789581 9.710068
-0.79681396 2.498108 9.61676
-0.7346039 2.4550323 9.590439
-0.7393799 2.4406738 9.571289
-0.8111725 2.490921 9.609573
-0.8614197 2.4717865 9.78186
-0.7896271 2.4406738 9.8033905
-0.7920227 2.4813538 9.810577
-0.7680969 2.4741821 9.757935
-0.68673706 2.411972 9.568893
-0.6891327 2.4335022 9.592819
-0.7393799 2.3808594 9.777069
-0.6915283 2.3736877 9.889542
-0.5359955 2.297104 10.088135
-0.5431671 2.251648 9.98764
-0.7298126 2.4311066 9.667007
-0.77049255 2.5100708 9.518646
-0.63648987 2.416748 9.702896
-0.48335266 2.3449707 9.982849
-0.52163696 2.3042908 10.069
-0.69869995 2.4143524 9.932602
-0.87098694 2.514862 9.655045
-0.40678406 2.3784637 9.647858
-0.1483612 2.153534 9.860825
-0.22013855 2.1128693 9.856033
-0.44506836 2.244461 9.769897
-0.6125641 2.2755737 9.714859
-0.48095703 2.285141 9.710068
-0.45942688 2.3306122 9.7986145
-0.5742798 2.399994 9.743576
-0.6077728 2.3808594 9.492325
-0.6412811 2.423935 9.346359
-0.6915283 2.4430695 9.547363
-0.65563965 2.3904266 9.791428
-0.49291992 2.3042908 9.789032
-0.5096741 2.2085724 9.841675
-0.5742798 2.2301178 9.712463
-0.6316986 2.2947235 9.6263275
-0.5383911 2.2014008 9.734009
-0.5240326 2.0889282 9.891922
-0.6652069 2.1320038 9.944565
-0.6316986 2.1942139 10.13121
-0.45703125 2.0841522 10.365707
-0.44984436 2.0027924 10.277176
-0.59580994 2.0434723 9.889542
-0.6963043 2.1463623 9.834503
-0.6915283 2.148758 10.023529
-0.69869995 2.1296082 9.769897
-0.5240326 2.0985107 9.664612
-0.38046265 2.009964 10.071396
-0.447464 1.9980011 10.229324
-0.5623169 2.1032867 9.911072
-0.6963043 2.170288 9.789032
-0.6963043 2.2061768 10.040283
-0.65802 2.2205353 10.210175
-0.66041565 2.2133636 10.040283
-0.7657013 2.2301178 9.643082
-0.8063812 2.2947235 9.571289
-0.70588684 2.2899323 9.841675
-0.69392395 2.2420807 10.004395
-0.65563965 2.2181396 9.745972
-0.5001068 2.120041 9.848862
-0.45942688 2.0147552 10.136002
-0.59820557 2.0554352 10.346573
-0.8374939 2.141571 10.226929
-0.91645813 2.239685 9.604797
-0.933197 2.371292 9.195618
-1.0695953 2.4741821 9.037689
-1.2035828 2.7134552 9.016159
-1.1270142 2.7014923 8.992233
-0.97387695 2.6057892 9.209976
-0.83987427 2.5052795 9.4253235
-0.8661957 2.383255 9.456436
-0.91166687 2.3353882 9.281754
-0.928421 2.3808594 9.284149
-1.0145569 2.3018951 9.583252
-0.99302673 2.0769653 9.542572
-0.6006012 1.9190369 9.530609
-0.1268158 1.6534424 9.774673
-0.23210144 1.6127625 9.985245
-0.4402771 1.7252197 10.451843
-0.20578003 1.5625153 10.901703
-0.090927124 1.4333038 10.463806
-0.23449707 1.426117 9.714859
-0.29431152 1.7491608 10.126419
-0.5096741 1.7252197 10.707886
-0.81355286 1.7204437 11.334808
-0.8614197 1.6462555 11.064407
-0.80877686 1.7874451 10.231705
-0.8518524 1.8305054 10.203003
-0.78723145 1.7036896 10.229324
-0.7680969 1.660614 10.301102
-0.78245544 1.6151581 10.494919
-0.72262573 1.6797638 10.478165
-0.79681396 1.5816498 10.837097
-0.8542328 1.6773682 10.124039
-0.76091003 1.8017883 9.6263275
-0.6652069 1.7850494 9.86322
-0.73220825 1.799408 9.980469
-0.8063812 1.8448639 10.116852
-0.6077728 1.7228394 10.392029
-0.4737854 1.5122681 10.7677
-0.5623169 1.5720825 10.308273
-0.72024536 1.8281097 9.643082
-0.72502136 1.8807526 9.834503
-0.6508484 1.7850494 10.1766815
-0.7896271 1.7658997 10.25325
-0.9068756 1.7826538 10.384857
-0.8805542 1.8376923 10.04747
-0.8949127 1.8951111 9.9062805
-0.9571228 1.935791 9.915863
-0.95474243 1.9333954 10.112076
-0.92123413 1.8999023 10.267609
-0.928421 1.9046936 10.174286
-0.9714813 1.9716797 10.104889
-0.94755554 1.976471 9.985245
-0.8685913 1.9094696 9.9756775
-0.8805542 1.9453583 10.04747
-0.7992096 1.8855438 10.195816
-0.87338257 1.8927155 10.042679
-1.002594 1.9860382 9.860825
-0.95474243 1.976471 9.96611
-0.8494568 1.907074 10.059433
-0.8685913 1.9621124 9.937393
-0.89730835 1.931015 10.016357
-0.9451599 2.0123596 9.870392
-0.99302673 2.0530396 9.789032
-1.0241241 2.005188 9.841675
-1.0624084 1.9836426 9.810577
-1.0432739 1.9932251 9.755539
-1.0241241 1.9932251 9.7986145
-1.0648041 2.009964 9.877579
-1.0887299 1.9836426 10.057037
-1.0384827 1.9740753 10.080963
-0.9714813 1.9597168 10.021149
-1.0504456 1.9980011 9.96611
-1.0624084 2.0195465 9.96611
-0.96191406 1.9908295 9.88475
-0.8877411 1.9980011 10.018753
-0.8877411 1.9262238 10.045074
-1.0552368 2.050644 9.769897
-1.0193481 2.0985107 9.767502
-0.899704 2.0267181 10.00679
-0.830307 1.9812622 10.033112
-0.85902405 2.0362854 9.887146
-0.93559265 2.0817566 9.951752
-1.0480499 2.0937195 10.04747
-1.0552368 2.067398 9.934998
-0.933197 2.0147552 9.829712
-0.8901367 1.9836426 9.889542
-0.8949127 1.964508 9.999603
-0.9020996 1.9429779 9.915863
-0.97387695 2.005188 9.762711
-0.96191406 2.033905 9.836899
-0.85902405 1.9597168 9.949356
-0.87098694 1.976471 9.9015045
-0.87098694 1.9621124 9.920639
-0.9188385 2.0171509 9.848862
-0.95474243 2.0721893 9.853638
-0.899704 2.067398 9.994827
-0.8805542 2.0315094 10.09053
-0.92362976 2.0315094 9.958923
-0.97387695 2.0482635 9.867996
-0.97387695 2.074585 9.834503
-0.92362976 2.0530396 9.915863
-0.9308014 2.0219421 9.970886
-0.95474243 2.0195465 9.980469
-0.95474243 2.0362854 9.9756775
-0.933197 2.0530396 9.851257
-0.9188385 2.0027924 9.865616
-0.9068756 1.9692993 9.846466
-0.933197 2.005188 9.829712
-0.92362976 2.038681 9.839294
-0.928421 2.0697937 9.875183
-0.9690857 2.0817566 9.973282
-0.92362976 2.0362854 10.02832
-0.8877411 2.0003967 9.963715
-0.9690857 2.067398 9.858429
-0.96191406 2.0769653 9.891922
-0.97387695 2.0578308 9.915863
-0.98106384 2.067398 9.853638
-0.92123413 2.0410767 9.829712
-0.92362976 2.0482635 9.808182
-0.9020996 2.0482635 9.9062805
-0.8638153 2.0123596 9.9015045
-0.88534546 2.0554352 9.824936
-0.9379883 2.0913239 9.920639
-0.9308014 2.0889282 9.937393
-0.9140625 2.0626068 9.949356
-0.9020996 2.0721893 9.994827
-0.9882355 2.0817566 9.932602
-0.95951843 2.0602264 9.829712
-0.90448 2.079361 9.82254
-0.8925171 2.0769653 9.899109
-0.9643097 2.1152496 9.86322
-1.0169525 2.0817566 9.951752
-0.98583984 2.0243225 9.942184
-0.98583984 2.0267181 9.875183
-0.9906311 2.0913239 9.889542
-0.93559265 2.0769653 9.932602
-0.8661957 2.050644 9.939789
-0.8949127 2.0195465 9.9039
-0.94277954 2.0554352 9.829712
-0.92123413 2.0602264 9.848862
-0.93559265 2.0554352 9.970886
-1.0049896 2.0650024 9.860825
-0.98106384 2.0985107 9.765106
-0.9068756 2.0243225 9.958923
-0.9020996 2.0362854 9.992432
-0.9499512 2.079361 9.882355
-1.0217285 2.0841522 9.923035
-1.0432739 2.0913239 9.908676
-0.98583984 2.079361 9.856033
-0.9499512 2.0362854 9.918243
-0.933197 2.0315094 9.956543
-0.9786682 2.0913239 9.858429
-0.9643097 2.0913239 9.908676
-0.89730835 2.079361 9.963715
-0.8901367 2.050644 9.934998
-1.002594 2.096115 9.9015045
-1.0169525 2.096115 9.88475
-0.92362976 2.0482635 9.870392
-0.91645813 2.050644 9.856033
-0.9403839 2.067398 9.918243
-0.9308014 2.0434723 9.915863
-0.99780273 2.0697937 9.817749
-0.9882355 2.0578308 9.836899
-0.8925171 2.0195465 9.86322
-0.8614197 2.067398 9.887146
-0.93559265 2.0937195 9.879959
-1.0145569 2.1128693 9.942184
-0.98583984 2.067398 9.920639
-0.94755554 2.038681 9.858429
-0.9451599 2.074585 9.860825
-0.98583984 2.0889282 9.990036
-1.0528412 2.1104736 10.02832
-1.0624084 2.096115 9.927826
-1.031311 2.096115 9.899109
-0.93559265 2.0578308 9.956543
-0.8901367 2.0362854 9.942184
-0.9882355 2.0889282 9.875183
-1.0528412 2.1248322 9.745972
-0.9690857 2.079361 9.858429
-0.8279114 2.0027924 9.999603
-0.8111725 1.9860382 9.958923
-0.9834442 2.067398 9.911072
-1.0959167 2.1128693 9.865616
-1.0145569 2.0817566 9.805786
-0.8446655 1.9932251 9.841675
-0.89730835 1.9908295 9.970886
-1.071991 2.0889282 9.9015045
-1.0791626 2.120041 9.836899
-0.9571228 2.074585 9.856033
-0.8877411 2.0530396 9.951752
-0.8805542 2.0315094 9.956543
-0.9834442 2.079361 9.891922
-1.0169525 2.0650024 9.887146
-0.9762726 2.0434723 9.94696
-0.98106384 2.009964 9.951752
-0.95951843 2.0315094 9.848862
-0.9308014 2.0602264 9.786652
-0.9523468 2.074585 9.872787
-0.9762726 2.0817566 9.832108
-1.0337067 2.1032867 9.915863
-0.95474243 2.038681 10.02832
-1.0408783 2.1224365 9.968506
-1.0337067 2.1104736 9.94696
-0.9882355 2.0841522 9.865616
-0.9451599 2.067398 9.810577
-0.8685913 2.0195465 9.870392
-1.0073853 2.0410767 9.968506
-1.0983124 2.0769653 9.891922
-1.0480499 2.0817566 9.772293
-0.93559265 2.0578308 9.834503
-0.84706116 2.0482635 9.923035
-0.88534546 2.038681 9.88475
-1.031311 2.1104736 9.872787
-1.0671997 2.0769653 9.920639
-1.0648041 2.0721893 9.915863
-1.0145569 2.0769653 9.875183
-0.99302673 2.0530396 9.889542
-1.0241241 2.0697937 9.944565
-1.0552368 2.1032867 9.951752
-1.0384827 2.1032867 9.88475
-0.9834442 2.0817566 9.877579
-0.94277954 2.0578308 9.872787
-0.9714813 2.0817566 9.848862
-1.036087 2.0889282 9.911072
-1.031311 2.0721893 9.968506
-0.98583984 2.0697937 9.956543
-1.0001984 2.0985107 9.879959
-1.0193481 2.0985107 9.9062805
-0.99302673 2.074585 9.872787
-0.99780273 2.067398 9.84407
-1.031311 2.0530396 9.877579
-1.0384827 2.100891 9.858429
-1.0241241 2.074585 9.961319
-0.9667053 2.0410767 9.963715
-1.0073853 2.0650024 9.896713
-1.0480499 2.0650024 9.918243
-1.031311 2.108078 9.791428
-0.9786682 2.0769653 9.800995
-1.0552368 2.0985107 9.9015045
-1.0911255 2.079361 9.9015045
-1.0241241 2.038681 9.853638
-1.0169525 2.079361 9.896713
-1.0097656 2.0865479 9.911072
-1.0169525 2.100891 9.877579
-1.0528412 2.1631165 9.92543
-1.0097656 2.1296082 9.963715
-0.9523468 2.1248322 9.896713
-0.9523468 2.1104736 9.858429
-1.0169525 2.0817566 9.841675
-1.1102753 2.0697937 9.9062805
-1.1030884 2.067398 9.812973
-1.0432739 2.0769653 9.8033905
-0.98106384 2.0147552 9.913467
-1.0241241 2.0362854 9.937393
-1.0456696 2.0937195 9.78186
-1.0217285 2.0865479 9.800995
-1.0049896 2.0913239 9.937393
-0.98106384 2.100891 9.96611
-0.92362976 2.0937195 9.9062805
-1.0193481 2.1343994 9.923035
-1.0504456 2.1248322 9.942184
-1.0504456 2.1248322 9.879959
-1.0480499 2.1176453 9.858429
-0.9762726 2.1128693 9.963715
-1.0001984 2.100891 9.896713
-1.0528412 2.120041 9.858429
-1.0432739 2.0889282 9.872787
-1.0217285 2.074585 9.841675
-0.9882355 2.0769653 9.894318
-0.9882355 2.0697937 9.951752
-1.0289154 2.0650024 9.88475
-1.1126556 2.1511536 9.779465
-1.0145569 2.108078 9.827316
-0.92123413 2.074585 9.9756775
-0.933197 2.0889282 9.894318
-1.0145569 2.1128693 9.82254
-1.0815582 2.100891 9.827316
-1.0983124 2.1320038 9.879959
-0.9762726 2.0937195 9.927826
-0.87815857 2.0602264 9.934998
-0.94277954 2.0841522 9.920639
-1.0408783 2.1032867 9.846466
-1.0073853 2.079361 9.817749
-0.9667053 2.050644 9.834503
-0.9403839 2.0315094 9.899109
-1.0576324 2.074585 9.896713
-1.0815582 2.0913239 9.834503
-0.98583984 2.0697937 9.846466
-1.0193481 2.148758 9.942184
-1.0600128 2.1439667 9.934998
-1.0671997 2.153534 9.856033
-1.0073853 2.1224365 10.025925
-1.0097656 2.1439667 9.980469
-1.0289154 2.096115 9.887146
-1.076767 2.0985107 9.867996
-1.0504456 2.0889282 9.932602
-1.0337067 2.0937195 9.872787
-0.99780273 2.0602264 9.786652
-0.9667053 2.0602264 9.765106
-0.9571228 2.0626068 9.805786
-0.9834442 2.074585 9.86322
-1.0456696 2.0865479 9.9039
-1.071991 2.1128693 9.896713
-1.0552368 2.1152496 9.899109
-1.0049896 2.1176453 9.875183
-1.0265198 2.1272125 9.839294
-1.0456696 2.1176453 9.827316
-1.0648041 2.1343994 9.889542
-1.0241241 2.1032867 9.927826
-1.0217285 2.1272125 9.918243
-1.0743713 2.170288 9.9062805
-1.0695953 2.136795 9.9062805
-1.0121613 2.0769653 9.853638
-1.0049896 2.096115 9.793823
-1.0289154 2.1224365 9.865616
-1.0265198 2.1032867 9.934998
-1.0576324 2.1343994 9.817749
-1.1006927 2.1248322 9.875183
-1.0528412 2.100891 9.9062805
-1.0265198 2.120041 9.848862
-1.0887299 2.165512 9.879959
-1.0863342 2.1391907 9.913467
-1.0337067 2.0985107 9.851257
-1.0576324 2.1343994 9.896713
-1.036087 2.1128693 9.937393
-1.0552368 2.1128693 9.839294
-1.1222382 2.1559296 9.872787
-1.0456696 2.108078 9.853638
-0.9690857 2.045868 9.832108
-1.0600128 2.0578308 9.942184
-1.1222382 2.0865479 9.856033
-1.0265198 2.108078 9.78186
-0.8494568 2.0913239 9.834503
-0.83270264 2.1104736 9.836899
-1.3351898 2.3449707 10.04747
-1.5146637 2.3808594 10.100098
-1.380661 2.2875366 10.124039
-1.2466583 2.2420807 10.258026
-1.0600128 2.1152496 10.21257
-0.8661957 2.0889282 9.841675
-0.83509827 2.1678925 9.67897
-0.8111725 2.1128693 9.762711
-0.8279114 2.1104736 9.88475
-0.83987427 2.1056824 9.755539
-1.0576324 2.165512 9.942184
-1.1270142 2.2205353 10.121643
-1.1533356 2.3114624 9.829712
-1.0337067 2.3114624 9.659821
-0.8542328 2.3976135 9.789032
-0.64367676 2.4143524 9.71965
-0.62931824 2.4526367 9.530609
-0.8111725 2.6321106 9.61676
-0.7680969 2.5363922 9.590439
-0.9690857 2.5220337 9.9756775
-1.0265198 2.5459595 10.198212
-1.0265198 2.514862 10.2508545
-0.9762726 2.4717865 10.136002
-0.928421 2.399994 10.174286
-0.8757782 2.423935 10.001999
-0.8374939 2.445465 9.707687
-0.830307 2.490921 9.6263275
-0.7992096 2.490921 9.712463
-0.77526855 2.4358978 9.669403
-0.8566284 2.5028992 9.607178
-0.98583984 2.5818634 9.664612
-0.9762726 2.5746765 9.786652
-0.92123413 2.5770721 9.829712
-0.8638153 2.4837494 9.800995
-0.91645813 2.4765778 9.841675
-1.0408783 2.5579224 9.865616
-1.071991 2.5746765 9.9015045
-1.0384827 2.5579224 9.934998
-1.0097656 2.5411835 9.9015045
-1.0145569 2.5627136 9.738785
-1.002594 2.6392822 9.846466
-0.92123413 2.6129608 9.7986145
-0.90448 2.5866394 9.765106
-0.94277954 2.6368866 9.693329
-0.9906311 2.7014923 9.659821
-0.928421 2.6488495 9.710068
-0.95474243 2.6656036 10.076172
-0.9667053 2.6368866 10.162323
-0.93559265 2.634491 10.224533
-0.8805542 2.6560364 10.217346
-0.87098694 2.670395 10.243668
-0.825531 2.691925 10.013962
-0.7346039 2.7158508 9.51387
-0.7992096 2.7493591 9.4205475
-0.8279114 2.7852478 9.257828
-0.9068756 2.8905334 9.114258
-0.9523468 2.9312134 9.253052
-0.95474243 2.897705 9.394226
-0.8614197 2.806778 9.346359
-0.9451599 2.8546448 9.353546
-1.0576324 2.897705 9.406189
-1.1772614 2.9240265 9.449265
-1.071991 2.9024963 9.300903
-0.73698425 2.7397766 9.0759735
-0.8518524 2.8330994 9.580856
-0.8566284 2.7158508 10.183853
-0.85902405 2.548355 10.693527
-0.92362976 2.5124664 10.516449
-0.624527 2.6129608 9.839294
-0.45942688 2.589035 9.650253
-0.5120697 2.498108 10.037888
-0.6149597 2.5076752 10.030716
-0.5766754 2.5866394 9.8033905
-0.5479584 2.5770721 9.650253
-0.6197357 2.617752 9.207581
-0.6963043 2.6321106 9.320038
-0.67237854 2.5914307 9.466003
-0.7154541 2.560318 9.645462
-0.72024536 2.514862 9.789032
-0.69869995 2.514862 9.76033
-0.46899414 2.325821 9.595215
-0.3062744 2.4023895 8.724228
-0.7848511 2.4933167 9.867996
-1.6103668 2.5028992 11.62912
-1.1772614 2.2755737 11.413757
0.20578003 2.1511536 8.207382
0.33021545 2.514862 7.4727783
-0.5670929 2.6488495 9.296112
-1.5625153 2.6656036 11.705688
-0.9954071 2.371292 11.755936
-0.27278137 2.2085724 9.899109
-0.35891724 2.3401794 9.327225
-0.653244 2.7014923 9.851257
-0.76330566 2.5698853 10.652847
-0.5790558 2.4789581 10.640884
-0.38046265 2.4406738 10.157532
-0.17945862 2.395218 9.879959
-0.107681274 2.3306122 9.834503
0.021530151 2.2947235 9.98764
0.07896423 2.2827454 10.4566345
0.17706299 2.1104736 10.760529
0.20817566 2.100891 11.066803
0.4857483 1.9621124 11.016556
0.50727844 2.0697937 10.865814
1.0001984 1.8400879 10.298706
1.3088684 1.7491608 10.15036
1.2203369 1.9214325 10.277176
0.92123413 2.0626068 10.365707
0.64845276 2.2612152 10.380066
0.64845276 2.3569336 9.915863
0.8231354 2.445465 9.657425
0.8805542 2.526825 9.712463
0.9403839 2.5005035 9.724426
0.74417114 2.6321106 9.817749
0.5096741 2.7708893 9.578476
0.447464 2.8450623 9.61676
0.46899414 2.794815 9.611969
0.5024872 2.876175 9.482758
0.5264282 2.8330994 9.451645
0.35891724 2.8857422 9.9039
0.35653687 2.7469635 10.088135
0.6269226 2.5100708 9.554535
0.54556274 2.7469635 9.181259
0.47138977 2.979065 9.140579
0.43310547 3.0508423 9.320038
0.447464 2.904892 9.662216
0.81355286 2.773285 9.745972
1.0528412 2.6129608 9.413361
0.96191406 2.5531464 9.209976
0.65802 2.7134552 9.355942
0.36849976 2.9647064 9.382263
0.122039795 2.9886322 8.798416
-0.21296692 3.460022 8.561523
-0.45463562 3.550949 9.9015045
-0.17228699 3.110672 11.559723
-0.8518524 3.4002075 9.6263275
-1.6749725 3.8213348 9.382263
-1.6725769 3.5988007 10.210175
-1.1150513 3.110672 10.564316
-0.68434143 2.806778 10.104889
-0.3900299 2.9144592 9.154938
-0.1986084 3.0939178 8.420349
-0.27038574 3.180069 8.707489
-0.5383911 3.373886 9.7005005
-0.65563965 3.1633148 10.040283
-0.8374939 3.1680908 9.3703
-1.3088684 3.3308105 9.559326
-1.9118652 3.5437775 9.595215
-2.210968 3.5485535 9.202789
-2.395218 3.4169464 9.367905
-2.388031 3.2518463 9.336792
-2.2468567 3.1298065 8.831909
-2.297104 3.3044891 8.511276
-2.4047852 3.5102692 8.291138
-2.5435638 3.6347046 8.73381
-2.531601 3.7782745 8.638092
-2.273178 3.8596191 8.106888
-1.9836426 3.7902374 7.862808
-2.0482635 3.830902 7.812561
-2.5363922 4.022339 8.085342
-2.658432 4.3621216 8.676376
-2.074585 4.08934 9.233902
-1.6103668 3.7423706 8.956329
-1.5912323 3.9601288 8.298309
-1.701294 4.347763 7.9896393
-1.6486511 4.6085815 8.027924
-1.3567352 4.491333 8.539978
-1.3160553 4.4291077 8.975479
-1.2514496 4.524826 9.133408
-1.0408783 4.503296 9.454041
-0.8422699 4.3836517 9.767502
-1.0671997 4.3621216 10.39682
-0.94277954 4.455429 10.387238
-0.4355011 4.5702972 9.482758
-0.39482117 4.783249 7.9896393
-0.8661957 5.419739 7.8771667
-1.036087 4.5918274 10.901703
-0.66041565 3.8165588 12.076584
-0.32781982 3.0580292 12.447464
0.17228699 2.548355 11.952148
0.59820557 2.4502563 10.179062
0.5766754 3.1609192 8.193024
0.16749573 4.0055847 7.063614
-0.04307556 4.58226 7.245468
-0.055038452 3.9457703 8.202591
-0.5240326 3.1489563 9.346359
-1.0815582 3.0173492 10.4231415
-1.4572296 2.9288177 10.97348
-1.0241241 2.7996063 10.308273
-0.38285828 3.0939178 9.298508
-0.3637085 3.328415 8.130814
-0.7800598 3.9314117 7.307678
-1.0791626 4.3956146 7.0085754
-1.0935211 4.4865417 7.520645
-0.9643097 4.2233276 8.609375
-0.95474243 4.1826477 9.250656
-1.0337067 4.187439 9.480362
-1.0265198 4.1491547 9.408585
-1.2658081 4.347763 9.200409
-1.5625153 4.4650116 9.267395
-1.655838 4.2879333 9.96611
-1.4931183 3.768692 11.298904
-1.2801666 4.1611176 9.970886
-1.6007996 4.311859 8.941986
-2.1966095 4.1324005 10.320251
-1.8903351 3.6155548 10.7030945
-1.2370911 3.0604248 10.167099
-0.9667053 3.1609192 9.379868
-1.0097656 3.517456 8.324631
-0.8374939 3.6681976 7.582855
-0.9260254 3.2063751 8.066208
-2.074585 2.9216309 9.044876
-3.3356018 3.3044891 10.631317
-3.4863434 3.1944122 11.60759
-2.3688965 2.864212 10.284348
-1.2969055 3.1202393 8.078171
-1.1365967 3.448059 7.1186523
-1.3232269 3.517456 7.0660095
-1.5146637 3.8022003 7.1234283
-1.1126556 3.6466675 7.3579254
-0.7776642 3.4743805 7.939392
-0.7657013 3.4815521 8.764908
-1.0504456 3.488739 9.722046
-1.380661 3.6179504 10.13121
-1.3686981 3.735199 9.894318
-0.9643097 3.739975 9.614365
-1.1150513 4.4769745 9.497116
-1.385437 4.783249 9.702896
-1.7036896 4.902893 9.9756775
-1.7922211 4.8478546 10.114456
-1.3639069 4.9340057 9.927826
-0.830307 4.7856445 9.142975
-0.8159485 4.6085815 9.88475
-0.7680969 4.6205444 10.609772
-0.38763428 3.8428802 11.696121
-0.114852905 3.0891266 12.571884
0.047851562 2.531601 12.10289
0.62213135 2.4741821 9.765106
0.8039856 3.144165 7.2837524
0.90927124 3.6825562 5.950943
0.37806702 3.7950134 6.8027954
-0.624527 2.9838562 8.922836
-1.4739838 2.8498535 11.542984
-1.7658997 2.5387878 13.194031
-1.0695953 2.1511536 11.801407
-0.19142151 2.4478607 8.592621
-0.01675415 3.1465607 6.4941254
0.052642822 3.7710876 5.5752716
-0.19621277 3.739975 6.4869385
-0.49771118 3.5892334 7.860428
-0.9403839 3.7040863 8.927628
-1.2227325 3.7543335 9.683746
-1.0671997 3.706482 9.817749
-0.8877411 3.8404846 9.214767
-0.9140625 4.031906 9.253052
-0.85902405 4.08934 9.805786
-0.7537384 3.9601288 10.41835
-0.83509827 3.7328033 10.518845
-0.928421 3.735199 10.485352
-0.7537384 3.952942 10.052246
-0.77526855 4.0701904 9.566513
-1.1006927 4.1563263 10.425522
-1.3758698 3.7710876 10.74617
-1.6773682 3.1082764 11.621933
-1.6869354 2.6990967 12.078964
-1.031311 2.9312134 10.748566
-0.6316986 3.1465607 8.767303
-0.825531 3.1202393 7.8149567
-1.3926239 3.0317078 8.149948
-1.8472595 2.8163452 9.518646
-1.7419739 2.9407806 9.198013
-1.3878326 3.036499 8.621338
-0.87098694 3.0580292 8.212173
-0.5431671 3.0843506 8.054245
-0.5312042 3.3140564 7.927429
-0.49771118 3.4408722 7.975281
-0.58384705 3.4432678 8.475372
-0.90448 3.5437775 8.815155
-1.2514496 3.7088776 8.982651
-1.4859467 3.8069763 9.140579
-1.4715881 3.9050903 9.243469
-1.2299042 4.063019 9.489929
-0.93559265 4.165909 9.353546
-0.68196106 4.409973 8.803192
-0.64845276 4.639679 8.346161
-1.0624084 4.783249 8.714661
-1.5122681 4.6253204 9.982849
-1.5170441 4.3621216 11.282166
-0.91166687 4.2640076 10.853836
-0.6197357 4.472183 8.930008
-0.90927124 5.0847473 9.276978
-0.8805542 4.4578247 10.963913
-0.48335266 3.5772705 12.076584
-0.21057129 2.9240265 12.679565
0.095718384 2.670395 11.502304
0.43070984 3.156128 8.949158
0.9260254 3.4552307 6.75972
1.2418823 3.4743805 6.1878357
0.62213135 2.9551392 7.750351
-0.653244 2.9431763 10.58107
-1.7395782 2.6727905 12.7369995
-1.5170441 2.0075836 11.626724
-0.79681396 2.3928223 8.544769
-0.7082825 3.1130676 7.1449738
-0.55992126 3.3523407 7.35553
-0.6388855 3.6993103 7.8556366
-0.68434143 3.8644104 7.865204
-0.6652069 3.8979034 7.984848
-0.7417755 3.763916 8.891724
-0.9379883 3.7782745 9.499512
-1.0695953 3.809372 9.437286
-1.2538452 4.0175476 9.059235
-1.179657 4.1324005 9.212372
-0.7657013 3.8979034 9.604797
-0.5383911 3.6059875 9.657425
-0.6029968 3.5102692 9.779465
-0.4737854 3.9170532 9.834503
-0.5670929 3.9218292 9.147766
-0.7130585 3.7902374 9.800995
-1.146164 3.5868378 11.229523
-1.2203369 2.3330078 12.966705
-0.9906311 2.2181396 12.239288
-0.6915283 2.6153564 9.573685
-0.7130585 2.8330994 7.9609222
-1.3782654 2.806778 8.472992
-2.1583252 2.4933167 10.504486
-2.292328 2.3234253 11.399414
-1.8209381 2.354538 10.45903
-1.3423767 2.5579224 9.131012
-1.0217285 2.864212 8.214554
-0.47138977 3.1250305 7.5086823
0.071777344 3.1489563 6.977478
0.550354 3.1417694 6.8769684
0.6460571 3.012558 7.338791
0.035888672 3.1011047 8.075775
-0.447464 3.2614136 8.688339
-0.7082825 3.254242 9.5354
-0.9714813 3.2039948 10.325027
-0.928421 3.0293121 10.770096
-0.77049255 3.0245209 10.679169
-0.6652069 3.2973022 10.262817
-0.41874695 3.6418762 9.745972
-0.279953 3.625122 9.585648
-0.33021545 3.5605164 10.224533
-0.72024536 3.6634064 10.435104
-1.0791626 3.596405 10.19342
-1.3136597 3.8332977 10.054642
-0.8901367 2.950348 11.822937
-0.7992096 2.600998 12.646072
-0.44984436 2.182251 11.961716
0.04307556 2.3521423 10.00679
0.7800598 2.766098 7.807785
1.2442627 3.1250305 6.5491486
1.3495483 3.402588 6.1878357
0.72262573 3.1776733 7.5708923
-0.27038574 2.950348 9.894318
-0.63409424 2.6273193 12.375687
-0.49771118 2.0697937 13.524231
-0.105285645 1.7754669 11.959335
0.33021545 2.531601 8.834305
0.5383911 3.139389 7.2335052
0.8111725 3.448059 6.7046967
0.80877686 3.488739 6.970291
0.7848511 3.1752777 8.111664
0.43788147 2.979065 9.693329
0.112457275 2.8330994 10.346573
-0.1603241 2.9527435 10.482956
-0.23210144 3.0460663 10.511673
-0.5144501 3.3212433 10.255646
-0.91645813 3.488739 10.308273
-1.0887299 3.4169464 10.609772
-0.8422699 3.534195 10.573883
-0.6460571 3.5389862 9.762711
-0.79441833 3.4624176 9.152542
-1.0049896 3.0652008 9.879959
-0.9308014 2.5914307 10.621735
-0.6316986 2.313858 10.277176
-0.44984436 2.5651093 9.0759735
-0.4402771 2.7397766 9.832108
-0.7346039 2.7876434 10.119247
-1.2370911 2.979065 9.245865
-1.5457611 3.2925262 7.9202423
-1.6079712 3.419342 7.3459625
-1.8640137 3.180069 8.130814
-1.976471 2.725418 10.100098
-1.9501495 1.9980011 11.892334
-1.6725769 1.799408 11.653046
-1.2514496 1.9549408 10.277176
-0.8374939 2.1272125 9.193222
-0.43310547 2.3353882 8.427521
0.117248535 2.4957123 7.8173523
0.4355011 2.4047852 7.7001038
0.3756714 2.3114624 8.209778
0.06460571 2.2301178 9.477966
-0.42591858 2.1296082 10.913666
-0.8614197 2.182251 11.471191
-0.93559265 2.1343994 11.152954
-0.95474243 2.2588196 10.765305
-1.0480499 2.4717865 10.516449
-0.9020996 2.428711 10.157532
-0.71784973 2.3306122 9.944565
-0.6269226 2.273178 9.772293
-0.71784973 2.222931 9.537796
-0.69869995 2.2037964 9.389435
-0.62931824 2.182251 9.111862
-0.85902405 2.3569336 8.882156
-1.2418823 2.3353882 9.621536
-1.2658081 2.0482635 11.456833
-1.0384827 1.9381866 12.167511
-0.84706116 1.8879395 11.23909
-1.1246338 2.5627136 9.195618
-1.3088684 2.7541351 8.291138
-1.138977 2.6560364 8.209778
-0.9068756 2.3593292 9.229111
-0.82073975 2.3090668 10.284348
-0.62213135 2.292328 10.463806
-0.38285828 2.2133636 10.284348
-0.20578003 2.1726837 9.851257
-0.059814453 2.1846466 9.669403
0.0023956299 2.1942139 9.7005005
-0.1531372 2.1678925 9.808182
-0.40438843 2.1894379 10.021149
-0.5886383 2.2468567 10.6336975
-0.59820557 2.2636108 10.832306
-0.4091797 2.3808594 10.188644
-0.30389404 2.589035 9.628723
-0.3014984 2.7996063 9.552155
-0.15074158 2.7278137 9.765106
-0.088531494 2.7086792 9.999603
-0.071777344 2.7445679 10.243668
0.062210083 2.6967163 10.392029
-0.0765686 2.7086792 9.717255
-0.18185425 2.835495 9.628723
0.01675415 2.663208 10.004395
0.13639832 2.5579224 10.083359
0.112457275 2.5076752 10.037888
0.093322754 2.399994 10.095322
-0.009567261 2.3569336 10.128815
-0.07896423 2.383255 9.827316
-0.15553284 2.490921 9.449265
-0.26081848 2.6488495 9.209976
-0.28474426 2.6775665 9.360718
-0.33259583 2.6392822 9.774673
-0.34695435 2.5866394 9.894318
-0.44984436 2.646469 9.865616
-0.6269226 2.766098 9.779465
-0.6460571 2.9072723 9.657425
-0.4737854 2.8905334 9.722046
-0.22253418 2.7421722 9.887146
-0.1651001 2.7158508 9.896713
-0.1483612 2.7086792 9.750748
-0.04307556 2.658432 9.753143
0.033493042 2.6081696 9.698105
-0.057434082 2.6727905 9.568893
-0.2536316 2.778061 9.564117
-0.37327576 2.8163452 9.777069
-0.38046265 2.7972107 9.688538
-0.43788147 2.8211365 9.580856
-0.4139557 2.864212 9.403793
-0.31585693 2.864212 9.195618
-0.21534729 2.794815 9.035294
-0.17228699 2.8091736 9.171692
-0.20578003 2.6847534 9.592819
-0.2632141 2.7397766 9.487549
-0.30389404 2.7230377 9.71965
-0.34457397 2.663208 9.877579
-0.27278137 2.7158508 9.444473
-0.43070984 2.720642 9.458832
-0.48335266 2.663208 9.920639
-0.39482117 2.5770721 10.085754
-0.28474426 2.457428 9.951752
-0.28234863 2.423935 9.827316
-0.40678406 2.5172424 9.779465
-0.47138977 2.5124664 10.071396
-0.35414124 2.5124664 10.054642
-0.2871399 2.5339966 9.858429
-0.37088013 2.5507507 9.580856
-0.5048828 2.572281 9.604797
-0.5431671 2.4933167 10.138397
-0.5431671 2.3593292 10.4279175
-0.6006012 2.3856506 10.214966
-0.5096741 2.4071808 10.124039
-0.38046265 2.3784637 9.94696
-0.3517456 2.3593292 9.875183
-0.38285828 2.3688965 9.789032
-0.41874695 2.3665009 9.726822
-0.43070984 2.3521423 9.681366
-0.48095703 2.3688965 9.662216
-0.6269226 2.4311066 9.800995
-0.5862427 2.3976135 10.00679
-0.42352295 2.297104 9.96611
-0.45703125 2.313858 9.865616
-0.5383911 2.3377838 9.913467
-0.48335266 2.3234253 9.669403
-0.40678406 2.3042908 9.588043
-0.36849976 2.2564392 9.793823
-0.42352295 2.2707825 9.858429
-0.39482117 2.2540436 9.853638
-0.34934998 2.2420807 9.877579
-0.37327576 2.2157593 9.94696
-0.4785614 2.292328 9.84407
-0.4857483 2.3234253 9.755539
-0.4665985 2.3042908 9.832108
-0.46420288 2.2994995 9.985245
-0.44984436 2.3401794 9.891922
-0.38763428 2.3186493 9.858429
-0.36610413 2.244461 9.82254
-0.38285828 2.2636108 9.870392
-0.43788147 2.2947235 9.824936
-0.44506836 2.3066864 9.841675
-0.42114258 2.2540436 10.025925
-0.38523865 2.2085724 10.10968
-0.3756714 2.2372894 9.973282
-0.37327576 2.2157593 9.970886
-0.39959717 2.222931 9.9015045
-0.42114258 2.239685 9.8033905
-0.4019928 2.2348938 9.707687
-0.41156006 2.2181396 9.767502
-0.45224 2.244461 9.9039
-0.4355011 2.2301178 10.025925
-0.4402771 2.2324982 10.057037
-0.43788147 2.2636108 10.009171
-0.3900299 2.239685 9.908676
-0.49291992 2.2660065 9.9039
-0.5934143 2.325821 9.9756775
-0.49291992 2.2779694 9.994827
-0.38763428 2.2205353 10.02832
-0.36610413 2.2324982 9.848862
-0.4355011 2.2707825 9.669403
-0.43070984 2.239685 9.779465
-0.43788147 2.2468567 9.800995
-0.46420288 2.2588196 9.839294
-0.44267273 2.2037964 9.927826
-0.32063293 2.0985107 9.949356
-0.37088013 2.148758 9.736389
-0.51924133 2.2372894 9.710068
-0.5288086 2.1966095 9.829712
-0.48095703 2.1990051 9.714859
-0.4905243 2.2014008 9.817749
-0.52163696 2.2037964 9.870392
-0.5168457 2.1966095 9.896713
-0.49771118 2.1798553 9.934998
-0.6029968 2.182251 10.042679
-0.5934143 2.2061768 9.879959
-0.5934143 2.1726837 9.997208
-0.59820557 2.1678925 10.030716
-0.5359955 2.1463623 9.911072
-0.5096741 2.1607208 9.860825
-0.5168457 2.1463623 9.918243
-0.53359985 2.1583252 9.784256
-0.51924133 2.153534 9.748352
-0.5048828 2.1391907 9.805786
-0.5383911 2.1966095 9.767502
-0.45703125 2.1176453 9.836899
-0.45463562 2.0889282 9.923035
-0.48095703 2.1128693 9.846466
-0.49531555 2.1152496 9.74118
-0.4665985 2.1104736 9.834503
-0.4665985 2.0985107 9.889542
-0.49531555 2.1439667 9.8033905
-0.5096741 2.1511536 9.848862
-0.48812866 2.1176453 9.980469
-0.43310547 2.1056824 9.958923
-0.4402771 2.1248322 9.915863
-0.41635132 2.1463623 9.7005005
-0.5623169 2.2181396 9.856033
-0.50727844 2.1631165 9.877579
-0.47138977 2.2636108 10.0785675
-0.41635132 2.2181396 9.346359
-0.34457397 2.3688965 8.851059
-0.6029968 2.4837494 8.968292
-0.72024536 2.4550323 8.886948
-0.5407715 2.4765778 8.829514
-0.24885559 2.2301178 9.0759735
-0.0023956299 2.1272125 8.908478
0.095718384 2.177475 8.492126
0.098098755 2.2899323 8.650055
0.19381714 2.3784637 8.874985
0.06700134 2.4335022 9.686142
-0.028717041 2.222931 9.990036
-0.028717041 2.3234253 9.657425
0.028717041 2.6201477 9.954147
0.062210083 2.3736877 10.942383
0.3134613 2.1224365 11.3013
0.4857483 2.0554352 10.990234
0.3134613 2.0889282 11.11705
0.31585693 2.1224365 11.303696
0.38763428 1.9884338 10.87059
0.35891724 1.9860382 10.360916
0.22970581 2.0769653 9.796219
0.18664551 2.2205353 9.583252
0.062210083 2.1032867 9.939789
-0.24645996 2.1128693 10.09053
-0.48095703 2.165512 9.970886
-0.5670929 2.2636108 9.777069
-0.550354 2.3186493 9.777069
-0.5288086 2.2181396 10.1527405
-0.43788147 2.100891 10.231705
-0.52163696 2.0195465 10.382462
-0.55992126 2.0003967 10.29631
-0.4283142 2.0530396 9.9039
-0.39242554 2.0913239 9.899109
-0.39482117 2.0817566 10.157532
-0.35891724 2.0530396 10.04985
-0.28474426 2.0003967 9.683746
-0.3637085 2.0482635 9.6957245
-0.4139557 2.0027924 10.069
-0.45703125 1.935791 10.179062
-0.4785614 1.9501495 10.095322
-0.5168457 1.964508 10.057037
-0.5024872 1.9956207 9.963715
-0.5144501 1.9740753 9.891922
-0.5096741 1.9932251 9.877579
-0.5790558 1.9597168 10.042679
-0.6269226 2.005188 10.033112
-0.6053772 1.9956207 10.030716
-0.5790558 1.9908295 9.951752
-0.5623169 1.9501495 10.035492
-0.5264282 1.9262238 10.15036
-0.5240326 1.9405823 10.004395
-0.5934143 2.0147552 9.911072
-0.5694885 1.9884338 9.899109
-0.624527 2.033905 9.84407
-0.6963043 2.0841522 9.978073
-0.59580994 1.9980011 10.052246
-0.48095703 1.9621124 10.00679
-0.55752563 1.9573364 9.999603
-0.6460571 2.0123596 9.94696
-0.6077728 1.9262238 9.954147
-0.6197357 1.9597168 9.867996
-0.65802 1.9884338 9.875183
-0.6795654 1.9597168 9.9015045
-0.6197357 1.9166565 9.815353
-0.6508484 1.9214325 9.824936
-0.64367676 1.9286194 9.915863
-0.5862427 1.8783722 9.942184
-0.5814514 1.907074 9.918243
-0.5814514 1.9190369 9.937393
-0.54556274 1.9094696 9.982849
-0.52163696 1.8807526 9.994827
-0.5862427 1.9094696 10.035492
-0.6029968 1.9381866 10.00679
-0.5288086 1.9094696 9.982849
-0.5694885 1.9286194 10.011566
-0.62931824 1.9788666 9.982849
-0.624527 1.9525452 10.040283
-0.5814514 1.935791 9.980469
-0.6053772 1.9166565 10.00679
-0.6149597 1.9166565 9.944565
-0.6269226 1.9405823 9.86322
-0.59103394 1.9286194 9.908676
-0.5766754 1.8664093 9.978073
-0.63409424 1.902298 9.942184
-0.65563965 1.8927155 9.9062805
-0.57188416 1.931015 9.853638
-0.5694885 1.8687897 9.942184
-0.5742798 1.8951111 9.875183
-0.52163696 1.8305054 10.057037
-0.5766754 1.8305054 9.939789
-0.68196106 1.9381866 9.877579
-0.67237854 1.9381866 10.011566
-0.624527 1.935791 9.860825
-0.6795654 1.9286194 10.0785675
-0.624527 1.8879395 10.013962
-0.6699829 1.9142609 10.054642
-0.6699829 1.8975067 10.004395
-0.63409424 1.9214325 9.899109
-0.6412811 1.9190369 9.94696
-0.6508484 1.9333954 9.846466
-0.6029968 1.8783722 9.970886
-0.6149597 1.8711853 10.040283
-0.6508484 1.9238281 9.856033
-0.6771698 1.9238281 9.820145
-0.65563965 1.8855438 9.973282
-0.62213135 1.8640137 10.016357
-0.5766754 1.8400879 9.94696
-0.6771698 1.8951111 9.9062805
-0.77049255 1.9286194 9.9756775
-0.69392395 1.8831482 10.052246
-0.5623169 1.6510468 10.463806
0.25842285 1.3663025 9.664612
0.2416687 2.3282166 7.2143555
-2.371292 2.3090668 11.318054
-3.0460663 2.5842438 13.368698
-1.4380798 1.3830566 11.550156
1.1629181 1.5074768 5.721237
0.6149597 2.2875366 6.9128723
-1.3232269 2.1391907 11.495117
-0.9786682 1.3663025 12.227325
0.124420166 1.0791626 9.848862
-0.102890015 1.4739838 10.009171
-0.4905243 1.655838 10.638489
-0.43788147 1.6725769 10.748566
-0.3900299 1.689331 10.648056
-0.30867004 1.5194397 10.447067
-0.13877869 1.3639069 10.073776
-0.059814453 1.3208313 10.203003
0.0047912598 1.2394867 10.593033
-0.43788147 1.3997955 11.018951
-0.62213135 1.3710938 11.437698
-0.48812866 1.2012024 11.523834
0.110076904 1.2681885 11.933014
0.63409424 1.0959167 12.157928
0.65802 1.0959167 11.60759
0.7537384 1.1629181 11.011765
0.8949127 1.1772614 10.93042
1.1820526 1.2729797 10.518845
1.5433655 1.4715881 9.961319
1.3710938 1.5122681 9.815353
1.3974152 1.832901 9.755539
1.2418823 1.9884338 9.250656
0.9499512 2.2827454 9.202789
0.8566284 2.4023895 9.198013
0.8829498 2.383255 9.162125
0.95474243 2.5627136 9.18605
0.85902405 2.8139648 9.375076
0.7800598 2.7900238 9.202789
0.8614197 2.876175 9.104691
1.2873383 2.802002 9.284149
1.5696869 2.4382935 9.595215
1.4596252 2.4646149 10.104889
1.5194397 2.2157593 10.657639
1.6486511 1.9405823 10.329819
1.4715881 2.2133636 9.748352
1.4715881 2.3665009 9.712463
1.5553284 2.6440735 9.434906
1.1318054 2.8378906 8.913269
-0.32302856 2.8163452 9.451645
-1.1557312 2.617752 11.152954
-1.4644012 2.5124664 12.251251
-1.1246338 2.4837494 11.277374
-0.46180725 2.7493591 9.530609
-0.4402771 2.9862366 8.580658
-0.91166687 2.9335938 8.370087
-1.409378 2.8785706 8.901306
-1.8831482 2.519638 9.832108
-1.9932251 2.2420807 10.774887
-1.6845398 1.9860382 11.408981
-1.3710938 1.6845398 10.928024
-1.2370911 1.5649109 9.521042
-1.1509552 1.6797638 8.018356
-1.3280182 1.9118652 7.3244324
-1.3423767 2.0721893 7.475174
-1.179657 2.0027924 8.087738
-1.3878326 1.9501495 8.894119
-1.5768738 2.2181396 9.061615
-1.6199341 2.498108 9.147766
-1.2227325 2.371292 9.181259
-0.7417755 2.1104736 9.030518
-0.69392395 2.038681 8.968292
-1.0959167 2.244461 9.353546
-1.3878326 2.5794678 9.786652
-1.4739838 2.802002 10.013962
-1.3088684 2.8785706 9.681366
-1.2012024 2.761322 9.662216
-1.1964111 2.6775665 10.126419
-1.2466583 2.5818634 10.815552
-1.0935211 2.3234253 10.913666
-0.8063812 2.4789581 10.013962
-0.44506836 3.0149536 9.265015
-0.1268158 3.275772 8.394028
-0.33259583 2.766098 8.961121
-0.55513 2.3018951 11.0811615
-0.55513 1.8831482 12.591034
-0.4402771 1.4739838 12.67717
0.050247192 1.5505524 11.002197
0.90927124 1.861618 8.791229
1.804184 2.292328 7.6331024
1.9836426 2.325821 7.802994
0.43310547 1.8305054 9.614365
-0.72024536 1.9549408 11.045273
-1.0815582 1.8592224 11.806183
-0.6053772 1.9453583 11.337189
-0.24645996 2.1870422 9.968506
-0.052642822 2.5938263 8.819946
0.035888672 2.9192505 8.602203
0.16989136 2.9024963 8.944366
0.4139557 2.7708893 9.320038
0.51924133 2.651245 9.671783
0.122039795 2.761322 9.956543
-0.5814514 3.1537476 10.121643
-1.0073853 3.4983063 10.013962
-1.0887299 3.7423706 9.578476
-1.0983124 3.8548431 9.446869
-1.0432739 3.4839478 10.136002
-0.7800598 3.1369934 10.5260315
-0.39482117 3.596405 9.399002
-0.39720154 3.8883362 8.714661
-1.306488 3.739975 9.341583
-2.0554352 2.6488495 11.550156
-1.3902283 2.050644 13.088745
-0.15553284 1.689331 12.071793
0.30389404 2.0650024 9.600006
-0.1531372 2.3976135 8.427521
-0.830307 2.2037964 8.482559
-1.3447723 1.8735809 9.064011
-1.6223297 1.8161469 9.607178
-1.7874451 2.0817566 10.066605
-1.6103668 2.3066864 10.205383
-1.1940155 2.383255 9.310471
-0.8901367 2.4526367 8.197815
-0.8111725 2.5986023 7.726425
-0.63409424 2.7278137 7.901108
-0.5479584 2.7637177 8.398804
-0.71784973 2.945572 8.630905
-0.8159485 3.103485 8.901306
-0.8279114 3.0723877 9.384644
-0.9643097 3.1178436 9.841675
-1.2586212 3.2805634 10.547562
-1.1868439 3.2973022 10.734207
-0.7800598 3.6083832 9.834503
-0.53359985 4.051056 8.965912
-0.72502136 4.3621216 9.135803
-1.0265198 4.4027863 9.934998
-0.9379883 4.0462646 11.030914
-0.43310547 3.9649048 10.872986
-0.15792847 3.9768677 9.853638
-0.13400269 4.3549347 9.499512
-0.047851562 4.302292 9.867996
1.524231 3.110672 6.0179443
1.9046936 3.6299133 4.7019043
1.529007 3.0891266 6.467804
0.653244 2.325821 9.583252
-0.24885559 2.0721893 12.480957
-0.9068756 2.067398 13.411774
-0.5934143 2.2205353 11.212769
-0.29193115 2.7014923 8.0733795
0.028717041 3.1633148 6.4031982
0.2679901 3.5437775 6.5395813
0.13400269 3.517456 7.664215
-0.117248535 3.6993103 8.271988
-0.2871399 3.7830505 8.705093
-0.46420288 3.8596191 9.078369
-0.5288086 3.981659 9.482758
-0.4402771 3.9792633 9.765106
-0.5742798 4.0007935 9.7005005
-1.1557312 4.08934 9.980469
-1.6247253 3.8931274 10.9040985
-1.4931183 3.5557404 11.882751
-0.9643097 3.6347046 11.720047
-1.0384827 4.0247345 9.521042
-1.6630096 4.2233276 9.138184
-2.2540436 3.8907318 10.48056
-1.1246338 2.399994 12.380463
-0.5766754 2.646469 10.339386
-0.4737854 2.868988 8.054245
-0.65802 2.9718933 6.9391785
-1.0791626 2.4693909 7.716858
-1.8879395 1.8281097 9.336792
-2.5244293 2.0075836 10.9088745
-2.7350006 2.1224365 11.490341
-2.2301178 2.5411835 9.858429
-1.6917267 2.8187408 7.5469666
-1.3902283 3.1082764 6.2404785
-1.1605225 3.4002075 5.924637
-0.99302673 3.390625 6.61615
-0.7680969 3.4121704 7.5397797
-0.4665985 3.2805634 8.394028
-0.3517456 3.242279 9.303299
-0.5934143 3.3260193 10.124039
-0.68673706 3.534195 10.43988
-0.62931824 3.7662964 10.394424
-0.727417 4.1395874 10.734207
-0.6125641 4.3094788 11.040482
-0.34457397 4.4075775 10.533203
-0.41874695 4.6301117 10.346573
-0.17228699 4.6253204 10.674377
0.36131287 4.668396 10.02832
0.275177 4.3501587 9.865616
-0.03111267 3.6227264 11.921036
-0.17706299 2.8378906 14.249252
0.04547119 2.4335022 13.804199
0.20100403 3.1585236 9.674179
0.25602722 3.632309 6.32901
0.43070984 4.051056 5.326416
0.107681274 3.345169 7.475174
-1.138977 2.3473663 12.107681
0.0765686 3.6801605 7.470398
-0.3756714 3.9768677 7.860428
-0.38763428 3.9888306 8.965912
-0.43788147 3.9433746 9.915863
-0.6652069 4.043869 10.057037
-0.97387695 4.3788605 9.097519
-1.3950195 4.4769745 9.054443
-1.385437 4.1276245 10.219742
-0.9379883 3.7088776 11.038086
-0.100494385 4.072586 10.688736
-0.035888672 4.003189 8.944366
-0.76091003 4.2472534 9.193222
-1.4811554 3.8644104 10.277176
-1.7491608 2.7589264 12.26561
-1.2921295 2.5435638 13.531418
-0.93559265 3.007782 11.614761
-0.7680969 3.2925262 8.487335
-0.89730835 3.2183533 7.0899353
-1.7922211 2.8785706 7.5350037
-2.486145 2.8402863 9.291336
-2.354538 2.555542 10.3537445
-1.4907227 2.2253265 10.10968
-0.7346039 2.5124664 8.657227
-0.68434143 2.897705 7.0133667
0.5647125 3.7878418 6.0969086
0.6412811 3.2446747 7.223938
0.7346039 2.7828522 8.516052
1.0432739 2.4646149 9.817749
1.1437683 2.3114624 10.502106
0.65563965 2.8522491 10.762909
0.07896423 3.426529 10.604996
-0.023925781 3.8213348 9.985245
0.24406433 4.065399 9.571289
0.3900299 4.194626 9.78186
0.36849976 4.2640076 10.360916
0.21774292 4.462616 10.937592
0.46899414 4.737793 10.368103
0.5623169 4.54158 9.877579
0.75852966 4.4985046 10.68396
0.98583984 4.0821533 11.145767
0.7728882 3.0771637 11.717651
0.71066284 2.6368866 12.701111
0.9714813 2.6249237 11.60997
1.3734741 3.0029907 8.618942
1.6079712 3.2159576 6.7046967
1.3232269 3.144165 6.754944
-0.18902588 2.555542 8.657227
-0.99302673 2.1750793 10.695923
-1.0289154 2.0817566 11.696121
-0.4905243 2.1032867 10.851456
-0.028717041 2.1463623 9.092728
0.090927124 2.6153564 7.910675
0.1986084 3.2159576 7.133011
0.34217834 3.706482 6.9272156
0.5240326 3.9026947 7.2837524
0.33738708 3.7782745 8.453842
-0.105285645 3.9098663 9.43251
-0.37327576 4.1395874 9.722046
-0.3756714 4.1324005 9.982849
-0.23449707 4.0797577 10.121643
-0.06460571 3.9673004 10.435104
-0.34934998 3.7423706 11.284546
-0.47616577 3.5988007 11.676971
0.095718384 3.8500519 10.961517
0.37088013 4.146759 9.2482605
0.057434082 4.3980103 9.154938
-0.8279114 4.137192 10.676773
-1.1318054 2.7014923 12.366104
-0.43788147 1.804184 13.129425
0.45703125 1.9549408 11.315659
0.4665985 2.4047852 8.394028
0.1986084 3.0101776 6.4917297
-0.6197357 3.316452 7.0468597
-1.3423767 2.567505 9.887146
-0.9260254 1.9286194 11.741577
-0.33259583 1.8879395 11.207977
-0.22253418 2.5363922 8.755341
-0.279953 3.1872406 6.8027954
0.088531494 3.912262 5.740387
0.85902405 4.1324005 5.4628143
1.6438751 3.637085 6.364914
1.7443695 2.8091736 7.8795624
1.4237366 2.5531464 8.760132
0.653244 2.6416779 9.446869
-0.110076904 3.2494507 9.693329
-0.5407715 3.7040863 9.578476
-0.17228699 3.5533447 9.604797
0.3756714 3.0221405 9.714859
1.1198425 2.210968 10.076172
0.06460571 3.184845 10.487747
-0.87815857 4.515259 10.648056
-1.3423767 5.15654 10.715057
-1.1557312 5.103897 10.040283
-0.110076904 4.692322 10.102493
0.68673706 4.1491547 11.006989
0.9523468 3.2853394 11.03331
-0.18664551 2.4669952 10.516449
-1.9262238 3.2662048 10.947159
-2.2420807 4.055832 11.904297
-0.9020996 4.244873 10.997406
-0.20578003 3.2063751 8.719452
0.48335266 3.0771637 7.367508
0.91645813 3.522232 8.482559
0.50727844 3.0795593 9.205185
-0.5790558 3.2279205 9.238693
-1.7539368 3.7112732 8.757736
-1.6079712 3.878769 7.602005
-0.117248535 2.7182465 7.9298096
0.13160706 2.273178 8.788834
-0.14596558 3.2087708 8.650055
-1.4644012 4.027115 9.157333
-2.6033936 4.5631104 9.913467
-2.3569336 4.2711945 9.097519
-1.7778625 3.8285217 8.745773
-0.83509827 3.8117676 9.056839
-0.7848511 4.137192 9.3703
-1.6390839 4.8382874 9.789032
-1.5888367 5.1828613 10.054642
-0.5431671 4.2927246 9.688538
-0.7776642 4.74736 9.686142
-0.06460571 4.5511475 9.765106
0.35653687 4.0989075 10.145569
-0.16270447 4.433899 10.487747
-0.25602722 4.491333 11.148163
0.17468262 4.1802673 11.143372
0.22732544 3.9792633 10.411179
-0.18185425 4.022339 9.456436
-0.5742798 4.0247345 9.018555
-0.9667053 3.8356934 8.884552
-0.9906311 3.637085 8.657227
-0.899704 3.5700989 8.075775
-1.1724854 3.5892334 7.5708923
-1.6725769 3.723236 7.7695007
-2.1678925 3.7734833 8.858231
-1.7491608 3.4289093 9.973282
-1.1772614 3.0173492 11.07637
-0.9643097 3.0915222 11.191238
-0.70588684 3.5078735 10.430313
-0.6460571 3.768692 9.3511505
-1.3160553 4.0127563 7.451248
-1.3088684 4.1491547 7.5517426
-0.7992096 4.1826477 8.037491
-0.7346039 4.0127563 8.6237335
-1.1509552 3.981659 9.291336
-1.2322998 3.9194489 9.480362
-0.9954071 3.9553375 9.032898
-0.61735535 4.1324005 8.267197
-0.4905243 4.4315033 7.905884
-0.59820557 4.5272217 8.063812
-0.9523468 4.4889374 8.547165
-1.1605225 4.5583344 8.712265
-0.98106384 4.790436 8.317459
-0.53359985 5.132599 7.9896393
-0.27038574 5.28096 8.260025
-0.35653687 5.2570343 9.178864
-0.37088013 4.965103 10.203003
-0.48812866 4.8095703 10.54039
-0.5264282 4.6612244 9.9756775
-0.5264282 4.8478546 9.090332
-0.5694885 5.0775757 8.4179535
-0.65563965 5.1589203 8.080566
-0.8159485 5.2905273 7.9657135
-0.73698425 5.4293213 8.018356
-0.55992126 5.5872345 8.264816
-0.5670929 5.4293213 8.963516
-0.49291992 5.36232 8.707489
-0.6460571 5.34317 8.283951
-0.8805542 5.3694916 8.135605
-0.8638153 5.3192444 8.020737
-0.8661957 5.338394 7.812561
-0.9667053 5.4795685 7.7240295
-0.90927124 5.5298157 7.680954
-0.7776642 5.498703 7.6666107
-0.93559265 5.4843445 7.7982025
-1.2346954 5.4508514 8.185852
-1.2203369 5.338394 8.264816
-0.95951843 5.3934174 7.9704895
-0.92362976 5.522629 8.003998
-1.071991 5.659027 8.152344
-0.9523468 5.69014 8.0686035
-0.7800598 5.728424 7.5684967
-0.75613403 5.7547455 6.9056854
-0.81355286 5.8384857 6.817154
-1.0049896 5.946167 7.463211
-0.9762726 5.970093 7.9896393
-0.7465668 5.922241 7.680954
-0.7130585 5.8121643 6.900894
-0.9834442 5.9365997 6.582657
-0.9523468 5.962921 6.8650055
-0.36610413 5.6661987 7.176071
-0.66041565 5.7188416 8.035095
-0.92362976 5.7308044 8.896515
-0.8901367 5.374283 9.346359
-0.85902405 5.4508514 9.604797
-0.830307 5.5202484 9.525833
-0.8279114 5.3527374 9.22673
-1.1700897 5.30249 9.415756
-1.2993011 5.0440674 9.722046
-1.1868439 4.955536 9.762711
-0.78723145 4.943573 9.236298
-0.3134613 4.996216 8.4227295
-0.06460571 5.0847473 8.350952
-0.4019928 4.93161 8.901306
-0.6149597 4.606186 9.164505
-0.5312042 4.6301117 8.925232
0.06939697 4.8430786 8.721832
-0.24885559 4.7641144 10.595413
-0.40678406 4.6827545 11.696121
-0.04307556 4.532013 11.521439
0.04547119 4.634903 10.210175
-0.03111267 4.9340057 9.032898
-0.023925781 5.1062775 9.040085
0.105285645 5.0153503 9.592819
0.093322754 4.78804 9.805786
-0.08375549 4.8311157 9.439682
-0.1483612 4.8478546 8.930008
-0.16749573 4.742569 8.676376
-0.19621277 4.5583344 8.602203
-0.28953552 4.553543 8.664413
-0.39242554 4.512863 8.705093
-0.48095703 4.467407 8.767303
-0.40678406 4.496109 8.6979065
-0.3756714 4.553543 8.513657
-0.3900299 4.730606 8.587845
-0.20817566 4.792816 8.628525
-0.105285645 4.8885345 8.437088
-0.18424988 5.046463 8.303101
-0.122039795 5.0321045 8.403595
0.0023956299 5.0345 8.621338
-0.01675415 5.1804657 8.762512
0.055038452 5.338394 8.884552
0.23928833 5.30011 8.934799
-0.14596558 5.3359985 8.93959
-0.095718384 5.242676 8.73381
-0.14356995 5.2043915 8.602203
-0.1986084 5.120636 8.654846
-0.17945862 4.9986115 8.798416
-0.30389404 4.967499 8.8989105
-0.30867004 4.9483643 8.803192
-0.447464 4.989029 8.666809
-0.5024872 5.0608215 8.516052
-0.31585693 5.127823 8.429916
-0.17945862 5.1756744 8.5902405
-0.122039795 5.2331085 8.851059
-0.098098755 5.28096 8.975479
-0.17945862 5.2833557 8.985046
-0.2416687 5.30011 8.791229
-0.2536316 5.2857513 8.633301
-0.2368927 5.3120728 8.559128
-0.1986084 5.36232 8.587845
-0.16749573 5.3168488 8.5950165
-0.20100403 5.276169 8.5902405
-0.29431152 5.2331085 8.496918
-0.3062744 5.2139587 8.310272
-0.25125122 5.21875 8.166702
-0.21774292 5.271393 8.063812
-0.17228699 5.3072815 8.051849
-0.16270447 5.247467 8.231308
-0.18664551 5.2618103 8.494522
-0.25125122 5.264206 8.489731
-0.25842285 5.374283 8.413162
-0.24645996 5.3934174 8.353348
-0.2368927 5.391037 8.324631
-0.21057129 5.4221344 8.3437805
-0.28474426 5.403 8.472992
-0.39959717 5.333603 8.712265
-0.35891724 5.417343 8.650055
-0.31825256 5.474777 8.499313
-0.32781982 5.4604187 8.494522
-0.34695435 5.4053802 8.635696
-0.36610413 5.412567 8.760132
-0.3397827 5.3982086 8.740982
-0.33259583 5.379059 8.621338
-0.45463562 5.403 8.489731
-0.44506836 5.474777 8.362915
-0.34934998 5.477173 8.212173
-0.34217834 5.4723816 8.128418
-0.35414124 5.5322113 8.243271
-0.33021545 5.52742 8.365311
-0.33499146 5.4795685 8.293518
-0.38046265 5.515457 8.102097
-0.3397827 5.5130615 8.025528
-0.3397827 5.4963074 8.097305
-0.33021545 5.5130615 8.212173
-0.20578003 5.5752716 8.252853
-0.19381714 5.637497 8.377274
-0.3756714 5.544174 8.568695
-0.7465668 5.2331085 8.221741
-0.79441833 5.3120728 8.465805
-0.5886383 5.900696 9.415756
0.0023956299 5.6159515 9.061615
0.14356995 5.5920258 8.554337
-0.7920227 5.0416718 7.635498
-1.1533356 5.5992126 7.5924225
-0.30389404 5.4604187 8.487335
0.24406433 5.2043915 9.092728
-0.07417297 5.60878 8.815155
-0.3900299 5.7260284 8.441879
-0.35414124 5.6279144 8.532806
-0.32302856 5.5082703 8.843872
-0.46180725 5.481964 8.953949
-0.5096741 5.458023 8.894119
-0.46420288 5.5322113 8.793625
-0.4019928 5.613556 8.729019
-0.4355011 5.5992126 8.669189
-0.5694885 5.5992126 8.726624
-0.67477417 5.6111755 8.913269
-0.72024536 5.6781616 9.171692
-0.6006012 5.7355957 9.343979
-0.5766754 5.71167 9.561722
-0.5024872 5.5704956 9.973282
-0.39959717 5.3814545 10.085754
-0.28474426 4.833496 9.693329
-0.66041565 4.589432 9.006592
-1.146164 4.8382874 9.202789
-1.0169525 4.7569275 9.973282
-0.9451599 4.445862 10.372879
-1.2658081 4.7282104 9.731613
0.94277954 4.874176 6.47258
1.8137665 6.8243256 6.726227
1.2610168 6.2285156 6.580261
-0.047851562 5.2331085 6.0155487
-0.5479584 3.1130676 4.455429
-2.210968 3.0197449 4.364502
-6.0442657 4.520035 6.455841
-7.1066895 6.151947 8.090134
-6.898514 5.079956 8.484955
-6.2596283 4.8263245 9.413361
-3.735199 4.055832 10.384857
1.2442627 2.8402863 8.851059
1.2442627 2.8402863 8.851059
1.2442627 2.8402863 8.851059
-0.0382843 2.732605 9.446869
-0.27757263 2.3330078 11.150558
-0.5240326 2.0626068 11.830109
-0.6125641 2.6440735 11.440079
-0.99302673 3.431305 10.351349
-1.1676941 3.9266205 9.267395
-0.55752563 3.8237305 8.664413
0.16270447 3.282959 8.673981
0.3134613 3.225525 9.140579
-0.007171631 3.4911346 9.525833
-0.095718384 3.5868378 9.566513
-0.011962891 3.3762665 9.554535
0.086135864 3.213562 9.516251
0.14356995 3.2207336 9.61676
0.07417297 3.180069 9.88475
-0.20578003 3.4337006 9.853638
-0.1651001 3.5461578 9.379868
0.04547119 3.402588 9.260223
0.22970581 3.1920319 9.379868
0.46420288 3.012558 9.367905
0.6412811 3.2398834 9.456436
0.38763428 3.3523407 9.664612
0.3062744 3.5126648 9.506683
0.43070984 3.6083832 9.3703
0.5240326 3.6562347 9.308075
0.48812866 3.6442719 9.449265
0.1603241 3.3834534 9.657425
0.105285645 3.378662 9.774673
0.25125122 3.3666992 9.193222
0.62213135 3.3116608 8.690735
0.87815857 3.345169 8.539978
0.9499512 3.4145508 8.841476
0.91166687 3.385849 9.633499
0.64367676 3.3834534 10.203003
0.5359955 3.488739 10.114456
0.77049255 3.550949 8.652451
0.18664551 3.9840546 10.839493
