0.8901367 4.697113 8.997009
0.8901367 4.697113 8.997009
0.8901367 4.697113 8.997009
0.9140625 4.0989075 9.202789
1.0001984 4.2257233 8.257629
0.8111725 4.5056915 8.456238
0.67237854 4.474579 8.688339
0.9188385 4.137192 8.678772
0.87338257 3.8739777 9.518646
0.69392395 3.9481506 9.755539
0.65563965 3.9577332 9.401398
0.9571228 4.0749817 8.817551
1.2753754 4.1563263 8.604584
0.48335266 3.8644104 9.377472
-0.35414124 3.4695892 9.990036
-0.447464 2.4646149 9.087936
1.0815582 2.892929 8.8007965
1.6390839 3.448059 9.245865
-0.059814453 3.3308105 10.360916
-1.0863342 3.172882 10.9782715
-0.4857483 2.8618164 9.657425
0.74417114 2.6153564 8.547165
0.28474426 2.273178 9.559326
-0.5240326 1.8496552 10.449463
-0.6125641 1.9621124 10.02832
0.24645996 2.1870422 9.353546
-0.46899414 2.778061 9.497116
-0.6029968 2.6368866 9.793823
-0.009567261 2.3569336 9.86322
0.13160706 2.8857422 9.958923
0.22253418 3.2111664 10.650452
0.08375549 2.8737793 10.774887
0.27757263 2.4789581 10.001999
0.5623169 2.8187408 9.3703
0.38523865 3.4241333 8.659622
0.39720154 3.4815521 7.6043854
0.7992096 3.5246277 8.315063
1.4524384 3.562912 9.707687
1.421341 3.4624176 9.961319
1.2299042 3.098709 9.753143
1.1605225 2.926422 9.128616
0.6006012 3.1465607 9.035294
0.052642822 3.4648132 9.188446
0.43788147 3.637085 9.324829
0.87815857 3.7328033 9.341583
0.8446655 3.6562347 9.559326
0.45942688 3.5246277 9.475586
0.17945862 3.6873474 9.554535
0.5096741 4.340576 10.54039
0.38763428 3.8596191 10.061813
0.06939697 3.2494507 9.056839
0.13639832 3.8189392 9.119049
0.122039795 4.512863 9.3703
0.39482117 4.409973 9.343979
0.42591858 4.2017975 9.32962
0.2536316 4.019943 9.281754
0.17706299 3.7519531 9.037689
0.22013855 3.907486 9.231506
0.22970581 4.266403 9.655045
-0.0047912598 4.237686 9.765106
0.01914978 3.9936218 9.43251
-0.088531494 4.0414734 9.336792
0.01914978 4.1036835 9.681366
-0.057434082 3.7591248 9.336792
-0.41874695 3.7016907 8.750549
0.026321411 4.0821533 8.858231
-0.035888672 3.9361877 8.977875
-0.69392395 3.4624176 8.528015
-0.64367676 3.7830505 8.322235
-0.5096741 4.307083 9.140579
-0.9714813 4.2113647 8.867798
-1.1078796 4.249649 7.975281
-1.036087 4.512863 7.8173523
-1.1102753 4.4147644 7.7695007
-0.8183441 4.2927246 8.078171
-0.5120697 3.969696 9.506683
-0.19621277 3.7256317 10.380066
-0.22492981 3.8404846 9.396622
-0.5647125 4.1228333 8.896515
-0.8685913 4.3046875 9.023331
-0.8279114 4.307083 8.855835
-0.48095703 4.249649 9.310471
0.15074158 4.0773773 10.1766815
0.29431152 3.6131592 9.667007
-0.04307556 3.6059875 8.874985
-0.5670929 4.2137604 8.791229
-0.7346039 4.730606 8.886948
-0.5264282 4.5966187 8.633301
-0.1531372 4.4195404 9.377472
0.009567261 4.261612 10.13121
0.4355011 4.0486603 9.59761
0.6053772 3.6825562 9.688538
0.53359985 3.4576263 9.566513
0.36610413 3.8572235 9.176468
-0.023925781 4.4578247 9.162125
-0.16989136 4.6588287 9.291336
-0.086135864 4.3836517 9.468399
-0.007171631 4.3573303 9.631119
0.26560974 4.2831573 10.777267
0.4402771 3.9218292 11.394623
0.29431152 3.5772705 10.317856
-0.21057129 3.5844421 9.659821
-0.35891724 3.5844421 9.305695
0.13877869 3.2638092 8.489731
0.39959717 2.8546448 7.932205
0.4905243 2.806778 9.734009
-0.04547119 2.9024963 9.198013
-0.5766754 2.8857422 8.126022
-1.1437683 3.041275 8.580658
-1.2634125 3.0341034 8.786438
-0.81355286 2.7421722 8.932404
-0.6699829 2.6033936 10.691132
-1.1988068 2.8666077 10.255646
-1.6390839 3.2207336 8.444275
-1.6869354 3.8141632 8.252853
-1.2849426 3.723236 8.73381
-0.7298126 3.3547363 9.552155
-0.279953 2.9934235 10.791626
-0.16749573 2.9647064 9.712463
-0.105285645 3.4097748 9.745972
-0.22492981 3.4360962 10.48056
-0.41874695 3.1633148 11.018951
-0.23449707 2.9647064 10.650452
-0.21296692 2.979065 9.994827
-0.37088013 3.1944122 9.784256
-0.550354 3.1752777 10.009171
-0.5862427 2.9862366 10.004395
-0.3517456 2.6416779 9.887146
-0.16989136 2.4311066 9.67897
-0.21057129 2.6440735 9.710068
-0.17945862 2.7230377 10.030716
-0.27038574 2.5459595 11.066803
-0.059814453 2.1678925 10.765305
0.31106567 2.1032867 9.997208
0.06460571 2.3904266 9.554535
-0.18424988 2.7158508 9.133408
0.18185425 2.4095764 9.47319
0.35891724 1.9262238 10.25325
0.54556274 1.6534424 10.327423
0.82073975 1.627121 10.00679
0.53359985 1.9956207 9.198013
0.028717041 2.3976135 9.396622
0.021530151 1.8640137 9.923035
-0.33738708 1.8759766 10.447067
0.07417297 1.4811554 10.214966
0.112457275 1.3591309 9.71965
-0.107681274 1.3950195 9.430115
-0.28474426 1.6151581 9.372681
-0.07896423 1.7563324 9.537796
0.29670715 1.5170441 10.569092
0.19142151 1.031311 11.413757
0.5288086 0.89730835 10.9782715
0.99780273 0.9020996 10.203003
0.78245544 0.91166687 10.523636
0.69392395 0.9882355 10.195816
0.40438843 1.208374 9.566513
0.19621277 1.3280182 9.506683
0.090927124 1.1868439 9.956543
0.27278137 0.8805542 9.6957245
0.31585693 0.7848511 9.475586
-0.5766754 1.3950195 9.887146
0.36131287 1.5050812 10.29393
0.13160706 0.94277954 10.619354
0.18185425 0.6053772 10.040283
0.098098755 0.8757782 9.76033
0.07896423 1.2705841 10.466202
0.19142151 1.2227325 10.983063
-0.01675415 1.2610168 11.038086
-0.27038574 1.3782654 10.863419
-0.3134613 1.4763641 10.004395
-0.093322754 1.3543396 9.516251
-0.23449707 1.4524384 9.856033
-0.23928833 1.4955139 10.107285
0.04307556 1.3734741 10.281952
-0.0023956299 1.3208313 10.119247
0.0047912598 1.2658081 9.791428
0.18664551 1.1988068 9.592819
0.29670715 1.1102753 9.6263275
0.275177 1.0408783 9.887146
0.19142151 1.1222382 10.17189
0.26560974 1.1102753 10.183853
0.25602722 1.1006927 10.1814575
0.21057129 1.2012024 10.27478
0.21534729 1.1246338 10.523636
0.29431152 1.0815582 10.214966
0.36131287 1.1222382 9.762711
0.34217834 1.1222382 9.707687
0.279953 1.1868439 9.908676
0.31106567 1.1198425 10.059433
0.48335266 0.9643097 10.39682
0.4402771 0.9786682 10.341782
0.31585693 1.1198425 9.961319
0.2416687 1.2993011 9.5354
0.2871399 1.2514496 9.403793
0.38285828 1.1102753 10.018753
0.31585693 1.036087 10.549957
0.25842285 1.0241241 10.329819
0.44506836 1.0887299 9.968506
0.5790558 1.0097656 10.059433
0.47616577 0.9786682 10.19104
0.28234863 1.1509552 10.013962
0.35414124 1.146164 9.827316
0.38046265 1.1700897 9.915863
0.36131287 1.2012024 10.035492
0.40678406 1.1892395 10.258026
0.41156006 1.1916199 10.167099
0.43070984 1.2227325 10.085754
0.4139557 1.3543396 10.183853
0.47616577 1.2227325 10.363312
0.43070984 1.174881 10.236496
0.29193115 1.2705841 9.944565
0.275177 1.2418823 9.911072
0.25842285 1.1844482 10.21257
0.21534729 1.1365967 10.303497
0.3254242 1.1102753 9.915863
0.35653687 1.1102753 9.899109
0.29910278 1.134201 10.085754
0.31106567 1.1700897 10.033112
0.31825256 1.1724854 10.116852
0.2871399 1.2370911 10.119247
0.3397827 1.2849426 9.944565
0.4019928 1.208374 10.114456
0.35653687 1.1270142 10.325027
0.28474426 1.2012024 10.195816
0.3014984 1.2346954 10.030716
0.38285828 1.2131653 10.030716
0.33499146 1.2418823 10.133606
0.30867004 1.3160553 9.997208
0.28953552 1.2897339 9.810577
0.2679901 1.3399811 9.899109
0.34457397 1.2394867 10.286743
0.38763428 1.1892395 10.403992
0.275177 1.277771 10.112076
0.14596558 1.3591309 10.040283
0.16749573 1.3734741 10.097717
0.22492981 1.3304138 9.968506
0.27757263 1.3663025 9.824936
0.3900299 1.3136597 9.753143
0.5670929 1.208374 9.92543
0.48335266 1.2873383 10.124039
0.45703125 1.3830566 10.057037
0.5144501 1.3734741 10.071396
0.5144501 1.2394867 10.322632
0.46420288 1.3591309 10.119247
0.43070984 1.4811554 9.860825
0.42352295 1.4931183 9.812973
0.49771118 1.3758698 9.992432
0.47138977 1.3208313 10.133606
0.4019928 1.3160553 10.15036
0.3134613 1.4596252 10.030716
0.25602722 1.4811554 9.913467
0.2871399 1.4644012 9.956543
0.33738708 1.2394867 10.112076
0.49771118 1.1820526 10.023529
0.3900299 1.4069824 10.128815
0.32302856 1.4452667 10.370499
0.4665985 1.3734741 10.284348
0.45942688 1.409378 9.896713
0.31825256 1.5218353 9.753143
0.44984436 1.4309082 9.937393
0.4857483 1.3328094 9.997208
0.43788147 1.5003052 9.6957245
0.43070984 1.5696869 9.6957245
0.47616577 1.4644012 9.858429
0.46180725 1.4931183 9.824936
0.4091797 1.4931183 9.973282
0.3517456 1.5481567 9.9756775
0.32302856 1.5792694 9.982849
0.34934998 1.4811554 10.112076
0.31825256 1.5098724 10.061813
0.23210144 1.557724 9.920639
0.28474426 1.5888367 9.736389
0.31585693 1.5266266 9.757935
0.42352295 1.4883423 10.040283
0.4665985 1.3399811 10.231705
0.42352295 1.4333038 10.095322
0.3254242 1.4979095 10.025925
0.42591858 1.5218353 9.8033905
0.36849976 1.4572296 9.851257
0.32781982 1.5026855 10.121643
0.3062744 1.483551 10.167099
0.31585693 1.4763641 10.040283
0.3062744 1.5026855 9.942184
0.33021545 1.483551 9.911072
0.36849976 1.4428711 10.02832
0.43310547 1.4021912 10.344177
0.3397827 1.421341 10.6289215
0.40678406 1.4021912 10.265213
0.4905243 1.385437 9.858429
0.5431671 1.3567352 9.937393
0.54556274 1.2969055 10.021149
0.38763428 1.380661 9.88475
0.30867004 1.4715881 9.784256
0.41635132 1.4117584 10.035492
0.42591858 1.3710938 10.198212
0.27757263 1.4907227 10.19342
0.2536316 1.4763641 10.112076
0.39242554 1.3734741 9.956543
0.44506836 1.3567352 9.856033
0.42114258 1.3256226 10.061813
0.37088013 1.2586212 10.085754
0.26081848 1.3734741 9.731613
0.33021545 1.3375854 9.968506
0.33021545 1.3256226 10.380066
0.34457397 1.2538452 10.485352
0.4091797 1.134201 10.554749
0.46180725 1.1868439 10.504486
0.38763428 1.306488 10.09053
0.46180725 1.3447723 9.731613
0.5694885 1.3758698 9.604797
0.59580994 1.3902283 9.743576
0.4091797 1.5218353 10.238892
0.29193115 1.4237366 10.872986
0.40678406 1.380661 10.408783
0.4737854 1.5314026 9.810577
0.2679901 1.6797638 9.954147
0.22492981 1.6869354 9.655045
0.37088013 1.6031952 9.487549
0.4857483 1.409378 9.777069
0.43070984 1.4333038 10.016357
0.3637085 1.4979095 10.100098
0.39959717 1.4715881 9.875183
0.43310547 1.4883423 9.769897
0.41874695 1.4907227 9.889542
0.34695435 1.5744781 9.846466
0.2416687 1.6917267 9.722046
0.275177 1.6462555 9.743576
0.31825256 1.4955139 9.870392
0.38285828 1.5074768 9.875183
0.4283142 1.4333038 9.956543
0.5096741 1.2203369 10.155136
0.7513428 1.0695953 10.107285
0.8279114 0.90448 10.042679
0.6412811 0.9786682 10.104889
0.5240326 1.0265198 10.102493
0.59580994 0.95951843 10.100098
0.5766754 0.9308014 10.358536
0.39482117 0.96191406 10.473389
0.31825256 1.0887299 10.0785675
0.34695435 1.1174469 9.891922
0.35653687 1.0671997 10.092926
0.3756714 1.0480499 10.1766815
0.4905243 0.9667053 10.19104
0.5359955 0.8542328 10.186249
0.54556274 0.8901367 10.013962
0.49531555 0.93559265 9.932602
0.4665985 0.9523468 9.932602
0.39242554 0.95474243 9.915863
0.3014984 1.0480499 9.784256
0.3397827 0.9643097 9.954147
0.4283142 0.8183441 10.205383
0.3900299 0.8374939 10.269989
0.26560974 0.933197 10.17189
0.30389404 0.9571228 9.973282
0.4019928 0.8614197 9.774673
0.48812866 0.78723145 9.815353
0.6053772 0.64845276 10.09053
0.6197357 0.6149597 10.269989
0.6795654 0.653244 10.468597
0.65802 0.62213135 10.593033
0.62931824 0.72024536 10.301102
0.55752563 0.74417114 10.133606
0.5862427 0.7298126 10.107285
0.4091797 0.65563965 10.198212
0.4402771 0.62931824 10.203003
0.447464 0.53359985 10.1814575
0.550354 0.4857483 10.104889
0.6077728 0.49291992 10.040283
0.69869995 0.447464 10.018753
0.8063812 0.38763428 10.061813
0.69869995 0.48095703 10.21257
0.624527 0.5312042 10.119247
0.6029968 0.55992126 9.963715
0.55992126 0.59103394 10.071396
0.5359955 0.6412811 10.159927
0.6628113 0.550354 10.179062
0.8231354 0.38046265 10.179062
0.825531 0.2632141 10.25325
0.77526855 0.24645996 10.313065
0.77526855 0.22253418 10.095322
0.66760254 0.21774292 9.800995
0.6125641 0.27038574 9.6957245
0.83987427 0.1531372 10.042679
0.9403839 -0.15553284 10.640884
0.8877411 -0.30867004 10.784454
0.825531 -0.31585693 10.13121
0.7920227 -0.23928833 9.444473
0.83509827 -0.27038574 9.339188
0.8638153 -0.35414124 9.717255
0.71784973 -0.28234863 9.834503
0.61735535 -0.15074158 9.501892
0.6915283 -0.119644165 9.530609
0.78245544 -0.22492981 10.02832
1.0097656 -0.25602722 10.645676
1.0863342 -0.3014984 11.327621
1.0049896 -0.30389404 10.815552
1.0839539 -0.45942688 9.958923
1.0337067 -0.55752563 10.226929
0.8542328 -0.37088013 10.097717
0.8039856 -0.32063293 10.045074
0.7010956 -0.41156006 10.320251
0.825531 -0.5647125 10.317856
0.9882355 -0.6316986 10.195816
1.0193481 -0.69869995 10.17189
0.9523468 -0.6197357 10.183853
1.0576324 -0.5383911 10.126419
0.9379883 -0.42352295 10.112076
0.79441833 -0.39482117 10.114456
0.8183441 -0.41635132 9.913467
0.8063812 -0.33499146 9.78186
0.74894714 -0.25602722 9.932602
0.653244 -0.37806702 10.325027
0.5048828 -0.57188416 10.738983
0.5288086 -0.75852966 11.105087
0.83987427 -0.90448 10.87059
0.8949127 -0.9667053 10.54039
0.75613403 -0.7346039 9.911072
0.624527 -0.64845276 9.39183
0.9068756 -0.9140625 9.353546
1.2346954 -1.1652985 9.059235
1.4165497 -1.2538452 8.690735
1.3567352 -0.5024872 9.343979
1.0504456 -0.0382843 9.580856
1.3423767 -0.43310547 9.099899
1.385437 -0.6412811 9.7005005
1.4237366 -0.91645813 10.370499
1.4404755 -1.1964111 10.514069
1.5194397 -1.1629181 10.401596
0.87098694 -1.0935211 9.9039
0.7346039 -0.87815857 9.769897
0.8542328 -1.0241241 10.906479
1.2442627 -1.4931183 10.975876
1.2681885 -1.804184 9.71965
1.002594 -1.8185425 9.128616
1.0576324 -1.8424683 9.530609
1.1964111 -1.9860382 10.033112
1.0193481 -1.7970123 10.155136
0.91645813 -1.7395782 9.879959
0.78723145 -1.5673065 9.800995
0.8877411 -1.2562256 9.951752
0.80158997 -1.076767 10.226929
0.63409424 -1.0456696 9.973282
0.5240326 -0.99302673 9.734009
0.2536316 -0.8925171 9.9062805
-0.047851562 -0.5766754 10.765305
-0.110076904 -0.35891724 10.794022
0.095718384 -0.5934143 9.891922
0.2632141 -0.69869995 9.865616
0.36849976 -0.9762726 10.092926
0.5623169 -1.1605225 10.217346
0.6795654 -1.2897339 10.3992
0.6125641 -1.2753754 10.669601
0.39482117 -1.0408783 10.329819
0.275177 -0.6412811 9.789032
0.3134613 -0.5359955 9.683746
0.46180725 -0.65802 9.734009
0.48095703 -0.7082825 9.796219
0.27038574 -0.48335266 10.217346
0.102890015 -0.45463562 10.13121
0.24885559 -0.41156006 9.973282
0.33259583 -0.4283142 10.179062
0.4785614 -0.5240326 10.387238
0.5647125 -0.7346039 10.490128
0.63648987 -0.830307 10.207779
0.63648987 -0.76330566 9.839294
0.5120697 -0.7130585 9.944565
0.46420288 -0.72024536 10.384857
0.40678406 -0.7848511 10.258026
0.36610413 -0.5814514 10.018753
0.15792847 -0.45463562 10.001999
0.25602722 -0.49531555 9.889542
0.29670715 -0.550354 10.042679
0.21534729 -0.55752563 10.291534
0.34217834 -0.5766754 10.432709
0.5144501 -0.63409424 10.289139
0.55752563 -0.65802 10.138397
0.5383911 -0.72024536 9.999603
0.5144501 -0.74894714 10.138397
0.3756714 -0.71784973 10.332214
0.5048828 -0.66041565 10.188644
0.5479584 -0.59580994 10.045074
0.46420288 -0.62213135 10.248459
0.47616577 -0.6412811 10.444672
0.54556274 -0.6628113 10.207779
0.6460571 -0.62213135 9.915863
0.75852966 -0.5814514 9.887146
0.7417755 -0.6915283 10.00679
0.77526855 -0.67237854 9.887146
0.6891327 -0.5623169 9.848862
0.68196106 -0.6628113 10.226929
0.6628113 -0.5694885 10.394424
0.7154541 -0.5431671 10.246063
0.7657013 -0.5814514 10.059433
0.9068756 -0.54556274 9.870392
0.8183441 -0.4905243 9.57608
0.32063293 -0.21296692 10.04747
-0.46420288 0.24645996 11.069199
-0.40438843 -0.04307556 10.502106
0.46420288 -0.22253418 9.219543
0.8279114 -0.36610413 9.39183
1.0671997 -1.0576324 9.879959
1.282547 -1.2035828 10.04985
0.9714813 -0.85902405 10.420746
0.64367676 -0.49771118 10.509277
0.7154541 -0.4355011 10.322632
0.77049255 -0.49771118 10.258026
0.73220825 -0.6077728 10.205383
0.624527 -0.5096741 9.894318
0.5264282 -0.36131287 9.992432
0.42591858 -0.36849976 10.186249
0.5144501 -0.36610413 10.29393
0.5024872 -0.37327576 10.334595
0.66760254 -0.55752563 10.246063
0.71066284 -0.59103394 10.069
0.68196106 -0.53359985 9.9015045
0.624527 -0.45703125 9.76033
0.5288086 -0.3014984 10.121643
0.41874695 -0.34217834 10.408783
0.52163696 -0.31825256 10.31546
0.55752563 -0.2679901 10.317856
0.6316986 -0.22492981 10.35614
0.68673706 -0.26560974 10.248459
0.7393799 -0.27757263 10.358536
0.6771698 -0.25602722 10.68396
0.61735535 -0.17945862 10.6289215
0.6412811 -0.1531372 10.3992
0.6652069 -0.098098755 10.322632
0.6077728 -0.03111267 10.365707
0.47138977 0.117248535 10.262817
0.3062744 0.3134613 10.392029
0.25842285 0.41874695 10.636093
0.36131287 0.4355011 10.710281
0.5312042 0.45224 10.667206
0.624527 0.5479584 10.667206
0.69869995 0.5670929 10.839493
0.6628113 0.5120697 10.880173
0.5001068 0.7346039 10.490128
0.30867004 0.9499512 10.195816
0.2416687 0.9690857 10.219742
0.3254242 1.0001984 10.279572
0.38763428 0.9690857 10.231705
0.39242554 0.9834442 10.088135
0.49771118 1.0073853 10.066605
0.6077728 0.9523468 10.157532
0.6508484 1.031311 10.09053
0.7010956 1.1246338 10.188644
0.6628113 1.1557312 10.200607
0.6771698 1.2299042 10.124039
0.7154541 1.1940155 10.164719
0.7800598 1.1533356 9.990036
0.825531 1.249054 9.808182
0.8279114 1.306488 9.729218
0.81355286 1.4715881 9.600006
0.8925171 1.4859467 9.549759
1.0169525 1.409378 9.501892
1.134201 1.3758698 9.578476
1.179657 1.421341 9.846466
1.1916199 1.5816498 10.504486
1.0528412 1.5840454 10.74617
1.1437683 1.6079712 10.224533
1.2370911 1.6701965 10.085754
1.0983124 1.7036896 10.069
1.0911255 1.8161469 9.791428
1.2753754 1.8305054 9.805786
1.1772614 1.9836426 10.112076
0.95474243 2.1918182 10.334595
0.8877411 2.321045 10.272385
0.9906311 2.5052795 9.812973
1.2227325 2.5866394 9.815353
1.3375854 2.2564392 10.229324
1.5194397 2.0937195 10.013962
1.5050812 2.1966095 9.812973
1.4667969 2.285141 9.757935
1.5409851 2.2588196 9.707687
1.2251282 2.4693909 9.497116
0.7537384 2.904892 9.434906
0.5431671 3.0173492 9.360718
1.1102753 2.995819 9.300903
1.4907227 2.8163452 9.320038
1.5314026 2.8522491 9.107086
1.2801666 3.0915222 8.970688
1.1820526 3.1585236 9.521042
0.6795654 3.460022 9.454041
0.27278137 3.7495575 9.568893
0.40678406 3.780655 9.444473
0.94277954 3.596405 9.3511505
0.68196106 3.1298065 8.772095
0.29431152 3.4121704 8.803192
-0.27757263 4.0701904 9.745972
-0.83987427 4.381256 10.451843
-1.4476624 4.1802673 9.856033
-2.1272125 4.4291077 8.602203
-2.0027924 4.675583 8.195419
-1.2442627 3.8045807 9.095123
-0.4665985 2.9934235 9.6263275
-0.35414124 2.8618164 9.954147
-1.385437 3.328415 9.767502
-2.868988 4.261612 9.114258
-3.2279205 5.6279144 9.0759735
-2.5076752 5.28096 10.963913
-1.5912323 3.151352 11.717651
-0.3134613 2.555542 10.262817
-0.51924133 3.603592 8.334198
-1.3830566 4.4937286 6.924835
-2.0817566 5.5010986 6.8362885
-2.3330078 5.252243 6.994217
-1.7970123 4.2352905 7.3698883
-1.105484 3.529419 7.759918
-0.50727844 3.3475647 8.762512
-0.550354 2.9312134 9.107086
-1.0935211 3.2781677 8.903687
-1.6534424 4.240082 8.1427765
-1.6749725 4.864609 7.073181
-1.6247253 5.139786 7.2335052
-1.2035828 4.730606 8.140381
-0.29670715 4.496109 9.008972
0.6412811 4.1683044 9.980469
1.1892395 3.8356934 10.681564
1.2466583 4.084549 10.913666
0.9690857 4.433899 10.262817
0.41874695 5.0943146 8.985046
-0.18424988 5.9437714 8.415558
-0.5288086 6.1256256 8.015961
-0.13639832 5.6398773 8.528015
0.68434143 4.8047943 10.0785675
1.2442627 4.2137604 11.274979
0.7800598 4.0247345 11.294128
-0.095718384 4.687546 9.834503
-0.46180725 5.5298157 7.9369965
-0.2536316 5.860016 6.489334
0.27038574 5.7379913 5.8336945
0.83987427 5.493927 6.417557
0.9786682 5.190033 7.6091766
0.933197 5.28096 8.185852
0.8494568 5.3312073 8.221741
1.0337067 5.453247 8.097305
1.5003052 5.2857513 8.315063
1.832901 5.144562 8.6237335
1.8089752 5.1421814 8.705093
1.6821594 5.414963 8.054245
1.6079712 5.8097687 7.511078
1.421341 5.970093 7.4273224
1.2514496 6.0012054 7.3411865
1.0504456 6.0873413 7.331604
1.0289154 6.1327972 7.511078
1.0983124 6.0394897 8.137985
1.1246338 5.950943 9.372681
0.7537384 5.852844 10.430313
-0.23449707 5.65184 9.937393
-0.27757263 5.9126587 9.932602
0.39720154 5.556137 10.284348
1.4524384 4.4865417 9.829712
1.5266266 3.8931274 8.276779
1.2346954 4.1563263 7.5373993
0.4019928 4.697113 8.709869
-0.1268158 4.5702972 10.4375
-0.59580994 4.3860474 11.286942
-1.0265198 4.4985046 10.406387
-1.3184509 4.965103 9.202789
-1.2658081 5.1134644 9.224335
-0.830307 4.778473 9.631119
-0.550354 4.342972 9.363113
-0.47138977 4.340576 8.525635
-0.62213135 4.584656 7.9202423
-0.7298126 4.6947174 7.755142
-0.6795654 4.584656 7.7192535
-0.6077728 4.5631104 7.5684967
-0.5790558 4.8023987 7.7479553
-0.33499146 4.960327 7.963318
-0.0143585205 4.8071747 7.8843536
-0.011962891 4.9004974 7.8436737
-0.27278137 5.1972046 7.9417725
-0.47616577 5.510666 7.996811
-0.53359985 5.642273 8.118851
-0.23449707 5.4221344 8.27916
-0.24885559 5.412567 8.482559
-0.3397827 5.5322113 8.315063
-0.4402771 5.8289185 8.193024
-0.39482117 5.946167 8.3437805
-0.39242554 5.8672028 8.425125
-0.45463562 5.900696 8.171494
-0.5742798 5.8911285 8.386841
-0.45463562 5.790634 9.224335
-0.20817566 5.659027 9.767502
-0.4737854 5.580063 9.030518
-0.27278137 5.8217316 8.551941
-0.011962891 6.094513 8.322235
0.13400269 5.7643127 8.863022
0.41874695 5.17807 9.547363
0.67477417 4.977066 10.071396
0.62931824 4.749756 10.291534
0.33259583 4.8670044 8.965912
0.23449707 5.419739 6.467804
0.39959717 5.749954 5.309677
1.0265198 5.477173 6.3146667
1.1437683 4.5966187 8.248062
0.75613403 4.3214417 9.690933
-0.04307556 4.709076 10.061813
-0.72262573 5.2953186 9.860825
-0.8279114 5.4676056 8.671585
-0.23928833 5.350357 7.1904297
0.062210083 5.52742 6.455841
0.047851562 5.8121643 6.4055786
-0.021530151 5.922241 6.587448
-0.102890015 6.0107727 7.216751
-0.24645996 5.8695984 7.9944153
-0.34457397 5.8695984 8.401199
-0.22492981 5.996414 8.535202
-0.08375549 5.8672028 8.542374
0.22492981 5.71167 8.118851
0.45463562 5.5992126 7.831711
0.3900299 5.620743 8.338989
0.08135986 5.8002014 9.126221
0.100494385 5.962921 9.293716
0.33738708 6.0059814 9.004196
0.46180725 6.4917297 8.425125
-0.6508484 6.5036926 7.1234283
-0.91645813 7.3339996 7.944168
-0.8231354 6.9104767 9.990036
0.0143585205 5.75235 11.60997
0.7513428 4.864609 11.81337
0.9379883 5.022537 9.879959
0.5431671 5.1756744 7.5517426
-0.117248535 5.2450714 6.278763
-0.7896271 5.309677 6.8410797
-0.9260254 5.0608215 8.695511
-0.45224 4.5391846 9.992432
0.107681274 4.194626 9.592819
0.34695435 4.7042847 8.350952
0.15074158 4.99382 7.479965
-0.04067993 5.544174 6.7860413
-0.36131287 5.7379913 6.9224396
-0.20817566 5.3527374 7.1186523
0.13400269 5.017746 7.4368896
0.21774292 4.9411774 7.590027
0.059814453 5.201996 7.511078
-0.24645996 5.4317017 7.590027
-0.43788147 5.5345917 7.968094
-0.4283142 5.551346 8.695511
-0.45942688 5.5202484 8.807983
-0.47616577 5.6853485 8.657227
-0.27757263 5.781067 8.5902405
-0.32781982 5.9892426 8.262421
-0.28474426 6.111267 7.9082794
-0.01914978 6.1256256 8.097305
-0.086135864 6.027527 7.9872437
0.27278137 6.171097 9.102295
0.61735535 6.273987 9.853638
0.6652069 6.0227356 9.690933
0.6053772 5.7188416 10.00679
0.6197357 5.6853485 11.07637
0.5886383 5.3982086 11.040482
0.91166687 5.1062775 8.930008
1.2945099 4.9004974 6.008377
1.3902283 5.333603 4.646866
1.4021912 5.819351 5.1015015
0.89730835 5.4676056 7.1114655
0.48335266 5.1876373 9.451645
0.27757263 4.82872 11.521439
0.39720154 4.244873 11.715256
0.7298126 4.359726 9.138184
1.0121613 4.984253 6.8410797
0.87338257 5.235489 6.20459
0.90927124 5.252243 6.41037
0.9643097 5.252243 6.826721
0.9786682 5.338394 7.2215424
0.3756714 5.7260284 8.013565
0.3134613 5.860016 8.090134
0.35414124 5.7260284 8.133209
0.44267273 5.5082703 8.257629
0.2416687 5.69252 8.008774
-0.028717041 5.9724884 7.9537354
0.062210083 5.8576355 8.439484
0.37806702 5.7188416 8.853439
0.7657013 5.69014 9.052048
0.2033844 5.77388 7.8795624
-0.31106567 6.2811584 8.559128
-0.93559265 6.3625183 9.808182
-0.7848511 5.79541 11.1362
0.12921143 4.9483643 11.667404
0.91166687 4.754532 10.100098
0.830307 5.1015015 8.149948
0.07417297 5.3120728 7.228714
-0.6628113 5.3359985 7.290924
-0.84706116 4.8694 8.8989105
-0.36131287 4.311859 10.17189
0.110076904 4.1324005 9.920639
0.5623169 4.2305145 9.315262
0.8446655 4.520035 8.946762
0.67477417 4.7736816 8.295914
0.47616577 4.9387817 7.4967194
0.4019928 5.027313 7.010971
0.43310547 5.0392914 7.1904297
0.5670929 4.9172516 7.628311
0.62931824 4.737793 8.367706
0.36610413 4.93161 8.458633
0.026321411 5.247467 8.267197
-0.13400269 5.4340973 8.271988
-0.057434082 5.5202484 8.334198
0.2536316 5.4101715 8.420349
0.36131287 5.3766785 8.518448
0.16749573 5.613556 8.401199
-0.033493042 5.8791656 8.013565
-0.13400269 6.0969086 8.238495
-0.35891724 6.30748 9.336792
-0.653244 6.094513 8.571091
-0.1268158 6.2189484 8.494522
0.29193115 6.2524414 9.128616
0.4283142 6.0107727 9.418152
0.33499146 5.687744 10.277176
0.17228699 5.5872345 11.339584
0.18902588 5.326416 10.715057
0.36610413 5.3288116 8.135605
0.275177 5.5369873 6.151947
0.65802 5.728424 5.5704956
1.0265198 5.477173 6.898514
0.73220825 5.127823 8.377274
0.119644165 5.350357 8.882156
-0.36131287 5.819351 9.102295
-0.36849976 5.9198456 9.219543
-0.088531494 5.728424 8.614166
0.31106567 5.560913 7.475174
0.41874695 5.6781616 6.312271
0.20100403 6.065811 5.79303
-0.16270447 6.336197 6.2165527
-0.20817566 6.18544 7.075577
-0.13400269 6.089737 7.4967194
0.055038452 6.151947 7.4153595
0.04067993 6.324234 7.1617126
-0.13160706 6.5276184 6.9750824
0.052642822 6.4869385 7.183258
0.24645996 6.305084 7.4392853
0.2368927 6.417557 7.1856537
0.047851562 6.604187 7.2430725
0.04547119 6.592224 8.358124
0.4091797 6.5778656 8.511276
0.047851562 7.0588226 6.6879425
-0.5264282 7.3459625 6.427124
-0.9140625 7.561325 8.336594
-0.90448 6.9511566 10.045074
-0.4019928 6.1663055 11.605194
0.38763428 5.6063843 11.554947
0.64845276 5.7355957 8.554337
0.1603241 5.9940186 5.79541
-0.47138977 6.1447754 4.9387817
-0.87098694 5.9772644 7.2382812
-0.77049255 5.3647156 10.454239
-0.27757263 4.7401886 10.724625
-0.0047912598 5.132599 8.707489
-0.105285645 5.7690887 7.130615
-0.2416687 6.111267 6.271591
-0.16989136 6.1375885 6.2309113
0.2033844 5.6159515 6.644867
0.19381714 5.38385 6.8817596
-0.20578003 5.694916 7.044464
-0.45942688 5.8624115 7.1688995
-0.32063293 5.871994 7.405792
-0.2033844 5.757126 7.779068
-0.33738708 5.864807 7.992035
-0.55992126 6.1447754 7.8173523
-0.45942688 6.209381 7.4201508
-0.49531555 6.4079742 7.142578
-0.4905243 6.551544 7.2933197
-0.3254242 6.6065826 7.556534
-0.33738708 6.7860413 7.7934265
-0.38763428 6.8123627 8.255234
-0.18902588 6.805191 8.267197
-0.52163696 6.8602295 7.154541
-0.2679901 7.199997 7.5589294
0.22013855 7.00618 9.085556
0.2368927 6.644867 9.164505
0.23210144 6.4295197 8.810379
0.44984436 6.0681915 9.279373
0.67477417 5.6781616 9.566513
0.6412811 5.367096 8.640488
0.39242554 5.3599243 7.142578
0.33021545 5.2905273 5.9150543
0.5120697 5.601593 5.414963
0.38285828 5.745163 6.520447
0.4019928 5.4556427 8.997009
0.3756714 5.091934 10.645676
-0.01914978 5.0512543 10.4375
-0.13877869 5.2905273 8.437088
-0.17468262 5.5345917 6.7405853
-0.062210083 5.7786713 5.9198456
0.16989136 5.7355957 5.8073883
0.22013855 5.749954 6.2668
0.1531372 5.71167 7.0995026
0.899704 5.201996 7.9944153
0.8494568 5.0536346 8.386841
0.39482117 5.367096 8.013565
0.14356995 5.6853485 8.123627
0.07896423 5.5824585 8.676376
0.40438843 5.3766785 8.949158
0.5862427 5.2570343 9.061615
0.65802 5.419739 8.221741
0.5048828 5.551346 7.3698883
0.19621277 5.8456726 6.9391785
-0.08375549 5.924637 6.829117
0.5240326 5.510666 8.374878
1.2394867 4.536789 11.119446
1.3016968 3.9457703 11.026123
0.70588684 4.5798645 9.142975
0.0382843 5.1134644 8.853439
-0.45703125 5.0943146 9.257828
-0.66041565 4.7688904 8.544769
-0.7537384 4.634903 7.7479553
-0.40678406 4.3836517 7.9609222
0.18902588 4.158722 8.659622
0.35891724 4.019943 9.379868
0.41874695 4.1156616 9.827316
0.17945862 4.2544403 9.466003
-0.2632141 4.43869 8.786438
-0.83987427 4.618149 8.865402
-0.6699829 4.508072 9.040085
-0.13160706 4.0414734 8.573486
0.17228699 3.8811646 8.362915
0.021530151 3.9673004 8.669189
-0.021530151 4.101303 8.496918
-0.17468262 4.0773773 8.719452
-0.3900299 4.197006 9.67897
-0.41635132 3.9864502 10.095322
-0.2871399 3.912262 9.434906
-0.18902588 3.8979034 8.977875
-0.105285645 3.8476562 8.918045
-0.12921143 3.6993103 9.274582
-0.17468262 3.653839 9.516251
-0.22970581 3.6275177 9.911072
-0.21296692 3.4528503 10.2508545
-0.39959717 3.4145508 10.04985
-0.5048828 3.4289093 9.322433
-0.03111267 3.2159576 9.176468
0.15074158 3.1345978 9.820145
-0.1531372 3.2063751 10.143173
-0.6125641 3.3260193 9.772293
-0.62931824 3.4791565 9.052048
-0.39720154 3.2973022 9.28894
-0.2416687 3.1274261 9.865616
-0.5647125 3.4695892 10.064209
-0.58384705 3.5988007 10.470993
-0.43070984 3.4456635 10.516449
-0.34217834 3.426529 9.731613
-0.1603241 3.4671936 9.413361
0.04307556 3.3643036 9.829712
0.30867004 3.1585236 10.236496
0.61735535 2.8211365 10.655243
0.39482117 2.9742737 10.645676
0.122039795 3.397812 9.805786
0.090927124 3.5748749 9.293716
0.07417297 3.448059 9.745972
0.14356995 3.247055 10.454239
0.23928833 3.036499 10.370499
0.2679901 2.8809662 9.810577
0.5024872 2.7421722 9.518646
0.8374939 2.4095764 9.49472
0.7346039 2.4311066 9.487549
0.30389404 2.7708893 9.504288
0.40438843 2.7182465 10.042679
0.43788147 2.3497467 10.432709
0.3756714 2.395218 10.334595
0.18902588 2.428711 10.205383
0.112457275 2.4526367 10.231705
0.26560974 2.244461 10.277176
0.39720154 1.9429779 10.492523
0.47138977 1.799408 10.4279175
0.5407715 1.8257294 10.061813
0.5144501 1.9286194 9.832108
0.27757263 2.0602264 9.846466
0.20817566 2.1918182 9.848862
0.3062744 2.1966095 9.791428
0.6053772 1.9549408 9.664612
0.7154541 1.8711853 9.530609
0.49531555 1.9262238 9.487549
0.30389404 2.0147552 9.74118
0.3254242 1.861618 9.927826
0.49291992 1.6247253 9.867996
0.64367676 1.4931183 9.872787
0.6197357 1.5194397 10.021149
0.38285828 1.5673065 10.169495
0.2632141 1.6797638 10.195816
0.2679901 1.7443695 10.200607
0.28953552 1.8209381 10.291534
0.38046265 1.7778625 10.210175
0.6197357 1.6845398 10.179062
0.7154541 1.660614 10.4231415
0.62213135 1.6486511 10.724625
0.57188416 1.7084808 10.554749
0.5790558 1.7108612 10.054642
0.47616577 1.8209381 9.923035
0.5001068 1.8305054 9.899109
0.6388855 1.6414795 9.640686
0.75613403 1.552948 9.427719
0.279953 1.9094696 10.554749
0.14117432 1.5768738 11.38266
0.653244 1.4380798 10.200607
0.8231354 1.3208313 9.382263
0.6077728 1.6031952 9.779465
0.19621277 1.8305054 10.640884
0.14596558 1.5361938 11.375473
0.6699829 0.90448 9.889542
1.1892395 1.2322998 8.602203
1.0217285 1.6534424 9.396622
0.61016846 1.5936127 10.554749
0.39242554 1.5696869 10.810776
0.624527 1.6342926 9.997208
0.7680969 1.7324066 9.487549
0.825531 1.8185425 9.600006
0.8614197 1.7348022 9.997208
0.8231354 1.7132568 10.126419
0.5742798 1.8209381 10.205383
0.42591858 1.9262238 10.255646
0.59580994 1.8400879 10.10968
0.6963043 1.7348022 10.4566345
0.5240326 1.7060852 10.8059845
0.36849976 1.7850494 10.588242
0.28953552 1.8544312 10.348953
0.20100403 1.8185425 10.461426
0.22013855 1.7395782 10.408783
0.24406433 1.7276154 10.31546
0.21296692 1.6390839 10.329819
0.1651001 1.6821594 10.449463
0.275177 1.6486511 10.41835
0.37088013 1.5960083 10.322632
0.3900299 1.6701965 10.325027
0.4283142 1.6869354 10.490128
0.5024872 1.6438751 10.604996
0.5431671 1.5840454 10.485352
0.45703125 1.7515411 10.298706
0.22970581 1.9597168 10.203003
0.01914978 2.050644 10.564316
0.06939697 1.9549408 10.770096
0.22492981 1.9381866 10.4279175
0.32063293 2.0075836 9.858429
0.48812866 2.0123596 9.643082
0.5288086 1.9597168 9.896713
0.26081848 2.0267181 10.2508545
0.098098755 2.1463623 10.188644
-0.04547119 2.2157593 10.011566
-0.026321411 2.2492523 9.999603
0.071777344 2.0650024 10.076172
0.028717041 1.9669037 10.066605
-0.17945862 2.0769653 10.071396
-0.22253418 2.1152496 10.013962
-0.0765686 2.0482635 9.734009
-0.18902588 2.177475 9.509079
-0.15553284 2.2372894 9.647858
0.112457275 2.1894379 9.963715
0.30867004 2.079361 10.159927
0.117248535 2.2372894 9.865616
-0.3134613 2.6057892 9.470795
-0.5001068 2.7302094 9.6263275
-0.5790558 2.5579224 10.291534
-0.624527 2.4263153 10.631317
-0.66760254 2.411972 10.207779
-0.8638153 2.7445679 9.698105
-0.9308014 2.8905334 9.604797
-0.59820557 2.761322 9.753143
-0.28234863 2.622528 9.724426
-0.2033844 2.8713837 9.521042
-0.2632141 3.069992 9.334396
-0.29910278 3.3188477 9.355942
-0.42352295 3.4456635 9.489929
-0.55274963 3.4337006 9.504288
-0.6077728 3.4217377 9.722046
-0.6149597 3.2973022 9.923035
-0.6077728 3.2805634 9.899109
-0.5264282 3.2494507 9.272186
-0.4139557 3.2039948 8.712265
-0.36610413 3.2662048 8.408386
-0.40438843 3.3714905 8.626129
-0.59820557 3.4360962 8.999405
-0.5934143 3.3427734 9.245865
-0.52163696 3.151352 9.315262
-0.5790558 3.1465607 9.410965
-0.624527 3.2398834 9.5234375
-0.64845276 3.2781677 9.623932
-0.4402771 3.1920319 9.655045
-0.29193115 3.0795593 9.633499
-0.23449707 3.0843506 9.705292
-0.3062744 3.1824493 9.8033905
-0.33738708 3.2518463 9.6957245
-0.2416687 3.2901306 9.456436
-0.095718384 3.2925262 9.310471
0.009567261 3.2686005 9.229111
0.2416687 3.3236237 9.255432
0.33738708 3.2733765 9.482758
0.26560974 3.3020935 9.7005005
0.15792847 3.390625 9.583252
0.1268158 3.5724792 9.047256
0.0765686 3.728012 8.824738
0.13400269 3.8022003 8.903687
0.34217834 3.9050903 9.037689
0.6915283 4.0295105 9.016159
0.79441833 4.2831573 8.432312
0.8111725 4.445862 7.532608
1.146164 4.795212 8.587845
1.380661 4.8095703 10.207779
1.2370911 4.800003 10.466202
0.9834442 5.161316 9.209976
0.64367676 5.6566315 7.865204
0.55752563 5.8002014 7.520645
0.55274963 5.60878 8.135605
0.34934998 5.5752716 8.618942
0.090927124 5.749954 8.070984
-0.0382843 5.785843 7.441681
0.1531372 5.580063 7.8341064
0.42591858 5.1924286 8.934799
0.59580994 5.1182404 9.243469
0.41874695 5.412567 8.779266
0.21057129 5.7475586 7.807785
0.28474426 6.1280212 7.154541
0.49531555 6.1997986 7.2598267
0.3637085 5.95813 7.8723907
0.1603241 5.8695984 8.116455
0.0143585205 5.89592 8.063812
-0.07417297 5.8576355 8.061417
0.007171631 5.7308044 7.996811
0.23210144 5.647064 7.819748
0.17228699 5.5872345 7.8436737
0.107681274 5.6327057 7.762314
0.1986084 5.6853485 7.6546326
0.31585693 5.613556 7.893921
0.2679901 5.6279144 8.087738
0.24406433 5.6351013 8.133209
-0.07417297 5.740387 8.164307
-0.32781982 5.8911285 8.226532
0.102890015 5.85524 8.116455
0.5742798 5.6973114 8.3198395
0.69869995 5.556137 8.274384
0.5312042 5.7834473 8.099701
0.36131287 6.06102 8.080566
0.28474426 6.065811 8.171494
0.23928833 5.967697 8.561523
-0.047851562 6.0346985 9.18605
-0.107681274 6.1160583 9.406189
-0.095718384 6.3194427 8.93959
-0.49771118 5.934204 8.121246
0.057434082 5.4915314 9.298508
0.9188385 4.7569275 11.50708
1.282547 4.1683044 12.212967
0.4665985 4.5679016 11.665009
-0.63409424 5.2331085 9.963715
-1.3328094 5.2498474 7.9417725
-1.4428711 4.9340057 6.752548
-0.88534546 4.388443 7.3746796
-0.39482117 4.0462646 8.781662
-0.105285645 4.1108704 9.231506
-0.48095703 4.6588287 8.743378
-0.8422699 5.149353 8.145172
-0.6029968 4.9531403 8.020737
-0.23210144 4.7234344 7.791031
-0.15553284 4.936386 7.104294
-0.28234863 5.201996 6.4582214
-0.3062744 5.3814545 6.654434
-0.1986084 5.264206 7.5972137
-0.1483612 5.2043915 8.432312
-0.2368927 5.30249 8.525635
-0.279953 5.4843445 7.807785
-0.31106567 5.864807 7.0420837
-0.46420288 6.209381 6.845871
-0.6316986 6.3194427 6.9559326
-0.70588684 6.4462585 7.623535
-0.8039856 6.3625183 8.705093
-1.0073853 6.1423798 9.279373
-0.98583984 6.0753784 9.322433
-0.73220825 6.242874 9.262619
-0.5886383 6.2237244 8.575882
-0.4283142 6.4079742 8.322235
-0.22492981 6.6400757 8.3198395
-0.047851562 6.1160583 8.370087
-0.03111267 5.403 9.51387
0.06700134 5.0488586 10.7030945
0.50727844 5.0392914 10.707886
1.0169525 5.046463 8.396408
1.3782654 5.0368958 6.3146667
1.4739838 5.25943 6.0059814
1.1102753 5.1015015 7.511078
0.5288086 4.7066803 9.200409
0.124420166 4.5679016 10.1479645
-0.107681274 4.543976 10.770096
-0.21296692 4.508072 10.4566345
-0.059814453 4.795212 8.506485
0.0023956299 5.2666016 6.443878
-0.0765686 5.6638184 5.515457
0.13877869 5.934204 5.883957
0.2536316 5.749954 7.25264
0.32302856 5.572891 8.190628
0.38046265 5.60878 8.087738
0.23928833 5.7092743 7.716858
0.1268158 5.83609 7.7742767
-0.04067993 5.9557343 8.394028
-0.14117432 5.929413 8.961121
-0.15553284 5.8384857 9.308075
-0.100494385 5.826523 9.669403
0.18664551 5.9485626 9.4253235
0.6652069 6.3385925 8.764908
0.0143585205 6.2931213 7.2933197
-0.5766754 6.7669067 7.7431793
-1.1964111 6.4821625 9.667007
-0.53359985 5.017746 12.361328
0.67477417 4.0247345 12.160324
0.9068756 4.5607147 9.293716
-0.124420166 4.984253 6.61615
-1.3471527 5.6614227 5.95813
-2.3162537 5.9892426 7.9130707
-2.1104736 4.9076843 10.554749
-1.0073853 4.158722 10.813171
-0.37806702 4.400406 8.669189
-0.6006012 5.15654 7.1569366
-0.92123413 5.7021027 6.6185455
-0.6699829 5.7667084 6.386444
-0.2871399 5.2163544 6.57547
-0.27038574 4.823929 7.2622223
-0.5407715 5.0608215 7.613968
-0.6915283 5.17807 7.602005
-0.32063293 5.139786 7.4392853
-0.093322754 5.211563 7.4847565
-0.21534729 5.417343 7.5876465
-0.47138977 5.757126 7.9824524
-0.83270264 6.1830597 8.578262
-0.78723145 6.3720856 9.087936
-0.28474426 6.171097 9.169296
0.20578003 5.974884 9.128616
0.5264282 5.9724884 9.233902
0.95474243 6.4079742 8.941986
0.7417755 6.702301 7.726425
0.6053772 7.0875397 7.860428
0.4665985 6.941574 8.707489
0.1651001 6.1495514 10.057037
0.4737854 5.3479614 10.600204
0.5407715 5.3982086 8.214554
0.825531 5.544174 6.61615
1.0073853 5.170883 6.6376953
1.0073853 4.6420746 8.329422
0.72024536 4.347763 10.040283
0.39720154 3.9481506 10.2508545
-0.062210083 4.1898346 8.7960205
-0.3062744 4.819153 7.257431
-0.4139557 5.0775757 6.6640167
-0.4905243 5.65184 6.4295197
-0.46899414 6.02034 6.508484
-0.30389404 5.8504486 7.0779724
-0.1531372 5.797806 7.6833496
-0.2033844 5.848053 7.9704895
-0.31106567 6.008377 8.056641
-0.22253418 6.1088715 7.9824524
-0.07417297 6.032303 7.680954
-0.059814453 6.0346985 7.338791
-0.055038452 6.049057 7.635498
-0.2368927 6.0873413 8.896515
0.24885559 6.1160583 9.628723
0.4402771 6.352951 8.633301
0.026321411 6.4319153 7.410568
-0.550354 6.9463654 8.350952
-1.031311 6.2691956 10.1479645
-0.27278137 5.642273 11.796616
0.41635132 4.8694 11.626724
0.098098755 4.7282104 9.109482
-0.8805542 5.108673 6.7094727
-2.0195465 5.4317017 6.776474
-2.038681 5.0440674 8.793625
-1.1820526 4.3668976 9.86322
-0.2536316 4.084549 9.300903
0.009567261 4.565506 8.118851
-0.19621277 5.1828613 7.125824
-0.42352295 5.6327057 6.69751
-0.447464 5.6398773 6.5946198
-0.2679901 5.2546387 6.757324
-0.21057129 4.9698944 7.3172455
-0.48335266 5.027313 8.063812
-0.78723145 5.24028 8.197815
-0.8159485 5.4508514 7.779068
-0.5694885 5.556137 7.5684967
-0.36610413 5.6111755 7.8556366
-0.27757263 5.6685944 8.066208
-0.25842285 5.7882385 8.329422
-0.17706299 5.8672028 8.750549
-0.18424988 5.824127 9.291336
-0.23928833 6.0873413 9.600006
-0.79681396 6.34816 8.006378
-0.89730835 6.61615 8.0327
-0.37327576 6.747757 9.59761
-0.20100403 6.477371 10.72702
-0.30389404 5.9772644 11.679367
0.20100403 5.4006042 11.899506
0.61016846 5.0081787 9.98764
1.0815582 5.0440674 6.9655
1.3328094 5.1015015 5.345566
1.2945099 5.127823 5.551346
0.6269226 4.821533 8.130814
0.033493042 4.594223 10.865814
-0.107681274 4.3788605 11.746368
-0.119644165 4.0773773 10.382462
0.26081848 4.409973 7.6115723
0.33499146 5.0201416 6.295517
0.16270447 5.4006042 5.95813
0.15074158 5.5944214 6.2907257
0.17228699 5.391037 7.4368896
0.2536316 5.1828613 8.250458
0.18902588 5.201996 8.394028
-0.009567261 5.4221344 8.451447
0.011962891 5.448456 8.403595
-0.01675415 5.4843445 8.161911
-0.33738708 5.6638184 8.166702
-0.825531 5.802597 8.707489
-0.79681396 5.699707 9.444473
-0.1986084 5.6063843 9.202789
-0.49531555 6.072983 7.4392853
-0.5240326 6.0346985 7.147354
-0.41874695 6.2811584 8.965912
-1.0815582 5.687744 10.394424
-0.95474243 5.448456 11.952148
-0.5766754 5.2905273 11.918655
-0.5742798 5.3120728 9.363113
-1.0169525 5.333603 6.90329
-1.3591309 5.28096 6.171097
-1.4069824 4.852646 8.212173
-0.830307 4.3166504 10.284348
0.0 3.9314117 10.4375
0.4019928 4.3166504 8.846268
0.4785614 4.7736816 7.458435
0.21774292 4.996216 7.281357
-0.21534729 4.8143616 7.779068
-0.13877869 4.6779633 7.594818
-0.44506836 4.862213 7.922638
-0.6963043 5.063217 8.508881
-0.653244 5.0823517 8.764908
-0.5431671 5.079956 8.659622
-0.5886383 5.2546387 8.398804
-0.6412811 5.4508514 8.145172
-0.8039856 5.6638184 7.5756836
-0.83509827 5.85524 7.240677
-0.82073975 5.97966 7.5182495
-0.8685913 5.9413757 8.3198395
-0.65563965 5.8002014 9.087936
-0.32302856 5.7260284 9.030518
-0.5623169 5.6351013 8.154739
-0.32781982 6.0514526 8.791229
-0.279953 6.1615143 8.7960205
-0.18902588 5.8791656 9.181259
-0.22013855 5.728424 9.5234375
0.2871399 5.4293213 10.025925
0.7920227 4.9746857 10.214966
0.98106384 5.0512543 8.997009
0.6197357 5.1637115 6.982254
0.32063293 5.601593 5.493927
0.08375549 5.970093 5.6973114
0.13400269 5.5681 7.944168
-0.007171631 4.7736816 10.822739
0.22013855 4.3956146 11.475983
0.090927124 4.634903 9.707687
-0.30389404 5.0416718 7.9992065
-0.4665985 5.3599243 7.0588226
-0.31825256 5.5633087 7.2717896
-0.25842285 5.4388885 7.6426697
-0.086135864 5.4795685 7.3986053
-0.0047912598 5.6566315 7.372284
0.24885559 5.5417786 8.434708
0.20817566 5.4293213 9.810577
0.32302856 5.379059 10.02832
0.43788147 5.223526 9.22673
0.41874695 5.2211456 8.528015
0.4785614 5.1852417 8.5950165
0.68673706 5.1015015 9.276978
0.5407715 4.9292145 8.958725
0.17468262 5.2331085 7.274185
-0.23928833 5.5010986 5.8672028
0.32063293 5.338394 6.6472626
0.9379883 4.5224304 9.360718
1.0217285 3.8883362 10.798813
-0.122039795 4.067795 9.920639
-1.1940155 5.297714 7.7742767
-1.4667969 5.83609 7.1449738
-1.2562256 5.21875 7.972885
-0.8614197 4.687546 8.731415
-0.6891327 4.6588287 9.061615
-0.32302856 4.6205444 9.470795
-0.011962891 4.5679016 9.614365
0.01914978 4.754532 9.310471
-0.27038574 4.9100647 9.1453705
-0.5694885 4.9627075 9.284149
-0.7728882 5.0416718 9.382263
-0.95951843 5.1230316 9.298508
-0.9834442 5.058426 9.360718
-1.0480499 5.11586 8.970688
-0.99302673 5.230713 8.437088
-0.8518524 5.161316 8.341385
-0.72262573 5.201996 8.336594
-0.6795654 5.201996 8.372482
-0.33021545 5.0823517 9.176468
-0.0023956299 4.7066803 9.655045
0.057434082 4.771286 9.384644
-0.06939697 4.8550415 8.913269
-0.29910278 4.874176 8.427521
-0.33259583 4.795212 8.492126
-0.44506836 4.7688904 9.178864
-0.34934998 4.9124603 9.219543
-0.36131287 4.9076843 9.066406
-0.61016846 5.046463 8.839081
-0.6771698 5.1924286 8.494522
-0.42114258 4.996216 8.480164
-0.07417297 4.72583 8.681168
0.2536316 4.5679016 8.5902405
0.29431152 4.615753 8.530411
-0.023925781 4.8765717 9.135803
-0.25125122 5.0608215 9.241089
-0.24645996 5.1469574 8.657227
-0.14117432 5.063217 8.518448
0.093322754 4.862213 9.011368
0.13639832 4.7760773 9.28894
0.035888672 4.8598175 9.305695
-0.033493042 4.984253 9.119049
-0.0382843 4.943573 8.903687
-0.0382843 4.852646 9.0711975
-0.0143585205 4.7736816 8.927628
-0.04067993 4.8430786 8.475372
-0.24885559 4.893326 8.439484
-0.2368927 4.8598175 8.650055
-0.16270447 4.795212 8.997009
-0.13877869 4.6707916 8.872589
-0.050247192 4.7617188 8.355743
-0.035888672 4.7066803 8.434708
-0.086135864 4.6013947 8.815155
-0.25602722 4.6707916 8.822342
-0.29193115 4.82872 8.556732
-0.2632141 4.8478546 8.764908
-0.20817566 4.8047943 9.013763
-0.17228699 4.821533 9.035294
-0.22253418 4.816757 9.080765
-0.0765686 4.7808533 9.104691
-0.062210083 4.709076 9.037689
-0.04307556 4.7019043 8.910873
-0.0382843 4.634903 9.04248
-0.0382843 4.587036 9.214767
-0.0765686 4.577469 9.253052
-0.095718384 4.6205444 9.025726
-0.095718384 4.6372833 8.793625
-0.0023956299 4.6133575 8.745773
-0.06460571 4.584656 9.013763
-0.2368927 4.68515 9.236298
-0.24406433 4.62294 9.279373
-0.1651001 4.5631104 9.068802
-0.14596558 4.5966187 8.968292
-0.1268158 4.5918274 9.011368
-0.110076904 4.543976 9.032898
0.06700134 4.400406 8.776871
0.15074158 4.359726 8.525635
-0.06700134 4.553543 8.865402
-0.5766754 4.689926 10.033112
-0.37327576 4.5702972 9.583252
-0.21774292 4.491333 8.791229
-0.16749573 4.565506 8.815155
-0.31106567 4.7019043 9.628723
-0.08135986 4.4530487 9.547363
0.33259583 4.0390778 9.004196
0.33738708 4.1730804 8.930008
-0.124420166 4.5343933 9.430115
-0.33259583 4.584656 9.5282135
-0.21534729 4.54158 9.092728
-0.110076904 4.4697876 8.776871
-0.21534729 4.5296173 8.932404
-0.3900299 4.634903 9.016159
-0.38763428 4.64447 9.008972
-0.44506836 4.5009003 9.099899
-0.5144501 4.577469 8.997009
-0.5096741 4.515259 9.1453705
-0.3900299 4.4147644 9.410965
-0.4283142 4.369293 9.32962
-0.4905243 4.4602203 9.035294
-0.6053772 4.5056915 8.901306
-0.7465668 4.5391846 8.970688
-0.8638153 4.62294 9.12384
-0.8374939 4.5726776 9.229111
-0.70588684 4.5104675 9.114258
-0.6915283 4.5391846 9.080765
-0.75613403 4.5224304 9.281754
-0.8422699 4.5679016 9.279373
-0.8518524 4.6013947 9.044876
-0.90927124 4.689926 8.970688
-0.8422699 4.6779633 9.0711975
-0.82073975 4.6013947 9.040085
-0.90927124 4.5966187 9.131012
-0.9667053 4.606186 9.078369
-0.87815857 4.651642 9.028122
-0.80877686 4.618149 8.930008
-0.83509827 4.6779633 8.944366
-1.0480499 4.7617188 9.078369
-1.1772614 4.8047943 9.061615
-1.1150513 4.7401886 8.949158
-0.98583984 4.6420746 8.977875
-0.97387695 4.6779633 8.848663
-1.1820526 4.8382874 8.788834
-1.2562256 4.8550415 9.095123
-1.0193481 4.6660004 9.339188
-0.8661957 4.6947174 9.284149
-0.94277954 4.795212 9.008972
-1.1150513 5.005783 8.683548
-1.3830566 5.127823 8.745773
-1.3710938 5.0033875 9.061615
-1.1533356 4.7736816 9.087936
-1.0839539 4.8430786 8.846268
-1.0671997 4.93161 8.791229
-0.9643097 4.9172516 8.834305
-0.94277954 4.8670044 8.695511
-1.0073853 4.914856 8.475372
-1.134201 4.919647 8.504089
-1.0552368 4.893326 8.815155
-0.87338257 4.8598175 8.719452
-0.830307 4.8789673 8.705093
-0.87338257 4.977066 8.671585
-0.8614197 5.0321045 8.597412
-0.80158997 5.017746 8.635696
-0.69869995 5.017746 8.695511
-0.6915283 5.0727844 8.671585
-0.727417 5.149353 8.494522
-0.7346039 5.13739 8.415558
-0.65802 5.168503 8.317459
-0.55513 5.1852417 8.233704
-0.6149597 5.25943 8.231308
-0.76091003 5.3192444 8.214554
-0.8446655 5.371887 8.382065
-0.7010956 5.34317 8.575882
-0.5383911 5.2737885 8.472992
-0.4665985 5.201996 8.3437805
-0.45703125 5.2450714 8.530411
-0.3254242 5.3072815 8.824738
-0.21296692 5.4676056 8.920441
-0.20578003 5.6351013 8.776871
-0.16749573 5.7786713 8.377274
-0.15074158 5.922241 8.006378
-0.16749573 5.9078827 7.9082794
-0.124420166 5.65184 8.264816
-0.035888672 5.4915314 8.611771
0.0 5.63031 8.463409
0.011962891 5.749954 7.903488
-0.08135986 5.6685944 7.7814636
-0.20817566 5.79303 7.7862396
-0.44984436 5.9820557 8.023132
-0.55992126 5.9820557 8.338989
-0.48812866 5.883957 8.291138
-0.3900299 5.8121643 8.097305
-0.653244 5.934204 8.0686035
-0.825531 5.991623 8.090134
-0.6771698 5.8815613 8.054245
-0.39959717 5.7379913 8.219345
-0.1268158 5.7068787 8.461029
0.035888672 5.797806 8.353348
0.086135864 5.9557343 8.030319
0.20578003 5.8983154 7.738388
0.098098755 5.93898 7.5708923
-0.16989136 6.173477 7.4273224
-0.1483612 6.276367 7.338791
0.071777344 6.197418 7.573288
0.33499146 6.029907 7.802994
0.45942688 5.9557343 7.831711
0.5766754 6.0921326 7.5421753
0.5359955 6.2644043 7.133011
0.49771118 6.3338013 7.269394
0.68673706 6.2668 7.8149567
0.68434143 6.2572327 7.9585266
0.49531555 6.4079742 7.6378937
0.22253418 6.592224 7.384247
-0.052642822 6.7118683 7.207184
-0.122039795 6.6831512 7.3866425
-0.06460571 6.6352997 7.8915253
0.119644165 6.5036926 8.094925
0.22492981 6.419937 7.6953125
0.16270447 6.6137695 7.2263184
0.01675415 6.742981 6.9176483
-0.117248535 6.8769684 6.850647
-0.21774292 6.9846497 7.2311096
-0.17468262 6.898514 7.975281
-0.035888672 6.6831512 8.458633
-0.16270447 6.7836456 8.606979
-0.33259583 6.9391785 8.461029
-0.6771698 7.147354 7.9992065
-1.4691925 7.063614 7.2143555
-1.1581268 6.86261 7.7886353
-0.6029968 6.0562286 9.068802
0.20578003 5.5657043 10.238892
0.84706116 5.5681 10.365707
0.7417755 6.0849457 9.178864
0.25125122 6.5036926 7.8269196
-0.447464 6.546768 6.7908325
-0.99780273 6.1040955 6.8937225
-1.2658081 5.5369873 8.037491
-0.8877411 5.2666016 8.8989105
-0.29431152 5.1637115 8.755341
0.052642822 5.4891357 7.5062866
0.026321411 5.974884 6.5611267
-0.2416687 6.20459 6.793228
-0.18424988 5.9318085 7.4392853
0.0 5.7308044 7.726425
-0.1651001 5.8097687 7.2191467
-0.3397827 6.135193 6.3672943
-0.5120697 6.3218384 6.147156
-0.5264282 6.3266296 6.5036926
-0.37327576 6.2069855 6.9966125
-0.5144501 6.3553314 7.211975
-0.4355011 6.570694 6.764511
-0.24885559 6.496521 6.673584
-0.112457275 6.477371 6.7046967
-0.090927124 6.4701996 6.793228
-0.25842285 6.695114 7.520645
-0.5120697 6.9439697 8.408386
-0.44984436 6.8602295 8.803192
-0.49291992 6.654434 8.729019
-0.7728882 6.920044 8.367706
-1.3256226 7.176071 7.4488525
-0.70588684 7.307678 7.4153595
-0.41874695 7.429718 8.269592
-0.5407715 7.2598267 8.456238
-0.21774292 6.8315125 8.910873
0.25842285 6.2883453 9.930222
0.2536316 5.843277 10.566711
0.43310547 5.785843 9.406189
0.43788147 5.8791656 7.092331
0.25842285 5.9150543 5.326416
0.36610413 6.0179443 5.34317
0.3756714 5.883957 6.6640167
0.29670715 5.6279144 8.011169
0.15553284 5.4556427 8.977875
0.114852905 5.350357 9.332016
0.27038574 5.264206 8.628525
0.43788147 5.3599243 7.199997
0.46180725 5.5657043 6.386444
0.102890015 5.7882385 5.991623
-0.37327576 6.2285156 5.9940186
-0.447464 6.2189484 6.649658
-0.30389404 6.065811 7.4321136
-0.27038574 6.139984 7.4990997
-0.17228699 6.20459 7.3124695
-0.18902588 6.233307 7.281357
-0.25125122 6.2979126 7.348358
-0.3254242 6.427124 7.606781
-0.2632141 6.3194427 7.963318
-0.29910278 6.2979126 8.621338
-0.275177 6.455841 9.18605
-0.27278137 6.7166595 9.013763
-0.55752563 7.135391 7.767105
-1.146164 6.999008 6.3625183
-0.3900299 6.7381897 7.3411865
-0.45463562 5.749954 8.681168
0.062210083 5.0033875 9.963715
0.87338257 4.6205444 10.841873
0.83509827 4.7736816 10.214966
-0.093322754 5.2259216 8.420349
-1.2012024 5.5944214 6.592224
-1.5912323 5.6757812 6.139984
-1.3304138 5.2450714 7.8771667
-0.64845276 4.4578247 9.487549
-0.25602722 4.3358 9.147766
-0.23210144 4.7641144 7.824524
-0.3517456 5.0416718 6.9750824
-0.4019928 5.2283173 7.2430725
-0.47138977 5.0321045 8.291138
-0.51924133 4.9076843 8.618942
-0.64845276 4.9172516 8.362915
-0.72502136 4.967499 8.315063
-0.6915283 4.919647 8.315063
-0.62931824 4.960327 8.173889
-0.55752563 4.9866486 8.118851
-0.5431671 5.0201416 8.130814
-0.5479584 5.1589203 8.066208
-0.5048828 5.1972046 8.171494
-0.18902588 5.170883 8.539978
-0.057434082 5.017746 9.202789
-0.06700134 4.97229 9.315262
0.06939697 4.8694 9.150162
0.1531372 4.618149 9.497116
-0.093322754 4.58226 9.475586
-0.44506836 4.627716 8.396408
-0.19142151 4.893326 8.307877
-0.122039795 4.7330017 8.941986
-0.16749573 4.520035 9.243469
-0.39482117 4.6660004 8.891724
-0.59820557 4.7114716 8.6931305
-0.100494385 4.2137604 8.987442
0.8518524 3.4983063 9.408585
1.1652985 3.081955 9.710068
0.9260254 2.9694977 9.470795
0.49531555 3.0963135 8.953949
-0.086135864 3.625122 8.776871
-0.30867004 3.7184448 9.154938
0.21057129 3.2063751 9.985245
0.5431671 2.8618164 10.39682
0.6053772 2.897705 10.198212
0.4355011 3.1082764 9.449265
0.48335266 3.1872406 8.671585
0.3014984 3.103485 8.609375
0.26560974 3.0652008 9.212372
0.27757263 2.904892 9.836899
0.21774292 2.9814606 9.628723
0.1651001 3.0580292 10.10968
-0.0023956299 3.1633148 10.380066
-0.16270447 3.3068848 10.1527405
-0.2632141 3.3475647 10.042679
-0.112457275 3.1417694 10.17189
0.12921143 3.007782 9.951752
0.24406433 3.0245209 9.908676
0.0023956299 2.892929 10.358536
-0.5144501 2.8713837 10.3992
-0.5240326 2.7469635 10.071396
-0.086135864 2.600998 9.94696
0.34457397 2.4550323 10.281952
0.4665985 2.4550323 10.372879
0.2033844 2.703888 10.248459
-0.22492981 2.892929 10.375275
-0.59103394 2.876175 10.698303
-0.5312042 2.675171 10.655243
-0.3254242 2.376068 10.487747
0.08135986 2.136795 10.49971
0.37327576 2.0434723 10.475784
0.17945862 2.251648 10.229324
-0.20100403 2.6153564 9.628723
-0.36131287 2.7517395 9.544968
-0.3062744 2.6967163 10.00679
-0.088531494 2.6105652 10.224533
0.16749573 2.4047852 10.159927
0.1603241 2.4095764 9.566513
-0.110076904 2.5387878 9.195618
-0.3062744 2.6129608 9.439682
-0.43788147 2.5292206 9.930222
-0.5694885 2.5411835 10.045074
-0.7154541 2.600998 9.968506
-0.5096741 2.4646149 9.963715
-0.33499146 2.3401794 10.064209
-0.38046265 2.388031 10.238892
-0.39959717 2.4335022 10.19104
-0.27757263 2.457428 9.973282
-0.19621277 2.4095764 9.990036
-0.20100403 2.3377838 10.169495
-0.22013855 2.3856506 10.10968
-0.13400269 2.3928223 10.042679
0.102890015 2.3186493 10.267609
0.1651001 2.1463623 10.506882
-0.04547119 2.2875366 10.238892
-0.27757263 2.4885406 10.021149
-0.20578003 2.4335022 9.94696
-0.25602722 2.4095764 9.96611
-0.5479584 2.526825 10.186249
-0.37088013 2.4095764 10.231705
-0.033493042 2.148758 10.169495
-0.07417297 2.1511536 10.001999
-0.32063293 2.3042908 9.702896
-0.34934998 2.388031 9.671783
0.1986084 1.7850494 9.657425
0.67477417 1.6414795 9.190826
-0.22492981 2.354538 10.655243
-0.65563965 2.3042908 11.124237
-0.45224 2.3066864 9.815353
-0.062210083 2.0913239 9.320038
-0.047851562 2.1511536 9.712463
-0.1483612 2.0410767 10.124039
-0.21774292 2.0578308 10.226929
-0.23928833 2.177475 10.1479645
-0.2416687 2.2947235 10.059433
-0.107681274 2.3569336 10.035492
0.0047912598 2.3688965 9.777069
0.059814453 2.376068 9.382263
-0.055038452 2.4406738 9.410965
-0.16270447 2.4646149 9.796219
-0.1603241 2.4071808 9.939789
0.0047912598 2.3162537 10.112076
-0.07417297 2.2660065 10.188644
-0.07896423 2.3593292 10.001999
-0.1651001 2.3928223 9.858429
-0.22253418 2.395218 9.841675
-0.16749573 2.2420807 9.817749
-0.098098755 2.1750793 9.86322
-0.021530151 2.0027924 10.107285
-0.17945862 2.165512 9.96611
-0.22013855 2.2468567 9.748352
-0.18664551 2.009964 10.042679
-0.15553284 2.0769653 10.203003
-0.17468262 2.3234253 10.092926
-0.48095703 2.2660065 10.238892
-0.6316986 2.376068 10.6289215
-0.6652069 2.4071808 10.760529
-0.4019928 2.4215393 10.70549
-0.33021545 2.5866394 10.779663
-0.71066284 2.5914307 10.803589
-1.4045868 2.7182465 10.741379
-1.7826538 2.383255 10.303497
-0.6316986 3.6705933 10.35614
1.1318054 3.6442719 10.74617
1.6869354 3.2159576 10.363312
1.7611237 2.9431763 9.595215
1.7946167 3.0963135 9.174088
1.7874451 3.3212433 9.588043
1.3710938 2.766098 9.446869
0.87098694 2.222931 8.429916
0.61735535 3.3523407 8.403595
0.44506836 3.9242249 8.317459
0.6316986 3.4552307 8.683548
1.0145569 2.823532 9.796219
1.1892395 2.9359894 10.258026
0.6460571 3.2303162 9.377472
0.12921143 3.591629 8.901306
-0.04547119 4.3740845 9.032898
0.1986084 4.1730804 8.432312
0.75852966 3.8189392 8.269592
0.933197 3.3403778 8.264816
0.98106384 3.7040863 8.941986
0.2871399 3.9912262 9.662216
0.023925781 3.8572235 9.379868
0.37806702 3.7830505 8.831909
0.928421 3.694519 9.035294
1.105484 3.6825562 9.5234375
0.82073975 3.5653076 9.74118
0.77049255 3.8141632 9.377472
0.7082825 4.051056 9.449265
0.62931824 3.8452606 9.176468
0.8638153 3.7662964 8.750549
0.8231354 3.6586304 8.652451
0.68673706 3.797409 9.138184
0.4785614 3.7830505 9.583252
0.6125641 3.620346 9.430115
0.9068756 3.6083832 9.279373
0.83987427 3.7184448 9.253052
0.48335266 3.9338074 9.025726
0.41635132 4.0773773 8.6931305
0.45224 3.9505463 8.982651
0.6699829 3.6299133 9.583252
0.7992096 3.5389862 9.71965
0.7034912 3.6969147 9.47319
0.6077728 3.9050903 9.171692
0.47616577 3.9505463 8.8989105
0.6029968 4.0390778 8.729019
0.6077728 3.7830505 8.805588
0.90448 3.5413818 9.205185
1.031311 3.6275177 9.499512
0.8422699 3.6634064 9.375076
0.8279114 3.7471619 9.339188
0.447464 4.187439 10.011566
0.20817566 4.060623 9.51387
1.0265198 3.6562347 8.561523
1.2275238 3.402588 8.563919
1.0528412 3.5533447 8.9730835
0.9667053 3.6347046 8.583054
0.67477417 3.9361877 8.846268
0.62931824 3.9361877 10.169495
0.35891724 4.022339 10.088135
