16.25595 15.557098 -37.73575
16.023764 15.4001875 -38.131714
15.9778595 15.138626 -38.33046
16.316223 14.962006 -39.149094
16.122437 14.807129 -39.44626
16.514969 15.190887 -39.372253
16.911697 15.723038 -39.186096
17.221832 15.91835 -39.11209
17.428207 16.443634 -39.186096
17.153168 16.17546 -39.11171
17.082214 16.283798 -39.70604
17.082214 16.283798 -39.70604
17.0784 16.172028 -39.70604
17.25235 15.658569 -39.63318
17.894745 15.491867 -40.377808
18.161774 14.387512 -39.897537
17.96112 14.047623 -39.89792
18.138885 13.681793 -39.97345
18.57071 12.953949 -39.49318
18.826675 12.627792 -39.68048
19.454575 12.05368 -39.757538
19.664764 11.503983 -39.461517
19.467926 11.312485 -39.27574
19.58313 11.353683 -39.0522
19.439697 11.645889 -38.75389
19.511795 11.499786 -38.94005
20.111084 11.221313 -39.016342
19.967651 11.475754 -39.201736
19.967651 11.475754 -39.201736
19.96193 11.2903595 -39.202118
20.18814 11.260605 -38.94272
19.963455 11.3658905 -38.681793
20.11261 11.297226 -38.422012
20.378876 11.306 -38.311005
20.414352 11.233139 -38.199615
20.380783 11.380386 -38.27324
20.754623 11.206818 -38.08899
20.7016 10.759735 -38.05237
21.118927 10.7357025 -37.979126
21.186829 10.4774475 -38.166046
21.0392 10.621643 -38.01689
21.460724 10.746765 -37.68387
21.412277 10.448837 -37.461853
21.565628 10.49118 -37.127686
21.932983 10.056686 -37.389374
22.047043 10.022736 -37.79831
22.05658 10.281372 -38.28087
22.10083 10.506058 -38.132095
22.2641 10.882568 -38.09471
21.974182 11.356354 -37.870407
21.944809 11.6539 -37.34932
22.143173 11.919785 -37.34932
22.13211 11.585617 -37.08954
22.428894 11.372757 -36.867523
22.673798 10.712051 -36.943817
22.661972 10.340881 -36.9442
22.705841 10.490036 -37.353134
22.769547 10.083008 -37.687683
22.735214 10.192871 -37.947083
22.735214 10.192871 -37.947083
22.856522 10.418701 -37.984085
23.115921 10.242081 -37.501907
23.697662 10.594559 -37.429047
23.908234 11.26976 -36.98311
23.57254 11.444473 -37.093353
23.171616 11.988449 -37.16545
22.646332 12.23259 -36.717987
22.57309 12.303925 -37.01439
23.060226 12.0967865 -36.978912
23.083878 11.61499 -37.27722
23.128891 11.8003845 -37.796783
22.8611 11.717987 -37.87079
22.756195 11.973572 -38.129807
23.028183 12.166977 -38.24196
22.52922 12.04071 -37.981033
22.683716 12.157059 -37.758255
22.380066 12.185287 -37.6091
22.09549 12.807846 -37.384415
22.149277 13.291931 -37.45804
22.078323 13.438797 -37.420654
21.708298 13.76152 -37.41951
21.49582 14.237213 -37.454987
21.652985 14.428329 -37.00905
21.55075 14.795685 -37.045288
21.94519 15.253067 -36.859512
21.67244 15.058899 -36.74736
21.371841 15.160751 -36.932373
21.260834 15.23056 -37.228775
21.10405 15.115356 -36.81984
21.331787 15.084839 -37.080765
21.527481 15.238953 -37.37793
21.527481 15.238953 -37.37793
21.307755 15.530014 -37.042618
21.264267 15.304947 -37.63733
20.86792 16.035843 -37.003326
20.647049 16.251373 -36.96556
20.845413 16.517258 -36.85417
20.324707 16.909409 -36.66649
20.53833 16.433334 -36.816406
20.542526 16.620255 -36.258316
20.313644 16.576004 -36.406708
20.397186 16.838837 -35.96077
20.283508 16.873169 -35.73799
20.156479 16.4608 -35.77614
20.034027 16.23497 -35.367584
20.497131 16.435242 -35.55374
20.65506 16.625214 -35.55374
20.812988 16.815186 -35.55374
21.086502 17.00859 -35.925293
21.086502 17.00859 -35.925293
21.094513 17.268753 -35.813522
21.058273 17.304993 -35.850525
20.803452 17.63115 -36.034775
20.396423 18.027496 -35.512924
20.273209 17.726517 -35.661316
20.165634 17.945862 -35.62355
20.160294 17.797089 -35.512543
20.009613 17.829132 -35.73494
19.361877 17.809677 -35.287857
19.16275 17.543793 -35.1017
18.706131 17.529678 -35.100555
18.896103 17.5354 -35.02693
19.134521 17.838669 -35.510254
19.134521 17.838669 -35.510254
19.608688 18.373108 -35.770798
19.659042 18.745804 -35.733032
19.577408 18.557358 -35.993195
19.56749 18.29834 -35.43625
19.32373 17.808151 -35.510635
19.769287 17.48848 -35.51216
20.072937 17.461014 -35.47554
20.264816 17.466354 -35.847473
20.347214 17.654037 -35.92148
20.130157 18.018341 -35.771942
20.130157 18.018341 -35.771942
19.792557 18.194199 -35.399246
19.80095 18.454361 -35.398865
19.4664 18.703842 -35.323334
19.652557 18.560791 -35.50949
19.729614 18.562698 -35.80742
19.723892 18.376923 -35.8078
19.760513 18.341064 -35.733795
19.991684 18.460083 -35.5114
19.80896 18.714523 -35.212708
19.955444 18.570328 -35.139465
20.361328 18.175125 -35.215378
20.079422 17.646408 -35.512924
19.309998 17.363358 -35.325623
19.511795 17.741013 -35.214233
19.786453 17.97142 -35.43663
19.904709 18.086243 -35.622406
19.909668 18.2724 -35.361862
18.959808 19.542694 -34.540558
19.069672 19.472504 -34.20677
19.076157 19.657516 -34.391785
19.19365 19.772339 -34.355164
19.30809 19.775772 -34.42993
19.193268 19.735336 -34.31816
19.229507 19.69986 -34.16977
19.163895 20.031738 -34.169006
18.812561 19.723892 -34.24225
18.781662 19.944763 -34.464645
19.00711 19.802475 -35.09674
18.58368 19.60373 -35.24437
19.125366 19.917679 -35.097122
19.43779 20.149994 -35.245895
19.218445 20.440292 -35.09674
19.59343 20.26558 -35.358047
19.59343 20.26558 -35.358047
19.396973 20.073318 -35.544205
19.349289 19.774628 -35.656357
19.267654 19.623947 -35.284424
19.371796 19.330597 -35.248184
18.953323 19.279861 -35.469437
18.799591 19.238663 -35.17189
19.250488 19.067001 -35.359573
18.993378 19.318771 -35.543823
19.596481 19.189835 -35.323334
19.483566 19.222641 -35.546112
19.10019 19.13681 -35.35919
19.32106 18.920898 -35.323334
19.171906 18.990326 -35.470963
19.252396 19.14215 -35.284805
19.252396 19.14215 -35.284805
19.105911 19.28482 -35.730362
18.841934 19.351196 -35.7296
18.534851 19.267273 -35.76622
18.829727 18.979645 -35.804367
19.617844 18.671036 -35.62088
20.183563 18.577957 -35.176468
20.640564 18.592453 -35.177612
20.793152 18.559265 -35.69832
20.30449 18.692017 -36.031723
20.49675 18.696976 -36.70082
20.597076 18.25447 -36.850357
20.39032 17.728043 -36.85074
21.108627 17.639923 -36.592484
21.108627 17.639923 -36.592484
21.358109 17.128372 -36.59439
21.318436 17.05246 -36.891556
21.814346 17.105484 -36.930084
21.530914 16.501617 -37.5618
21.381378 16.570663 -37.449646
21.826935 16.25061 -37.377167
21.892548 15.956497 -36.857986
22.392654 16.195297 -36.450195
22.450638 15.602493 -36.93428
22.36557 15.340424 -36.637497
22.36557 15.340424 -36.637497
22.502136 14.824295 -37.307358
22.06726 14.253235 -37.641144
22.324753 14.002228 -37.5309
22.24617 13.887787 -37.976074
22.475433 13.932037 -37.753296
22.613144 13.529205 -37.234497
22.680283 13.271332 -37.049484
22.880936 12.462616 -36.53183
22.833633 12.163544 -36.941147
22.87941 12.387466 -37.350082
22.945404 12.094116 -37.05368
22.930145 12.798309 -37.200928
22.853088 12.797165 -36.53221
22.853088 12.797165 -36.53221
22.844696 12.536621 -36.458206
22.866058 13.204956 -36.345673
22.900772 13.094711 -36.383057
22.566223 13.306808 -36.64131
22.67418 13.125229 -36.530304
22.171402 12.811661 -37.049484
21.891785 12.35733 -37.309647
21.387863 12.043762 -37.532043
21.159363 11.99913 -37.680054
21.151352 11.739349 -37.680435
21.151352 11.739349 -37.680435
21.278763 12.189102 -37.234116
21.289825 12.523651 -37.30812
20.774078 13.064575 -37.15744
20.331955 13.496017 -37.22992
19.761276 13.477325 -37.488556
19.34166 13.427353 -37.376022
18.882751 13.262939 -38.1176
18.653107 13.2183075 -38.19084
18.46428 13.2118225 -38.747787
18.31932 13.391495 -39.378357
18.284988 13.501358 -39.601517
17.33284 13.434601 -39.636993
16.877365 13.420105 -39.933014
16.491318 13.222504 -40.11879
15.774536 13.385773 -40.042114
15.629959 13.565445 -40.74745
14.840317 13.799286 -41.1911
14.840317 13.799286 -41.1911
14.281082 14.152908 -41.04004
13.114548 14.524841 -41.036224
12.361908 14.722824 -41.516495
11.660767 15.369034 -41.439056
11.208725 15.465927 -41.735077
11.374664 15.879059 -41.957474
10.562134 16.633606 -41.582108
10.105896 16.618729 -41.840744
9.220886 17.44423 -42.022705
8.773041 17.689133 -42.13295
8.700562 17.760468 -42.616272
8.214188 17.967606 -42.948914
8.069992 18.18428 -43.2827
8.069992 18.18428 -43.2827
7.796097 17.916107 -43.54248
7.1056366 17.708588 -43.763733
6.444931 17.279816 -43.577576
5.0792694 16.161728 -43.68744
3.8173676 15.898895 -43.83316
2.75383 15.9023285 -43.979263
1.4202118 15.786362 -44.12422
0.59432983 16.131973 -43.89839
-0.46844482 16.17279 -44.081497
-1.1539459 16.114044 -44.228745
-1.1539459 16.114044 -44.228745
-1.9939423 15.976715 -44.190216
-2.4238586 15.591812 -44.338608
-3.4229279 15.26413 -44.18831
-4.4441223 14.268494 -43.629837
-4.7683716 13.66539 -43.33229
-5.695343 13.190842 -43.51654
-5.8807373 12.145996 -43.44368
-6.085205 11.694336 -43.44406
-6.974411 11.220551 -43.554306
-7.4043274 10.835648 -43.702316
-8.27713 10.882568 -43.73703
-9.075165 10.85701 -43.994904
-9.25827 11.036301 -44.254303
-9.25827 11.036301 -44.254303
-10.012054 11.235809 -44.17801
-10.497284 11.518097 -44.02733
-11.21254 11.755753 -43.839645
-12.046051 11.878967 -43.465424
-12.221527 11.206436 -42.79747
-12.275314 10.722351 -42.761612
-12.374878 10.014725 -42.6136
-12.364578 9.124374 -42.83867
-12.445831 8.935547 -43.21022
-12.422562 8.453369 -43.359756
-12.422562 8.453369 -43.359756
-12.564087 8.782959 -43.358994
-13.15918 9.209442 -43.28232
-13.831329 9.597397 -42.94548
-14.402008 9.579468 -43.12973
-16.963959 7.943344 -42.160034
-17.785263 7.2502136 -41.638565
-18.416595 6.5631866 -41.155243
-19.466782 5.8631897 -40.670776
-20.377731 4.721451 -40.745163
-21.044159 4.1080475 -40.485
-21.783066 3.5648346 -40.855408
-21.899033 3.4866333 -40.929413
-22.015 3.446579 -40.594482
-22.108078 2.9239655 -40.483475
-21.826935 2.2285461 -40.150833
-22.12944 1.1062622 -40.040207
-22.766113 0.27122498 -39.445877
-23.20137 -0.22354126 -38.962555
-23.589325 -0.4585266 -38.738632
-23.667145 -0.497818 -38.515854
-23.394012 -0.30403137 -38.70163
-23.39859 -0.45280457 -38.70201
-23.735046 -0.23994446 -38.3667
-23.848343 -0.20561218 -38.217545
-23.960495 -0.17242432 -38.51471
-23.491669 0.2506256 -38.404083
-22.798538 0.49438477 -38.739777
-22.679901 0.6462097 -38.702774
-22.784424 0.97732544 -38.33046
-23.200607 1.0005951 -38.663483
-23.770905 1.020813 -38.2164
-24.248123 1.5636444 -37.880325
-24.292374 1.3767242 -37.843323
-24.861908 1.4343262 -37.321472
-25.019836 1.2809753 -37.210083
-24.853897 0.5054474 -37.58278
-24.670029 0.3265381 -37.397766
-24.761963 -0.19645691 -37.695694
-24.947357 -0.091171265 -37.954712
-25.016022 0.16784668 -37.58278
-24.98207 0.019454956 -37.917328
-24.676132 0.06561279 -38.14125
-24.676132 0.06561279 -38.14125
-24.614334 -0.33988953 -37.73346
-24.536133 -0.26359558 -37.659073
-25.255203 -0.17433167 -37.545776
-25.25177 -0.024795532 -37.062454
-25.320816 0.19607544 -37.099457
-25.44136 -0.030517578 -37.211227
-25.174713 0.05340576 -36.468506
-25.481033 0.0076293945 -36.170578
-25.97351 0.103378296 -35.760498
-26.394653 0.0541687 -35.3508
-26.47667 -0.13465881 -35.46295
-26.711655 -0.36506653 -35.388184
-26.52855 -0.6187439 -35.574722
-26.530838 -0.69351196 -35.574722
-26.981354 -0.5218506 -35.6472
-26.935959 -0.2975464 -35.9066
-27.12326 -0.19226074 -35.794067
-27.391434 -0.27503967 -35.97946
-26.717758 -0.62561035 -36.130142
-26.30043 -0.64964294 -35.982895
-26.205444 -1.278305 -36.355972
-26.141739 -1.6464233 -36.09619
-26.31073 -2.1331787 -35.68802
-26.564026 -2.8827667 -35.28061
-26.278687 -3.4294128 -34.98535
-25.759506 -3.8215637 -34.802246
-25.730515 -4.117584 -34.766006
-25.582886 -4.2613983 -34.766388
-25.203323 -4.24881 -34.39598
-25.058746 -4.466629 -34.433746
-25.058746 -4.466629 -34.433746
-24.92218 -4.9446106 -34.54628
-24.51706 -5.3401947 -34.659195
-24.51706 -5.3401947 -34.7332
-23.927307 -4.7657013 -34.95674
-23.5672 -4.2354584 -35.253906
-23.738861 -3.6468506 -34.9926
-23.917389 -3.2814026 -34.731293
-24.48845 -3.2611847 -34.3956
-24.974442 -2.978897 -33.98552
-25.349426 -2.842331 -34.13315
-25.60997 -2.7023315 -34.503555
-25.688171 -2.7793884 -34.42917
-25.383377 -2.7702332 -34.690094
-25.314713 -2.9525757 -34.207535
-25.279236 -2.987671 -33.76236
-25.846481 -2.8560638 -33.27713
-26.537323 -3.0254364 -32.754898
-26.758194 -2.8095245 -32.791138
-26.720428 -2.846527 -33.0513
-26.265717 -2.9064178 -33.2386
-26.273727 -3.1665802 -33.42514
-26.076126 -2.9006958 -33.350754
-26.231003 -2.9418945 -32.904434
-26.462936 -3.060913 -32.97844
-26.115799 -2.8636932 -32.533264
-26.542282 -3.1742096 -32.75528
-25.822449 -3.263092 -32.942963
-25.136566 -3.2047272 -32.98149
-24.793243 -3.156662 -32.94525
-24.793243 -3.156662 -32.94525
-23.6557 -3.2707214 -33.35724
-23.83728 -3.054428 -33.8768
-24.069977 -3.2100677 -33.913803
-23.950577 -3.0586243 -34.1362
-24.166489 -2.6569366 -34.023666
-23.864746 -2.6836395 -33.31871
-23.679352 -2.8259277 -33.133698
-24.172592 -2.804184 -33.09555
-24.836731 -3.3432007 -32.611847
-25.446701 -3.3992767 -32.684708
-25.446701 -3.3992767 -32.684708
-25.430298 -2.878952 -32.683945
-25.056076 -3.0525208 -32.68547
-24.474335 -2.7008057 -32.9834
-24.008942 -2.4272919 -33.169937
-23.819733 -2.5348663 -34.098816
-23.511887 -2.489853 -34.767914
-23.205185 -2.4440765 -35.06584
-22.747803 -2.430725 -35.512924
-22.375107 -2.6412964 -35.36606
-22.034836 -2.7046204 -35.478592
-21.728134 -2.6210785 -35.739517
-21.54007 -2.68898 -35.7399
-21.68312 -2.4341583 -36.0363
-21.584702 -1.6887665 -35.700226
-21.804047 -1.3988495 -35.55069
-22.216415 -1.2268066 -35.771942
-22.13211 -0.96435547 -35.585785
-22.73674 -0.8716583 -35.621643
-22.73674 -0.8716583 -35.621643
-23.295212 -0.5176544 -35.58159
-23.746109 -0.34599304 -35.394287
-24.455643 0.077438354 -35.28061
-24.45221 0.18882751 -35.280228
-24.15123 0.08659363 -35.39276
-24.15123 0.08659363 -35.39276
-24.365997 0.48828125 -35.466003
-24.619293 0.92658997 -35.092926
-24.848175 0.881958 -35.2417
-25.146103 1.0959625 -34.832
-25.653076 0.7472992 -34.125137
-25.857162 0.29563904 -34.051514
-26.537704 0.46081543 -33.5289
-26.929474 0.077438354 -33.825684
-26.766205 0.41618347 -33.974075
-27.193832 0.104904175 -34.121704
-27.322388 -0.3440857 -34.011078
-27.801514 -1.026535 -33.528137
-28.204727 -1.744461 -33.5289
-28.44162 -1.9729614 -33.08258
-28.76854 -2.6878357 -32.897186
-28.354263 -2.823639 -33.047867
-28.198624 -3.856659 -32.566452
-27.96402 -4.813385 -32.30896
-27.836609 -5.5511475 -32.161713
-28.492355 -5.830765 -32.048416
-28.534698 -5.9806824 -32.271957
-28.881454 -6.1397552 -32.271194
-28.95546 -6.0676575 -32.159424
-28.95546 -6.0676575 -32.159424
-28.482056 -6.682968 -31.679153
-28.957367 -7.2914124 -31.679153
-28.860855 -7.8453064 -31.643677
-29.081726 -8.778763 -31.087875
-29.081726 -8.778763 -31.087875
-29.473495 -9.125137 -30.93872
-29.217148 -9.376144 -30.382538
-29.172134 -10.301971 -30.123901
-28.996277 -10.7421875 -30.31044
-29.409409 -11.756134 -30.014038
-29.394913 -12.497711 -29.977798
-29.407883 -12.906265 -29.978561
-29.307938 -13.386154 -30.239868
-28.59726 -13.734436 -30.056381
-28.655243 -14.367676 -30.20668
-28.596115 -14.884949 -29.948044
-28.72963 -15.444946 -29.61464
-28.634644 -16.035843 -29.541397
-28.349686 -16.582108 -28.948212
-27.646637 -17.190552 -29.024887
-26.93863 -17.688751 -29.584503
-26.95427 -18.209457 -30.031204
-26.50032 -18.307114 -30.404282
-26.810837 -18.540573 -30.923843
-26.773834 -18.577194 -31.072617
-25.82016 -18.511581 -31.70662
-25.366974 -18.646622 -32.265472
-25.05951 -18.563461 -32.489395
-25.05951 -18.563461 -32.489395
-25.05951 -18.563461 -32.489395
-24.904633 -18.5215 -32.712555
-25.325012 -18.57109 -32.5634
-25.178528 -18.790436 -33.047104
-24.651337 -18.959808 -33.234787
-24.053192 -19.276047 -33.608627
-23.328781 -19.254303 -33.981705
-23.13652 -19.173813 -33.981705
-22.903824 -19.055557 -34.241867
-22.791672 -19.12651 -34.316635
-22.790909 -19.126892 -34.576416
-22.71614 -19.199753 -34.874344
-22.149658 -19.33136 -35.321808
-21.61522 -19.239426 -34.9514
-21.32454 -19.638443 -34.841537
-20.726013 -19.916153 -34.69429
-20.0428 -19.931793 -34.4738
-19.54918 -19.9543 -34.809494
-18.875885 -20.304108 -34.849167
-18.189621 -20.245743 -35.00023
-18.157578 -20.467758 -35.334396
-17.507935 -20.373154 -35.44693
-16.972733 -20.32013 -35.968018
-16.703415 -20.238113 -36.22818
-16.703415 -20.238113 -36.22818
-15.668488 -19.983673 -36.528015
-15.099716 -20.07866 -37.19902
-14.439392 -19.65065 -37.49771
-13.976288 -19.45076 -37.610245
-14.141083 -19.826889 -37.42485
-14.141083 -19.826889 -37.42485
-14.208984 -19.569016 -37.3497
-14.276886 -19.311142 -37.27455
-14.056015 -19.526672 -37.12654
-13.959885 -18.892288 -36.93962
-13.978195 -19.411469 -36.38344
-13.923264 -20.04013 -36.0878
-14.454651 -20.019531 -36.04927
-14.193726 -20.197296 -36.161804
-14.339066 -20.016861 -36.494827
-14.14032 -19.751358 -36.494446
-13.947678 -19.633484 -36.197662
-14.022827 -19.560623 -35.71396
-13.861465 -19.33403 -36.383057
-14.19754 -19.158936 -36.493683
-13.965225 -19.040298 -36.642456
-13.773727 -19.034958 -37.12616
-14.010239 -19.264603 -36.828613
-13.7031555 -19.143295 -36.68022
-13.474274 -19.174576 -37.275696
-13.479233 -19.323349 -37.276077
-12.944031 -19.194412 -36.98044
-12.893677 -18.859863 -37.388992
-12.702179 -18.779373 -37.203217
-12.442017 -18.956375 -37.09259
-12.361145 -18.843079 -37.31537
-11.950684 -19.051743 -37.094116
-12.137604 -18.946075 -36.90796
-12.042236 -18.349457 -37.018585
-12.003326 -18.310928 -36.907196
-12.003326 -18.310928 -36.907196
-12.084961 -18.499374 -36.906815
-12.119675 -18.38913 -37.055206
-12.240601 -18.615723 -37.09259
-12.158203 -18.428421 -37.35199
-12.119293 -18.390274 -37.388992
-11.500549 -18.074417 -37.53853
-11.64093 -17.746353 -38.05771
-11.64093 -17.746353 -38.05771
-11.371994 -17.663956 -38.170242
-11.252975 -17.51175 -38.24501
-11.602402 -17.744827 -38.095856
-11.077499 -17.988205 -38.28354
-10.995102 -17.762756 -38.134766
-11.096954 -17.395401 -38.3564
-11.09581 -17.396545 -38.83934
-11.993408 -16.904068 -38.464355
-12.145996 -16.94603 -38.500977
-12.0716095 -17.018509 -38.687134
-11.721802 -16.78543 -38.910675
-11.071014 -16.61644 -38.726425
-11.213303 -16.324234 -38.948822
-11.249924 -16.288376 -38.986206
-11.31134 -15.806961 -38.576126
-11.315155 -15.955734 -38.83629
-11.231613 -15.730667 -38.798904
-11.300278 -15.472031 -38.352203
-11.535645 -15.702057 -38.389587
-11.142731 -15.281677 -38.204193
-10.693359 -15.452576 -37.945175
-10.305405 -15.217972 -38.057327
-10.305405 -15.217972 -38.057327
-9.7595215 -14.793015 -38.206482
-9.7595215 -14.793015 -38.206482
-10.105515 -14.915085 -38.09433
-10.161972 -14.323044 -38.204956
-10.493851 -13.999176 -38.20305
-10.658646 -14.412689 -38.240433
-10.285568 -14.661407 -38.61351
-10.571289 -15.301895 -39.096832
-10.002136 -15.32135 -39.061737
-10.299301 -15.107727 -38.91182
-10.776138 -14.565659 -38.835144
-11.08017 -14.537811 -38.425827
-11.464691 -14.661407 -38.38768
-11.23085 -14.431 -38.053894
-11.197662 -14.578629 -38.01689
-10.872269 -13.899994 -37.942123
-10.750961 -13.710785 -38.16452
-11.1076355 -14.204788 -38.610077
-10.879898 -14.235687 -38.94539
-10.885239 -14.4218445 -39.056778
-11.643982 -14.3714905 -39.092255
-11.013794 -13.684082 -39.12964
-11.04393 -13.462067 -39.27803
-10.627747 -13.561249 -39.79988
-9.949493 -13.763046 -39.950943
-10.342026 -14.146042 -39.839554
-10.493851 -14.113617 -39.764404
-10.801697 -14.159393 -39.05754
-10.915756 -14.162827 -39.168167
-10.915756 -14.162827 -39.168167
-10.907745 -13.902664 -39.093018
-10.945129 -13.866425 -38.795853
-11.011505 -13.571548 -38.757706
-11.0385895 -13.20076 -38.311386
-10.929489 -13.345718 -38.20076
-10.733032 -13.154221 -38.275146
-10.727692 -13.005447 -38.34915
-10.727692 -13.005447 -38.34915
-10.995483 -13.088989 -38.83171
-10.99205 -13.015366 -39.128876
-11.222458 -13.058853 -38.905334
-11.232758 -13.393402 -39.092255
-10.863876 -13.715363 -38.796616
-10.714722 -13.784409 -38.61122
-10.258102 -13.770294 -38.686752
-10.247421 -13.436127 -38.68599
-10.189819 -12.878799 -39.131165
-10.523987 -12.629318 -39.12964
-10.906982 -12.71553 -39.05449
-11.140823 -12.908936 -39.20288
-11.493683 -13.216019 -38.942337
-11.190796 -13.28125 -39.16626
-11.221313 -13.097 -39.500046
-11.068344 -13.054657 -39.352036
-10.953903 -13.051224 -39.463425
-11.077499 -13.352585 -39.61258
-10.62088 -13.33847 -39.613724
-10.473633 -13.482285 -39.57672
-10.204697 -13.399887 -39.76326
-10.204697 -13.399887 -39.76326
-10.174561 -12.433243 -39.464188
-10.704041 -12.33902 -39.351654
-10.704041 -12.33902 -39.351654
-11.080551 -12.239838 -39.610672
-11.095428 -12.685394 -39.239883
-11.080551 -13.427353 -39.315796
-10.722733 -14.15863 -39.838028
-10.412216 -13.962936 -39.72664
-10.468292 -13.333893 -39.79988
-10.689163 -13.118362 -40.0959
-10.96611 -12.23526 -39.57367
-11.005783 -12.273788 -39.499664
-10.783768 -12.490082 -39.834976
-10.926056 -12.197876 -39.90822
-10.79216 -12.750626 -39.946365
-10.828018 -12.714767 -40.206528
-10.741043 -12.377548 -40.13176
-10.596466 -12.595367 -39.797974
-10.58197 -12.150192 -39.982986
-10.318375 -12.216187 -39.983368
-10.624313 -12.263107 -40.019608
-10.31456 -12.10556 -40.35492
-10.318756 -12.1788025 -39.612198
-10.542679 -12.037659 -39.463043
-10.738754 -12.2291565 -39.276886
-10.927582 -12.16011 -38.97896
-10.927582 -12.16011 -38.97896
-10.996246 -11.976624 -39.312363
-11.190033 -12.093735 -39.200592
-11.190033 -12.093735 -39.200592
-11.145782 -11.869049 -38.977814
-11.185074 -11.9075775 -39.014816
-10.8932495 -12.307358 -39.313507
-10.551834 -12.333679 -39.388275
-10.105133 -12.654495 -39.649963
-9.763718 -12.681198 -39.614105
-9.755707 -12.421417 -39.502716
-9.560013 -12.229919 -39.39209
-9.628296 -11.972046 -39.205933
-9.947205 -12.426758 -39.131546
-10.141754 -12.543106 -38.759613
-10.136414 -12.393951 -38.87024
-10.105896 -12.615204 -38.833237
-9.75914 -12.4557495 -38.75923
-9.798431 -12.494278 -38.796234
-10.184097 -12.655258 -38.684845
-10.404587 -12.440109 -38.721466
-10.403824 -12.440872 -39.01863
-10.47821 -12.40654 -39.27841
-10.481262 -12.517929 -39.463806
-10.5278015 -12.741089 -39.241028
-10.5278015 -12.741089 -39.241028
-10.540009 -13.112259 -39.1304
-10.099411 -13.618851 -39.39209
-9.616852 -13.975143 -39.356995
-9.170151 -14.295578 -39.544296
-9.276581 -14.113998 -39.915466
-9.584427 -14.234924 -39.95247
-9.317398 -14.226913 -40.324783
-9.317398 -14.226913 -40.324783
-9.328842 -14.598465 -40.511322
-8.782196 -15.286255 -40.327835
-8.427048 -16.053772 -40.330124
-8.080673 -17.081451 -40.146637
-7.762909 -17.850876 -40.148544
-7.342148 -18.94989 -39.96582
-6.377411 -19.698715 -40.081024
-5.9158325 -20.685196 -39.56375
-5.81131 -22.166061 -39.52942
-5.570984 -22.937775 -39.271164
-5.990982 -24.176025 -39.086533
-6.3217163 -25.00267 -39.04991
-5.81131 -25.616074 -38.309097
-5.121231 -26.633072 -38.201523
-4.2030334 -27.567291 -37.425232
-3.3428192 -29.172516 -37.133408
-2.3448944 -30.031967 -37.0636
-2.117157 -31.13594 -36.13739
-1.2653351 -31.776047 -35.435486
-0.5329132 -32.567978 -34.584045
0.43563843 -33.092117 -33.43544
1.5983582 -33.49991 -32.435608
2.898407 -34.348297 -31.473923
4.220581 -34.52835 -30.660248
5.385971 -34.936905 -30.589676
6.4598083 -34.60617 -30.257416
7.039261 -34.290314 -29.81224
8.273697 -33.694077 -29.331589
9.299469 -33.623505 -28.51677
10.668182 -33.580017 -28.149414
12.014389 -33.054733 -27.85492
12.014389 -33.054733 -27.85492
13.285446 -32.495117 -27.486038
14.542007 -31.193542 -26.892471
15.975189 -30.33142 -26.560211
17.575073 -28.981781 -26.00441
18.93158 -28.122711 -25.671768
20.029068 -27.08664 -25.710297
20.933533 -26.093292 -25.339127
21.419907 -25.15068 -25.413132
22.031021 -23.869705 -25.374985
22.727203 -23.476028 -25.15297
22.727203 -23.476028 -25.15297
22.69783 -21.992493 -24.964142
23.265839 -20.861435 -24.889374
23.181915 -19.86084 -24.181747
23.64502 -18.398285 -23.586273
24.166489 -17.565536 -23.734665
23.99559 -16.939545 -23.361588
24.35112 -16.519928 -23.361969
23.92044 -15.755081 -23.61908
23.924255 -15.6059265 -23.433304
23.9357 -15.271759 -23.693085
23.501587 -14.580917 -23.690796
23.389435 -14.510345 -23.802185
23.516846 -14.136505 -24.173355
23.675919 -13.909531 -24.136353
23.833466 -13.794708 -24.842072
24.082947 -13.156128 -25.064087
24.082947 -13.156128 -25.064087
23.57521 -12.430954 -25.470352
23.673248 -11.83548 -26.397705
24.014664 -10.712433 -26.879883
24.301529 -10.07309 -27.065277
25.227356 -9.635925 -26.992416
25.475693 -8.959579 -26.58348
25.917053 -8.2408905 -26.731491
25.917053 -8.2408905 -26.731491
25.937653 -7.6473236 -27.288055
25.943756 -6.3121796 -27.879715
26.257324 -4.855728 -28.323746
25.979614 -4.0481567 -28.544998
26.434708 -2.9598236 -29.250336
26.141357 -2.6729584 -29.769897
26.054382 -1.8600464 -29.991531
26.036453 -1.2676239 -30.435944
25.06218 -0.8529663 -30.692291
25.113678 -0.44326782 -30.728912
24.77951 -0.23231506 -31.432724
24.676514 0.09727478 -31.69136
24.916458 0.47607422 -31.765747
24.327087 1.0128021 -32.543182
23.841095 1.2191772 -33.136368
23.192978 2.273941 -33.839417
22.68982 3.1097412 -34.765244
22.577286 4.330826 -34.762955
22.404861 4.8446655 -34.947586
22.29271 4.8778534 -35.281372
21.966934 5.34935 -35.57701
21.966934 5.34935 -35.57701
21.408081 5.665207 -36.057663
21.216965 6.8092346 -36.315155
21.216965 6.8092346 -36.315155
20.746994 7.5359344 -36.61003
20.467758 8.344269 -36.310577
20.043182 9.294891 -36.753845
19.341278 9.903336 -36.93657
18.67714 10.513306 -37.1933
18.27507 10.982513 -37.488556
18.161774 11.016846 -37.265396
18.582153 11.066055 -37.675095
18.740082 11.256409 -37.4897
18.729782 10.92186 -37.601852
18.691254 10.882187 -38.010406
18.456268 10.651779 -37.973022
18.7603 10.661316 -37.973785
19.029236 10.743332 -38.159943
18.911362 10.6285095 -38.085175
18.429947 11.022186 -38.195038
18.093872 11.159134 -38.788605
17.41867 11.435318 -38.638306
17.541504 11.698914 -38.712692
17.430115 11.769104 -38.897705
17.364883 12.100983 -38.896942
17.131424 11.9075775 -39.305115
16.716385 11.930466 -40.00969
16.072464 11.946487 -40.528107
15.341949 11.663437 -40.786743
14.608002 12.456512 -40.857315
14.608002 12.456512 -40.857315
13.790131 13.061905 -40.66887
13.943863 13.141251 -40.2977
13.381195 13.383865 -40.221405
13.398743 12.715912 -40.70549
12.842941 11.91864 -41.18843
12.041092 11.744308 -41.85562
11.756134 11.141205 -41.93039
10.999298 11.265945 -41.706085
10.635376 11.774063 -41.703796
9.836197 11.786652 -41.25557
9.503174 12.035751 -41.55159
9.465027 11.997223 -41.885757
9.531403 11.702728 -41.73813
9.838867 11.78627 -42.036057
10.533524 12.104416 -42.25998
10.998154 12.378693 -42.33513
11.766815 12.586594 -43.042374
11.851501 12.848663 -43.301773
11.513519 13.024521 -42.892075
10.77652 13.743591 -42.88864
9.666061 14.711761 -42.437744
9.378052 15.184784 -42.510986
8.828735 15.759659 -43.214417
8.655167 15.086365 -43.21518
7.994461 14.620209 -43.400574
7.818222 13.872528 -43.43834
6.8984985 13.658905 -43.325043
6.269455 14.158249 -43.61992
6.0001373 14.075851 -43.43338
5.104065 14.567184 -43.504715
5.0964355 14.306641 -43.69049
5.0964355 14.306641 -43.69049
5.176544 14.457703 -43.57834
5.431366 15.282059 -43.72673
5.9322357 15.52124 -43.504715
6.2488556 15.9023285 -43.5421
6.10466 16.157532 -43.35594
6.260681 16.311264 -43.021393
6.2438965 16.94069 -43.354416
6.2171936 17.27295 -43.614197
6.560898 17.282867 -44.0979
6.2789917 16.753769 -44.469833
6.3884735 16.608429 -44.544983
6.3533783 16.719055 -44.39583
6.3476562 16.571426 -44.02466
6.731415 16.695023 -43.98842
6.9438934 16.220093 -43.69278
7.047653 15.927124 -43.359756
7.246399 16.192245 -43.545914
7.4188232 15.678406 -43.1015
7.301712 15.600204 -43.175507
7.377243 15.565109 -43.398285
7.175827 15.188217 -43.47229
6.196594 15.416718 -44.026184
5.8620453 15.666199 -43.838882
5.7865143 15.701294 -43.616104
5.537033 15.063095 -43.319702
6.4331055 14.571762 -43.323135
6.719589 13.986588 -43.73398
7.010269 13.550186 -43.846893
7.6942444 13.534164 -43.88542
7.9185486 13.430405 -43.62564
7.9971313 13.544846 -43.067932
7.4653625 13.565445 -42.99164
6.912613 14.104462 -43.21289
6.375885 15.125656 -43.507385
6.320572 15.716171 -44.249344
6.494522 16.389084 -44.396973
6.8813324 16.62445 -44.062805
7.032013 16.592407 -43.914795
6.6612244 16.915894 -43.46733
6.5898895 17.100143 -43.09578
6.158066 17.865753 -42.90695
5.7533264 18.298721 -42.75589
5.699539 19.002533 -42.56897
6.038666 18.901825 -42.495728
6.3388824 18.724823 -43.240356
6.6013336 18.58406 -43.538666
6.263733 17.496109 -44.13452
5.728531 17.404938 -44.393158
4.9591064 17.121124 -44.317245
4.570389 16.887283 -43.982315
5.1101685 17.164612 -43.611145
4.8786163 17.00821 -43.833923
4.966736 16.156769 -44.207382
5.1143646 15.975189 -44.50569
4.7973633 15.556717 -44.654083
5.1288605 15.233231 -44.65561
5.4466248 15.726471 -44.135666
6.0131073 15.671158 -43.468094
6.5494537 15.799332 -43.544006
6.789398 16.215897 -43.061066
6.789398 16.215897 -43.061066
7.4207306 15.791702 -42.505646
7.2631836 15.563202 -43.100357
7.0178986 15.074539 -42.31987
7.2898865 14.043808 -42.507935
6.83403 14.028931 -42.692947
7.1704865 13.929749 -41.8396
7.577133 13.571548 -41.87851
7.6934814 13.687134 -41.43219
8.139801 13.366699 -41.805267
8.004761 12.655258 -42.549133
8.010101 12.803268 -42.920303
7.9544067 12.244415 -43.255615
7.7136993 11.828613 -43.293
7.835388 12.093735 -42.921448
7.5977325 11.788559 -42.995834
7.1388245 11.700439 -42.809677
7.291794 11.742783 -42.512894
7.3120117 11.1866 -42.625427
7.6042175 10.825729 -42.292404
7.797241 10.905075 -42.663956
7.1365356 10.476303 -42.736816
6.894684 10.060883 -42.513275
6.6280365 10.05249 -42.58728
6.8645477 10.282135 -42.81044
7.206726 10.293198 -42.62619
7.1926117 11.034393 -42.66205
7.038498 10.955429 -42.81006
6.770706 10.948181 -42.25197
6.6459656 11.721802 -43.104553
6.3106537 11.93428 -43.178177
6.178665 12.560654 -43.17665
5.7476044 13.326263 -43.359756
5.5519104 14.397049 -42.651367
5.568695 14.917374 -42.538834
5.275345 15.242004 -42.463684
5.3840637 15.097046 -42.24205
5.290222 14.537811 -42.20581
4.945755 14.451981 -42.502594
4.8355103 14.559555 -42.72461
4.484558 14.289093 -42.724228
4.219055 14.279938 -43.28041
3.8993835 13.750076 -43.651962
3.326416 13.657379 -43.836594
2.8038025 13.937378 -44.0567
2.3887634 14.035797 -43.907166
2.104187 14.657593 -43.756866
1.8089294 14.945984 -43.346786
1.4648438 14.860535 -43.458176
1.3820648 14.673233 -43.086624
1.4507294 14.414978 -43.458557
1.593399 14.122772 -43.57071
1.663971 13.939285 -43.831253
1.8234253 14.166641 -43.79425
1.8276215 14.353943 -43.050766
2.2319794 13.883591 -43.35022
2.1526337 13.76915 -43.535995
1.5979767 14.271545 -43.421936
1.5979767 14.271545 -43.421936
1.5987396 14.347076 -42.864227
1.28479 14.040375 -43.087006
0.9674072 13.584518 -43.60695
0.8644104 12.727356 -43.719864
0.8644104 12.727356 -43.719864
0.9311676 12.432861 -43.757248
0.7419586 12.426376 -43.94226
0.6702423 12.610626 -43.49594
0.6637573 12.425995 -43.199158
0.23460388 12.116241 -42.790222
-0.49476624 11.907959 -42.603302
-0.8972168 11.190033 -42.67845
-0.9654999 11.447144 -42.49153
-1.2390137 11.178207 -42.974854
-0.86746216 10.930634 -42.790222
-0.6725311 11.085129 -42.67845
-0.7167816 10.860825 -43.013382
-0.18577576 10.878372 -42.34581
-0.30288696 10.800934 -42.160034
-0.68626404 10.715103 -41.973495
-1.03302 10.593414 -41.824722
-1.4572144 10.356522 -42.343903
-1.5354156 10.279846 -42.455673
-1.2664795 10.362625 -42.456436
-1.3763428 10.4702 -42.53006
-1.6967773 11.166382 -42.1566
-2.1614075 12.117004 -41.70723
-2.558899 12.772369 -41.555786
-2.558899 12.772369 -41.555786
-2.558899 12.772369 -41.555786
-2.5146484 12.997055 -41.220856
-2.3292542 12.891769 -40.924072
-2.2827148 11.965179 -41.111755
-2.3082733 11.185837 -41.039276
-2.9518127 11.27739 -40.92636
-3.288269 11.414719 -41.259384
-3.5766602 11.888504 -41.220474
-3.4427643 12.485886 -41.293716
-3.137207 12.532806 -41.18271
-3.2176971 12.41951 -40.737152
-2.7580261 12.582779 -40.366745
-3.186798 12.272644 -40.254974
-3.4877777 12.374115 -40.3656
-3.6827087 12.219238 -40.625763
-4.2201996 12.016678 -40.959167
-4.259491 11.978531 -40.88478
-4.1168213 11.685944 -40.774155
-4.206848 11.237717 -40.70053
-4.0534973 11.279678 -40.66353
-4.0161133 11.243439 -40.924072
-3.8230896 11.362076 -40.66353
-3.8326263 11.102676 -40.18135
-3.8326263 11.102676 -40.18135
-3.8757324 10.953522 -39.92119
-3.90625 11.174393 -40.06958
-4.138565 11.055756 -40.106583
-4.3632507 11.159515 -40.25421
-4.134369 11.203766 -40.031815
-4.134369 11.203766 -40.031815
-4.286194 11.236572 -39.88266
-4.0935516 11.317444 -39.62288
-4.050827 11.468124 -39.28795
-4.3125153 11.645889 -38.840866
-6.531143 11.282349 -37.908173
-6.452179 11.396408 -37.72316
-6.533432 11.207962 -38.131714
-6.578064 11.058807 -37.462997
-6.5387726 11.097336 -37.425613
-6.0222626 10.631561 -37.20436
-6.021118 10.706329 -36.75804
-5.98526 10.595703 -37.241364
-5.9093475 10.597992 -37.241364
-6.018448 10.780334 -36.943817
-5.847931 11.342239 -36.90605
-5.467224 12.466049 -37.685013
-5.557251 13.167191 -38.31482
-5.417633 12.80098 -38.24196
-5.6438446 12.905884 -37.795258
-5.69191 12.607193 -37.647247
-5.4656982 12.57782 -37.387848
-5.2215576 11.87973 -37.57553
-4.655838 11.749649 -37.391663
-5.010605 11.368179 -37.168503
-5.5667877 11.796188 -37.277603
-5.953598 11.598206 -37.091064
-6.1332703 11.927032 -37.08992
-5.5233 11.9831085 -37.12845
-5.5519104 12.2795105 -36.979294
-5.511856 12.317657 -37.239075
-5.3627014 12.210846 -37.27684
-5.627823 12.277222 -36.904526
-5.3985596 12.320709 -36.94229
-5.602646 13.056564 -37.163544
-5.1754 13.367081 -36.941147
-5.1754 13.367081 -36.941147
-5.0914764 13.629532 -36.75537
-4.46434 14.205933 -36.83052
-3.8467407 14.522171 -36.497116
-4.0592194 14.997482 -36.71913
-3.9855957 14.925766 -36.533356
-3.9863586 14.926147 -36.23581
-3.837967 14.781952 -36.645126
-3.422165 14.721298 -36.42273
-3.433609 15.537262 -36.681366
-3.5346985 15.980148 -36.30867
-3.5346985 15.980148 -36.30867
-3.6849976 16.049576 -36.271286
-3.829193 16.267014 -36.60469
-3.7231445 16.010284 -36.494446
-3.886032 15.633011 -36.865997
-3.8703918 16.154099 -36.419296
-3.8967133 16.562271 -35.972977
-3.7368774 16.827774 -35.897827
-3.9440155 17.489624 -35.933304
-4.3190002 17.625809 -36.19232
-4.0527344 17.634201 -36.1187
-3.9604187 18.118286 -36.41548
-3.5758972 18.2415 -36.49063
-3.0513763 18.035889 -35.971832
-3.0513763 18.035889 -35.971832
-3.224945 18.55011 -35.8593
-3.3432007 18.435669 -35.673904
-3.3802032 18.471527 -35.71129
-3.2421112 19.2173 -35.8593
-3.3634186 18.990326 -35.822296
-3.2169342 18.80951 -35.786057
-3.0590057 19.037628 -35.191727
-3.2604218 18.697739 -35.00557
-3.1925201 18.440247 -35.191345
-3.409958 18.804932 -34.96666
-3.409958 18.804932 -34.96666
-3.5114288 19.172668 -35.337067
-3.6651611 19.093323 -35.63423
-3.4217834 19.583511 -35.48584
-3.3100128 19.475174 -35.82077
-2.9525757 18.781662 -35.63652
-2.6340485 19.236755 -35.673523
-3.2482147 19.069672 -35.44922
-3.3123016 19.476318 -35.15091
-3.8303375 19.905472 -35.149002
-4.2873383 19.891357 -35.03647
-4.0985107 19.822311 -35.223007
-4.2900085 19.74144 -35.408783
-4.5093536 20.031357 -35.333633
-4.5093536 20.031357 -35.333633
-4.550934 19.919205 -35.222244
-4.321289 19.963837 -35.3714
-4.1267395 20.156479 -34.999847
-3.8276672 20.018005 -34.778214
-3.3237457 20.33043 -34.70497
-3.4984589 20.84465 -34.331894
-3.9489746 20.978165 -34.62715
-4.0245056 20.975113 -34.73854
-4.478836 21.035004 -34.848785
-4.8664093 20.8004 -34.885406
-4.8664093 20.8004 -34.885406
-4.847336 20.24498 -34.62715
-4.76799 20.35904 -34.700775
-4.154587 20.527267 -34.664536
-3.8497925 20.574188 -34.516525
-3.6491394 20.91446 -34.516144
-3.88031 20.833206 -34.36737
-4.4994354 20.516968 -34.106445
-4.5692444 20.700455 -34.03206
-4.333496 20.930481 -33.995056
-4.515457 21.184921 -33.73413
-4.469681 21.409225 -33.696747
-4.3094635 21.673965 -33.77037
-4.3849945 21.670914 -33.955765
-4.188919 21.862411 -34.141922
-4.188919 21.862411 -34.141922
-4.534912 21.73996 -34.14116
-4.4288635 21.483612 -34.0683
-4.194641 21.714783 -33.73413
-3.9302826 21.648788 -33.80928
-3.7704468 21.914291 -33.549118
-4.258728 22.122574 -33.213043
-4.413986 22.006226 -33.28743
-4.676056 22.146988 -33.10051
-4.3670654 22.26677 -33.472824
-4.3670654 22.26677 -33.472824
-3.8230896 22.616577 -33.77037
-4.0424347 22.906876 -33.69522
-4.0470123 22.75772 -33.88138
-3.901291 22.577667 -33.696365
-4.0489197 22.721863 -33.54683
-4.008484 22.759247 -33.80661
-3.5778046 23.143387 -33.695602
-3.3866882 23.224258 -33.138275
-3.5160065 22.737885 -33.36258
-3.1841278 22.452164 -33.103943
-3.64151 22.438812 -32.805634
-3.862381 22.654343 -33.02803
-3.6510468 23.328781 -32.84111
-3.648758 23.403168 -32.766342
-3.527069 23.62938 -32.914352
-3.7223816 23.4375 -33.099365
-3.6968231 23.067474 -32.951355
-3.842926 23.286438 -32.542038
-3.7483215 22.695923 -32.432175
-3.7483215 22.695923 -32.432175
-3.804779 23.324966 -32.31964
-4.065323 23.502731 -32.24449
-4.594803 23.559189 -32.6149
-5.003357 23.843384 -32.57599
-5.003357 23.843384 -32.57599
-4.8599243 23.550415 -32.725525
-4.8217773 23.513412 -33.060455
-4.296875 23.270416 -33.135986
-3.7555695 23.546982 -33.322525
-3.6476135 23.403168 -32.914352
-3.4244537 23.262024 -33.026123
-3.2253265 23.526764 -33.32405
-3.268814 23.377228 -32.990265
-3.1147003 23.418045 -33.325195
-3.2974243 23.672485 -32.95288
-3.5549164 23.999786 -32.28264
-3.792572 23.695374 -32.356644
-4.2118073 23.64502 -32.57866
-4.145813 23.31314 -32.69081
-4.3403625 23.159027 -32.8022
-4.518509 23.524094 -32.987213
-4.445648 23.45314 -32.616043
-4.743576 23.666382 -32.28035
-4.6676636 23.66867 -32.16858
-4.4441223 23.527145 -32.28035
-4.358673 23.82698 -32.05681
-4.0870667 23.984528 -32.243347
-4.278183 23.903275 -32.72667
-4.278183 23.903275 -32.72667
-4.278183 23.903275 -32.72667
-4.1950226 24.129105 -32.50389
-4.4994354 24.119568 -32.577133
-4.6875 24.18785 -32.57675
-4.48761 24.528885 -32.20482
-4.64592 24.375916 -31.87027
-4.8728943 24.40567 -32.01866
-4.5799255 24.080276 -31.833649
-5.082321 23.84262 -31.684113
-5.2352905 23.80066 -31.758118
-5.2375793 23.726273 -31.646347
-5.532837 23.97728 -31.942749
-5.683899 24.009705 -31.793976
-6.0195923 24.184418 -32.052994
-5.7186127 24.082565 -32.16591
-5.765915 23.783493 -32.203293
-5.458832 23.866653 -32.50122
-5.2692413 23.873138 -32.24144
-5.4561615 23.978424 -32.240677
-5.287552 24.541855 -31.645966
-5.1670074 24.768448 -31.385803
-5.2394867 24.877167 -31.608582
-5.195236 25.064087 -31.571198
-5.2360535 24.95079 -31.979752
-5.2360535 24.95079 -31.979752
-5.053711 24.696732 -32.16629
-4.895401 24.84932 -32.388687
-4.898834 24.700165 -32.76024
-4.806137 24.034882 -32.61261
-4.5150757 23.59848 -32.76291
-4.5150757 23.59848 -32.76291
-4.2289734 23.051071 -32.727814
-3.7338257 23.104095 -32.580566
-3.565979 23.591614 -32.803345
-3.447342 23.743057 -32.914734
-2.846527 23.463821 -33.62274
-2.8625488 22.943115 -33.995056
-3.1013489 22.563553 -34.441376
-3.0094147 21.823883 -34.92546
-3.2798767 21.704102 -34.627533
-3.3184052 21.665573 -34.962082
-2.9891968 21.230316 -35.22377
-2.8858185 20.82367 -36.079407
-3.012085 20.411682 -36.377335
-2.8396606 19.822693 -36.639023
-2.8560638 19.301987 -36.82518
-3.1234741 19.294357 -36.452866
-2.9903412 18.704224 -36.56578
-2.980423 17.851257 -36.344147
-3.2222748 17.436218 -36.195755
-3.2474518 16.656113 -36.271667
-3.5224915 16.38832 -36.08551
-3.2234192 16.211319 -36.421204
-3.0517578 15.622711 -36.608887
-3.1795502 15.17334 -36.72104
-2.8533936 14.663696 -36.90834
-3.409195 13.942337 -36.610413
-3.6056519 13.750458 -36.60965
-3.8547516 13.112259 -36.275482
-3.8700104 12.630081 -36.20224
-3.8700104 12.630081 -36.20224
-3.7025452 11.930466 -36.018753
-3.6567688 10.967255 -36.095047
-3.5461426 10.859299 -36.09543
-4.031372 9.952545 -36.170197
-4.078293 9.653473 -36.504745
-3.7528992 9.143829 -36.394882
-3.1578064 8.754349 -36.39717
-2.4047852 8.5186 -36.51085
-2.3925781 8.8897705 -36.69586
-2.8446198 9.024811 -36.50894
-2.9338837 8.576584 -36.80687
-3.319168 8.415222 -36.880493
-2.8835297 7.7991486 -36.51123
-2.5047302 7.736206 -36.884308
-2.6985168 7.6560974 -36.400986
-3.0685425 7.9792023 -36.213684
-3.3863068 7.5611115 -36.102295
-3.5541534 7.073593 -36.065292
-3.6773682 6.7733765 -36.214066
-3.7994385 6.4712524 -36.84616
-3.911209 6.5036774 -37.291718
-3.7944794 6.618881 -36.920166
-3.983307 6.687546 -36.73401
-3.9455414 6.726837 -36.28807
-3.9863586 6.689453 -35.768127
-4.3312073 6.529236 -36.54747
-4.2453766 6.7905426 -36.993027
-3.9787292 6.798935 -36.99379
-4.080963 7.1289062 -37.438583
-4.0885925 6.944275 -36.807632
-4.0885925 6.944275 -36.807632
-4.179764 6.4971924 -36.436462
-4.270935 6.05011 -36.065292
