0.2134552 0.025863647 -0.037704468
0.2134552 0.025863647 -0.037704468
0.2134552 0.025863647 -0.037704468
-0.11152649 0.1614685 0.058792114
-0.06326294 0.10771179 -0.012054443
-0.23736572 0.13276672 -0.073135376
-0.37236023 0.17063904 -0.027328491
-0.4768219 0.1590271 0.042922974
-0.5183716 0.287323 0.0129852295
-0.3961792 0.39115906 -0.056640625
-0.2825775 0.24760437 -0.10246277
-0.2831726 0.17430115 -0.1281128
-0.45788574 0.24333191 -0.1953125
-0.72483826 0.4492035 -0.31565857
-0.9777374 0.29647827 -0.3229828
-1.1445007 -0.17144775 -0.16293335
-1.2165833 -0.30522156 -0.027938843
-1.1347351 0.1614685 -0.16966248
-0.9252014 0.51638794 -0.3596344
-0.65885925 0.4699707 -0.1635437
-0.3821411 0.0435791 0.24023438
-0.26057434 -0.0077209473 0.4436493
-0.24468994 0.54325867 0.4002838
-0.05960083 0.8242645 0.34040833
0.21833801 0.49684143 0.30619812
0.33563232 0.25737 0.26771545
0.2494812 0.121154785 0.099731445
0.14564514 -0.24351501 0.06796265
0.042404175 -0.32904053 0.21212769
0.027130127 -0.41822815 0.2939911
0.1987915 -0.29849243 0.23228455
0.47550964 -0.14945984 0.22189331
0.802948 -0.12135315 0.29214478
0.96788025 -0.4725952 0.37156677
0.87013245 -0.9447937 0.33369446
0.65205383 -1.3223267 0.17608643
0.33744812 -1.0565948 0.12232971
-0.07121277 -0.10118103 0.2548828
-0.25813293 0.14987183 0.27749634
-0.069381714 -0.033996582 0.043533325
0.17068481 -0.0413208 -0.13789368
0.27209473 0.18591309 -0.21058655
0.28125 0.30014038 -0.33093262
0.2849121 0.4406433 -0.34681702
0.22566223 0.3710022 -0.18431091
0.15052795 0.2763214 -0.12750244
0.1303711 0.2897644 -0.19836426
0.15908813 0.3514557 -0.25273132
0.13220215 0.31602478 -0.23440552
0.1975708 0.41558838 -0.17881775
0.45291138 0.4259796 -0.20263672
0.40586853 0.009979248 -0.21546936
0.04118347 -0.30278015 -0.15133667
-0.12924194 -0.43289185 -0.112838745
-0.017456055 -0.18060303 -0.02671814
0.1462555 0.17002869 -0.011444092
0.21894836 0.2922058 -0.043823242
0.022857666 0.06678772 -0.041381836
-0.038223267 0.07839966 -0.04626465
0.050964355 0.1736908 -0.048706055
0.17131042 0.26776123 -0.027938843
0.19023132 0.23110962 -0.025497437
0.17375183 0.2237854 -0.012054443
0.23483276 0.17857361 -0.05053711
0.22688293 0.028305054 -0.10185242
0.1486969 -0.011383057 -0.06764221
0.21162415 0.22805786 -0.117126465
0.28735352 0.28486633 -0.16720581
0.12243652 0.03135681 -0.11895752
-0.029052734 -0.029724121 -0.088409424
0.179245 0.3044281 -0.09207153
0.33929443 0.36306763 -0.0065612793
0.10960388 0.27388 0.0856781
-0.22453308 0.07778931 0.16264343
-0.54707336 -0.19404602 0.28604126
-0.7437744 -0.2227478 0.35202026
-0.51408386 -0.091415405 0.2829895
-0.036392212 0.03930664 0.15715027
0.14257812 0.24455261 0.099121094
0.018585205 0.22866821 0.14859009
-0.17199707 -0.050491333 0.2781067
-0.37664795 -0.34431458 0.43081665
-0.27401733 -0.14212036 0.4772339
0.25621033 0.3074646 0.35629272
0.55981445 0.5102844 0.2157898
0.38204956 0.34230042 0.13699341
0.082717896 0.13703918 0.18890381
-0.109695435 0.05885315 0.3196411
-0.2770691 0.072906494 0.4460907
-0.2318573 0.287323 0.4900818
-0.00340271 0.323349 0.5047455
0.07661438 0.39604187 0.45768738
0.10470581 0.38505554 0.31047058
0.041793823 0.20362854 0.123550415
-0.1151886 0.088775635 0.011169434
-0.22392273 0.08389282 0.083236694
-0.2294159 0.2518921 0.20602417
-0.17504883 0.51760864 0.20478821
-0.12680054 0.71736145 0.1516571
0.066223145 0.8377075 0.1027832
0.25498962 0.63490295 0.05026245
0.08332825 0.24455261 0.07467651
-0.2135315 -0.23191833 0.19197083
-0.36076355 -0.5239105 0.3086548
-0.4792633 -0.5465088 0.34223938
-0.517746 -0.103637695 0.3123169
-0.017456055 0.5683136 0.24938965
0.12792969 0.59213257 0.2988739
-0.27645874 0.41436768 0.44303894
-0.5916748 0.060684204 0.6079712
-0.7743225 -0.19831848 0.731369
-0.75782776 -0.060256958 0.73625183
-0.16345215 0.350235 0.5920868
0.20794678 0.24882507 0.47297668
-0.1640625 0.06556702 0.5542145
-0.6490936 -0.17449951 0.77597046
-0.870224 -0.23374939 0.926239
-0.7627106 -0.04499817 0.91096497
-0.33387756 0.20729065 0.768631
-0.030883789 0.21768188 0.5847626
-0.041885376 0.31358337 0.45892334
-0.18727112 0.38993835 0.48091125
-0.27401733 0.24577332 0.5548248
-0.2611847 -0.071258545 0.5682678
-0.23858643 -0.2374115 0.5248871
-0.20681763 -0.15739441 0.48457336
-0.1628418 0.027694702 0.4998474
-0.12435913 0.1113739 0.5707092
-0.14756775 0.05456543 0.6354523
-0.18727112 0.03868103 0.64645386
-0.21781921 0.0741272 0.6104126
-0.23614502 0.20484924 0.6287384
-0.1982727 0.35206604 0.69532776
-0.027832031 0.29769897 0.716095
0.06867981 0.061294556 0.64279175
0.021026611 -0.058425903 0.56521606
-0.15428162 -0.123794556 0.61102295
-0.44934082 -0.13417053 0.75335693
-0.5452423 0.03440857 0.8236084
-0.3430481 0.15414429 0.79122925
-0.11029053 0.15536499 0.7063141
-0.05166626 0.15719604 0.5957489
-0.28379822 0.1455841 0.49801636
-0.4420166 0.26837158 0.51512146
-0.3925171 0.31114197 0.6708832
-0.33937073 0.15719604 0.7484741
-0.32289124 0.041748047 0.7038727
-0.39924622 -0.062088013 0.6348572
-0.63442993 -0.24597168 0.587204
-0.8451843 -0.0718689 0.60369873
-0.612442 0.13276672 0.6104126
-0.1811676 0.036865234 0.61712646
0.10043335 -0.02116394 0.54016113
0.13587952 0.11566162 0.35385132
0.26109314 0.20240784 0.22557068
0.36006165 0.22012329 0.18830872
0.15664673 0.16880798 0.24328613
-0.085861206 0.1272583 0.28848267
-0.11213684 0.02281189 0.28909302
-0.14512634 0.0038757324 0.23106384
-0.27157593 0.017318726 0.17547607
-0.21598816 0.117492676 0.2854309
0.118774414 0.3868866 0.3110962
0.28431702 0.31541443 0.2316742
0.0045318604 0.0105896 0.10949707
-0.3112793 -0.16288757 0.03804016
-0.28683472 -0.027893066 0.0044403076
-0.0687561 0.09794617 -0.03404236
0.14686584 0.058242798 -0.056640625
0.2629242 -0.08103943 -0.007171631
0.18473816 -0.14151001 0.060638428
-0.017456055 -0.15068054 0.055755615
-0.12617493 -0.19099426 0.068573
-0.09503174 -0.14395142 0.1015625
0.033233643 -0.095687866 0.1027832
0.099823 -0.095687866 0.1174469
0.058288574 -0.08470154 0.1357727
-0.014389038 -0.046218872 0.12904358
-0.08036804 -0.02482605 0.107055664
-0.109069824 -0.035217285 0.08262634
-0.09197998 -0.063323975 0.07711792
-0.07548523 -0.066986084 0.07040405
-0.041885376 -0.047439575 0.056350708
0.014312744 -0.023605347 0.07467651
0.06439209 -0.08287048 0.07652283
0.07661438 -0.107910156 0.06796265
0.009429932 -0.08041382 0.06430054
-0.093811035 -0.08041382 0.049041748
-0.12069702 -0.08226013 0.04660034
-0.041275024 -0.043777466 0.036819458
0.1181488 -0.012008667 -0.011444092
0.21528625 -0.0016326904 -0.03831482
0.1804657 -0.004058838 -0.029769897
0.03630066 0.012420654 0.0032196045
-0.08648682 0.06617737 0.0178833
-0.04798889 0.11381531 0.00077819824
0.057678223 0.04296875 -0.0132751465
0.031417847 -0.08103943 -0.021209717
-0.009506226 -0.059646606 -0.03465271
0.043624878 0.052124023 -0.060302734
0.06929016 0.041748047 -0.073135376
-0.0009613037 -0.03765869 -0.040756226
-0.07121277 -0.055374146 -0.025497437
-0.06816101 -0.015670776 -0.02671814
-0.038223267 0.015472412 -0.0309906
0.0069732666 0.017913818 -0.043823242
-0.00340271 -0.02116394 -0.052978516
-0.046157837 -0.054153442 -0.056030273
-0.022338867 -0.01689148 -0.040756226
0.037521362 -0.006500244 -0.04748535
0.049118042 -0.034606934 -0.06581116
0.03201294 -0.02482605 -0.056030273
0.010650635 0.020355225 -0.040161133
0.0027160645 0.04296875 -0.032821655
0.021636963 0.015472412 -0.027938843
0.04118347 -0.042541504 -0.020599365
0.0045318604 -0.03704834 -0.019989014
-0.012573242 -0.0101623535 -0.03404236
0.018585205 0.005706787 -0.037704468
0.031417847 0.026473999 -0.036483765
0.015533447 -0.006500244 -0.032211304
-0.016235352 -0.046829224 -0.021820068
-0.03578186 -0.012008667 -0.0132751465
0.0027160645 0.02281189 -0.033432007
0.061950684 -0.0034484863 -0.048706055
0.046066284 -0.059036255 -0.033432007
0.015533447 -0.071258545 -0.02305603
0.03691101 -0.038879395 -0.03404236
0.087005615 -0.009567261 -0.037704468
0.09921265 0.020355225 -0.02243042
0.050338745 0.026473999 -0.016326904
-0.007675171 0.019760132 -0.009002686
0.022857666 0.008758545 -0.01876831
0.09005737 -0.0028533936 -0.044418335
0.09249878 -0.016281128 -0.044418335
0.07722473 -0.03338623 -0.019989014
0.08578491 -0.03643799 0.0032196045
0.074783325 -0.035827637 0.012390137
0.050338745 -0.020553589 0.0154418945
0.013687134 -0.0059051514 0.003829956
-0.016830444 -0.021774292 -0.032211304
-0.004623413 -0.041931152 -0.04260254
0.035079956 0.011199951 -0.021209717
0.05706787 -0.0413208 -0.04260254
0.03691101 -0.079193115 -0.052368164
-0.0015716553 -0.0572052 -0.041381836
-0.026000977 -0.0071258545 -0.029769897
-0.015609741 0.029525757 -0.04748535
0.007598877 0.030136108 -0.07984924
0.0051574707 -0.0046844482 -0.09573364
-0.024780273 -0.02545166 -0.08047485
-0.049209595 -0.022994995 -0.05480957
-0.05532837 -0.02848816 -0.040756226
-0.057159424 -0.095687866 -0.07559204
-0.077926636 -0.123184204 -0.12322998
-0.048599243 -0.08163452 -0.11651611
0.054016113 -0.054153442 -0.08963013
0.12915039 -0.029724121 -0.07984924
0.1169281 -0.0077209473 -0.06642151
0.08944702 0.017318726 -0.03526306
0.15420532 0.07472229 -0.041381836
0.20733643 0.064956665 -0.07437134
0.1315918 0.045410156 -0.07130432
0.025299072 0.007537842 -0.057266235
-0.008895874 -0.01322937 -0.06581116
0.0057525635 0.0105896 -0.06947327
0.03201294 0.029525757 -0.07069397
0.018585205 0.019134521 -0.06336975
-0.010726929 0.0063171387 -0.055419922
-0.012573242 -0.013839722 -0.062149048
0.0033111572 -0.018112183 -0.05970764
0.0039367676 -0.02482605 -0.03526306
-0.033935547 -0.012619019 -0.012664795
-0.0675354 0.013031006 0.00932312
-0.061431885 0.02708435 0.016662598
-0.029052734 0.002029419 -0.0034942627
-0.010116577 -0.005279541 -0.009613037
-0.0015716553 -0.008346558 0.0044403076
-0.025390625 0.02708435 0.01361084
-0.03944397 0.05029297 0.01361084
-0.021118164 0.047851562 0.022155762
-0.030273438 -0.0004119873 0.028869629
-0.05104065 -0.027267456 0.03315735
-0.05104065 0.008148193 0.042312622
-0.0687561 0.0423584 0.043533325
-0.08708191 0.06556702 0.027038574
-0.03944397 0.0753479 0.008102417
0.033233643 0.024032593 0.0129852295
0.030792236 -0.0071258545 0.0129852295
-0.027832031 0.0050964355 0.0056610107
-0.036392212 0.023422241 -0.010223389
-0.020507812 0.019134521 -0.027938843
-0.036392212 0.013641357 -0.019989014
-0.05104065 0.051513672 -0.0028839111
-0.03578186 0.077178955 -0.0132751465
-0.020507812 0.061904907 -0.024871826
-0.03211975 0.0014343262 0.002609253
-0.041885376 -0.05293274 0.03315735
-0.03517151 -0.041931152 0.031311035
-0.024780273 0.013641357 0.0178833
0.012466431 0.028915405 0.00077819824
0.022857666 -0.02482605 -0.0132751465
-0.044937134 -0.04988098 0.0074920654
-0.10418701 -0.018722534 0.022155762
-0.102371216 0.036865234 0.020935059
-0.081588745 0.011199951 0.022155762
-0.065093994 -0.07247925 0.02520752
0.0051574707 -0.13601685 0.0062713623
0.10777283 -0.15190125 -0.0010528564
0.082717896 -0.18060303 0.005050659
0.025909424 -0.14089966 -0.0077819824
0.019195557 -0.0077209473 -0.03404236
0.039352417 0.11503601 -0.060302734
0.10411072 0.12788391 -0.037094116
0.22749329 0.020355225 -0.019378662
0.2690277 -0.021774292 -0.029769897
0.22138977 0.028915405 -0.037094116
0.16519165 0.0038757324 -0.001663208
0.06500244 -0.021774292 0.040481567
-0.016830444 0.009979248 0.048416138
-0.012573242 0.03930664 0.020324707
0.021636963 0.041137695 0.0019989014
0.039352417 0.0050964355 0.01361084
-0.017456055 -0.031555176 0.019714355
-0.07914734 -0.04437256 0.0178833
-0.10725403 -0.059036255 0.020324707
-0.13839722 -0.06820679 0.043533325
-0.1958313 -0.06881714 0.091781616
-0.25080872 -0.0730896 0.13148499
-0.29112244 -0.083480835 0.1492157
-0.3125 -0.054153442 0.17303467
-0.32777405 -0.046218872 0.20297241
-0.29478455 -0.050491333 0.1980896
-0.20315552 0.032577515 0.16325378
-0.11885071 0.113220215 0.10095215
-0.14878845 0.06617737 0.071014404
-0.17321777 0.0435791 0.047821045
-0.08770752 0.051513672 0.01727295
0.01612854 0.018539429 0.006881714
0.014312744 0.009979248 0.023986816
-0.02722168 0.038085938 0.036819458
-0.022338867 0.05029297 0.036819458
-0.0027923584 0.046020508 0.042312622
0.0051574707 0.03135681 0.028274536
0.012466431 0.005706787 0.00077819824
-0.005844116 -0.0010070801 -0.01449585
-0.018066406 0.013641357 -0.015106201
-0.018676758 0.044799805 -0.01083374
-0.04798889 0.028305054 0.00016784668
-0.12069702 0.017318726 0.028274536
-0.16038513 0.017913818 0.03804016
-0.14205933 0.008758545 0.011764526
-0.12007141 -0.03765869 0.0062713623
-0.14146423 -0.11647034 0.034988403
-0.1982727 -0.15493774 0.062469482
-0.2825775 -0.13601685 0.063690186
-0.32411194 -0.079818726 0.05331421
-0.2746277 -0.04437256 0.030090332
-0.17260742 -0.027267456 0.01361084
-0.049819946 0.0093688965 0.0044403076
0.055847168 0.012420654 -0.018157959
0.04484558 0.027694702 -0.028549194
-0.04005432 -0.0022277832 -0.02305603
-0.121917725 -0.055984497 -0.019989014
-0.15184021 -0.087142944 0.014831543
-0.1322937 -0.10180664 0.031311035
-0.10784912 -0.11340332 0.039260864
-0.06387329 -0.09629822 0.03742981
-0.010726929 -0.060256958 0.049041748
-0.0052337646 -0.026672363 0.04537964
-0.046157837 -0.012619019 0.01361084
-0.077926636 -0.0572052 0.008712769
-0.09686279 -0.08836365 0.018493652
-0.1164093 -0.0743103 0.02949524
-0.13839722 -0.087753296 0.056350708
-0.16711426 -0.103637695 0.08201599
-0.20071411 -0.09263611 0.08995056
-0.2294159 -0.058425903 0.08201599
-0.22575378 -0.048049927 0.07345581
-0.19644165 -0.098739624 0.07467651
-0.2129364 -0.15190125 0.083847046
-0.25752258 -0.14273071 0.11193848
-0.32533264 -0.05293274 0.1638794
-0.35403442 0.100997925 0.1834259
-0.22575378 0.11381531 0.15776062
-0.049819946 -0.019943237 0.12232971
-0.024169922 -0.079193115 0.099121094
-0.13290405 -0.017501831 0.09484863
-0.22819519 0.046020508 0.09239197
-0.24224854 0.018539429 0.079574585
-0.22270203 -0.059646606 0.0856781
-0.24346924 -0.048049927 0.11439514
-0.27218628 0.036865234 0.1308899
-0.22697449 0.07106018 0.11193848
-0.065704346 0.18041992 0.06430054
0.1181488 0.15353394 0.024597168
0.06317139 0.019134521 0.036819458
-0.18055725 -0.10668945 0.07774353
-0.3503723 -0.13723755 0.023986816
-0.35098267 -0.15434265 -0.03465271
-0.32104492 -0.12257385 -0.029159546
-0.30944824 -0.02482605 0.019714355
-0.23736572 -0.07003784 0.075302124
-0.0846405 -0.09324646 0.08628845
0.11021423 -0.013839722 0.063079834
0.2629242 0.06800842 0.042922974
0.3301239 0.13948059 0.022155762
0.34051514 0.15414429 -0.008392334
0.3154602 0.1101532 0.0062713623
0.27148438 0.027694702 0.0337677
0.18901062 -0.024230957 0.028869629
0.055847168 -0.0028533936 0.019714355
-0.037002563 0.058242798 0.035598755
-0.037002563 0.044799805 0.06552124
0.029571533 -0.05781555 0.10827637
0.106552124 -0.17266846 0.13943481
0.08578491 -0.21725464 0.107055664
-0.02722168 -0.28811646 0.10888672
-0.23797607 -0.3534851 0.19746399
-0.4975891 -0.4200592 0.33369446
-0.7095642 -0.51841736 0.42410278
-0.86839294 -0.5953827 0.3959961
-0.9319153 -0.5507965 0.24938965
-0.80670166 -0.3180542 0.20724487
-0.6319885 0.017318726 0.33918762
-0.46766663 0.4052124 0.3514099
-0.33265686 0.5658722 0.30314636
-0.11824036 0.43881226 0.18157959
-0.16894531 0.27937317 0.08628845
-0.33509827 0.08755493 0.023986816
-0.37113953 0.03930664 0.056350708
-0.08648682 0.0741272 0.02949524
0.2470398 0.08206177 -0.109802246
0.24520874 0.14680481 -0.18675232
0.03996277 0.097335815 -0.15377808
0.017974854 0.088775635 -0.09941101
0.20794678 0.21095276 -0.10734558
0.28675842 0.20851135 -0.13728333
0.17678833 0.069229126 -0.18247986
0.13220215 0.048461914 -0.20141602
0.26231384 0.31358337 -0.15744019
0.45230103 0.49684143 -0.14338684
0.5518799 0.5719757 -0.14888
0.5005646 0.5286102 -0.13056946
0.3814392 0.31053162 -0.10612488
0.39915466 0.11444092 -0.023651123
0.4419098 0.06251526 0.0856781
0.23605347 0.06434631 0.12538147
0.055847168 -0.020553589 0.12538147
0.042404175 -0.010787964 0.1308899
0.10348511 0.019760132 0.0844574
0.2000122 0.05885315 -0.004714966
0.2659912 0.02708435 -0.076187134
0.18229675 -0.10974121 -0.09451294
0.012466431 -0.18792725 -0.06825256
-0.052886963 -0.10058594 -0.02243042
-0.037002563 -0.0059051514 -0.016326904
-0.025390625 0.027694702 -0.033432007
0.0051574707 -0.006500244 -0.0077819824
-0.024780273 -0.083480835 0.03315735
-0.1005249 -0.103027344 0.039260864
-0.13780212 -0.10058594 0.05697632
-0.08036804 -0.04071045 0.062469482
0.041793823 0.0063171387 0.048416138
0.09616089 0.041748047 0.016662598
0.05218506 0.06678772 -0.01083374
0.019805908 0.084503174 -0.025497437
0.10470581 0.12176514 -0.035873413
0.1645813 0.13581848 -0.032211304
0.08332825 0.09182739 -0.021209717
-0.030273438 -0.011383057 0.01727295
-0.09442139 -0.02482605 0.035598755
-0.109695435 -0.02911377 0.044143677
-0.09197998 -0.079818726 0.062469482
-0.02722168 -0.091415405 0.06552124
0.013687134 -0.06637573 0.05026245
-0.0027923584 -0.067596436 0.035598755
-0.050430298 -0.08653259 0.027648926
-0.038223267 -0.13357544 0.0154418945
0.022857666 -0.16044617 0.016662598
0.04852295 -0.12623596 0.0074920654
0.023468018 -0.08103943 0.005050659
0.035690308 -0.06942749 0.022155762
0.08456421 -0.10118103 0.027648926
0.10470581 -0.11828613 0.014831543
0.07966614 -0.07369995 -0.005935669
0.05645752 -0.005279541 -0.0065612793
0.049118042 -0.009567261 -0.015716553
0.030197144 0.0069274902 -0.03892517
-0.007675171 0.019134521 -0.04260254
-0.030883789 -0.0572052 -0.060928345
-0.015609741 -0.111572266 -0.10307312
0.058288574 -0.09324646 -0.109176636
0.12915039 -0.07797241 -0.096954346
0.23422241 -0.0004119873 -0.056640625
0.26109314 0.17919922 -0.07069397
0.1352539 0.22317505 -0.10795593
-0.06448364 0.07778931 -0.05970764
-0.22209167 -0.26246643 0.10888672
-0.19949341 -0.42738342 0.18830872
-0.06692505 -0.04071045 0.15837097
0.037521362 0.2714386 0.15776062
0.027130127 0.20179749 0.12110901
-0.057159424 0.05090332 0.0056610107
-0.05899048 -0.014450073 -0.060928345
0.013092041 0.016082764 -0.045639038
0.05645752 0.05517578 -0.032821655
0.050964355 0.03501892 -0.023651123
0.027740479 -0.03765869 -0.036483765
0.0027160645 -0.021774292 -0.052368164
0.021636963 0.03868103 -0.055419922
0.066223145 0.05517578 -0.04626465
0.10592651 0.057632446 -0.036483765
0.12487793 0.038085938 -0.015106201
0.10166931 -0.01322937 -0.032211304
0.08027649 -0.027267456 -0.049926758
0.061950684 -0.0010070801 -0.052978516
0.03263855 0.04663086 -0.052978516
0.055236816 0.08938599 -0.049926758
0.12243652 0.09060669 -0.044418335
0.12487793 0.033187866 -0.060302734
0.12731934 0.0423584 -0.068862915
0.1499176 0.10160828 -0.08718872
0.19573975 0.1578064 -0.121398926
0.26843262 0.16758728 -0.13728333
0.30691528 0.14376831 -0.14582825
0.31240845 0.13154602 -0.1818695
0.36494446 0.17919922 -0.22584534
0.43885803 0.2543335 -0.25761414
0.40403748 0.23110962 -0.2612915
0.32096863 0.1254425 -0.25028992
0.3136444 0.06312561 -0.24050903
0.32463074 0.014862061 -0.25335693
0.3264618 0.011199951 -0.28144836
0.35395813 0.048461914 -0.31504822
0.41870117 0.064956665 -0.357193
0.46940613 0.012420654 -0.4072876
0.4309082 -0.059646606 -0.41889954
0.33744812 -0.123794556 -0.40179443
0.30445862 -0.14334106 -0.3779602
0.32156372 -0.12806702 -0.36270142
0.30508423 -0.16838074 -0.36573792
0.2501068 -0.22091675 -0.37002563
0.23361206 -0.20809937 -0.39445496
0.25987244 -0.16838074 -0.43232727
0.2824707 -0.10240173 -0.47019958
0.31974792 -0.051712036 -0.5001373
0.33929443 -0.04866028 -0.514801
0.32951355 -0.058425903 -0.5276184
0.32951355 -0.08836365 -0.5477905
0.3117981 -0.12013245 -0.5764923
0.2861328 -0.12684631 -0.6107025
0.2629242 -0.13294983 -0.6265869
0.20306396 -0.14945984 -0.6137543
0.11326599 -0.18792725 -0.60887146
0.030792236 -0.19465637 -0.62719727
0.0033111572 -0.14273071 -0.667511
0.031417847 -0.079818726 -0.7090454
0.14135742 -0.063323975 -0.7249298
0.27087402 -0.10240173 -0.7206726
0.28735352 -0.098739624 -0.7267761
0.2653656 -0.08653259 -0.7402191
0.2494812 -0.12928772 -0.7408142
0.21162415 -0.14456177 -0.74998474
0.21955872 -0.087753296 -0.7896881
0.3093567 -0.035217285 -0.8141327
0.39305115 -0.06576538 -0.8067932
0.38937378 -0.15678406 -0.7792969
0.2653656 -0.20075989 -0.71699524
0.13220215 -0.2349701 -0.66018677
0.11999512 -0.32476807 -0.6607971
0.1963501 -0.34187317 -0.7163849
0.30996704 -0.2716217 -0.76831055
0.45718384 -0.11035156 -0.809845
0.5836334 0.028305054 -0.87338257
0.5702057 0.021575928 -0.8691101
0.40098572 -0.18426514 -0.7414398
0.21284485 -0.4017334 -0.60276794
0.17375183 -0.35409546 -0.5441284
0.2635498 -0.20075989 -0.56489563
0.30020142 -0.09263611 -0.60887146
0.26843262 -0.052322388 -0.6143646
0.267807 -0.04988098 -0.59788513
0.25254822 -0.13661194 -0.57710266
0.19696045 -0.29360962 -0.50502014
0.20550537 -0.438385 -0.41827393
0.294693 -0.37547302 -0.357193
0.4107666 -0.17266846 -0.37734985
0.36372375 0.0038757324 -0.4390564
0.13710022 -0.018112183 -0.47998047
0.08456421 -0.18977356 -0.49891663
0.35577393 -0.24169922 -0.49586487
0.6551056 -0.21664429 -0.472641
0.6514435 -0.0901947 -0.3229828
0.426651 0.11627197 -0.100631714
0.18107605 0.13092041 -0.024871826
-0.05899048 -0.033996582 -0.15194702
-0.09625244 -0.14089966 -0.39567566
0.13647461 0.012420654 -0.50257874
0.2501068 0.36367798 -0.35902405
0.055847168 0.61901855 -0.045043945
-0.011947632 0.48890686 0.1357727
0.12547302 -0.09446716 -0.08963013
0.22749329 -0.5715637 -0.5636749
0.2995758 -0.6039276 -0.8373413
0.39427185 -0.23008728 -0.7921295
0.43763733 0.21890259 -0.4390564
0.22627258 0.3673401 -0.032211304
-0.14328003 0.12176514 0.15653992
-0.36198425 -0.012619019 0.147995
-0.18849182 0.15536499 0.054534912
0.1621399 0.22439575 -0.09817505
0.5469818 0.06678772 -0.18493652
0.3570099 0.09611511 -0.008392334
0.058898926 -0.012619019 0.27444458
-0.1665039 -0.18855286 0.4754181
-0.2642517 -0.2679596 0.5096283
-0.1982727 -0.28016663 0.37095642
0.011871338 -0.30400085 0.1015625
0.27331543 -0.36141968 -0.15560913
0.4773407 -0.37913513 -0.32237244
0.50361633 -0.2728424 -0.31199646
0.40342712 -0.12013245 -0.09635925
0.16275024 0.10221863 0.22801208
-0.12802124 0.28303528 0.44670105
-0.21047974 0.34718323 0.39538574
-0.0009613037 0.28059387 0.12232971
0.33929443 0.025863647 -0.17271423
0.52438354 -0.20748901 -0.24601746
0.4480133 -0.32843018 -0.11528015
0.18656921 -0.34736633 0.07896423
-0.09625244 -0.23069763 0.1999054
-0.18177795 -0.0071258545 0.20602417
-0.05532837 0.105270386 0.15837097
0.07173157 0.108932495 0.14431763
0.0851593 0.08267212 0.17608643
-0.016235352 0.05517578 0.2194519
-0.1005249 0.017318726 0.19075012
-0.06816101 -0.020553589 0.08872986
0.055847168 -0.08958435 -0.04197693
0.13587952 -0.10180664 -0.13423157
0.12976074 -0.06820679 -0.16842651
0.099823 -0.04559326 -0.17332458
0.06072998 -0.0413208 -0.17210388
0.02468872 0.015472412 -0.14094543
-0.005844116 0.13887024 -0.10002136
0.0051574707 0.2720337 -0.101242065
0.13220215 0.33618164 -0.14155579
0.28858948 0.24577332 -0.15377808
0.18778992 0.1254425 -0.043823242
-0.050430298 -0.11828613 0.16569519
-0.197052 -0.49154663 0.3123169
-0.18177795 -0.7315979 0.19013977
-0.19459534 -0.5086365 -0.060302734
-0.23980713 0.112594604 -0.27656555
-0.19888306 0.6416168 -0.35353088
-0.05532837 0.69659424 -0.40361023
0.10899353 0.33496094 -0.45004272
0.10411072 -0.005279541 -0.4268341
-0.028442383 -0.05354309 -0.31748962
-0.05593872 0.005706787 -0.20448303
0.07661438 -0.0077209473 -0.17576599
0.22200012 -0.09385681 -0.23625183
0.2494812 -0.12806702 -0.29060364
0.1963501 -0.11279297 -0.28327942
0.13954163 -0.12072754 -0.25395203
0.10411072 -0.17999268 -0.24601746
0.06744385 -0.21176147 -0.25028992
0.058288574 -0.23008728 -0.2295227
0.08822632 -0.25756836 -0.21546936
0.10899353 -0.2557373 -0.27412415
0.09921265 -0.24473572 -0.35414124
0.082107544 -0.25268555 -0.3742981
0.055847168 -0.2728424 -0.32603455
0.042404175 -0.3021698 -0.26983643
0.042404175 -0.29360962 -0.26068115
0.074783325 -0.29238892 -0.28938293
0.13098145 -0.33392334 -0.31809998
0.14320374 -0.3809662 -0.3254242
0.12181091 -0.39501953 -0.29794312
0.14442444 -0.37913513 -0.2796173
0.17131042 -0.37120056 -0.28816223
0.13647461 -0.29423523 -0.28938293
0.09616089 -0.16838074 -0.28755188
0.14503479 -0.13661194 -0.31871033
0.24337769 -0.3021698 -0.37612915
0.16519165 -0.44204712 -0.38284302
-0.044937134 -0.5569 -0.357193
-0.22270203 -0.451828 -0.27471924
-0.25935364 -0.22886658 -0.23928833
-0.16467285 -0.034606934 -0.33093262
0.05645752 0.072906494 -0.5135803
0.4107666 -0.066986084 -0.68278503
0.59524536 -0.36019897 -0.7017212
0.25437927 -0.5104675 -0.5215149
-0.3235016 -0.4994812 -0.29244995
-0.598999 -0.21420288 -0.20570374
-0.43894958 0.1242218 -0.3083191
-0.10725403 0.31236267 -0.5001373
0.11999512 0.28547668 -0.59054565
0.22261047 0.009979248 -0.5086975
0.13220215 -0.38952637 -0.36392212
-0.06816101 -0.6430359 -0.3297119
-0.15122986 -0.5648346 -0.33337402
-0.08403015 -0.28811646 -0.30770874
-0.014389038 0.10038757 -0.19042969
-0.03149414 -0.0028533936 -0.13056946
-0.016235352 -0.13661194 -0.06642151
0.023468018 -0.21847534 -0.0034942627
0.06867981 -0.27650452 0.028869629
0.08149719 -0.20625305 0.02520752
0.061950684 -0.022384644 -0.019378662
0.06867981 0.1254425 -0.07740784
0.09310913 0.06983948 -0.07925415
0.1169281 -0.088974 -0.08963013
0.18901062 -0.21054077 -0.1647644
0.22200012 -0.2239685 -0.2087555
-0.027832031 0.07901001 -0.09573364
-0.34609985 0.39604187 0.147995
-0.4817047 0.41377258 0.37461853
-0.3283844 0.06434631 0.30497742
0.08822632 -0.42738342 0.030090332
0.4242096 -0.59355164 -0.16905212
0.4810028 -0.31681824 -0.23562622
0.2690277 0.1578064 -0.15011597
-0.033340454 0.4504242 0.036209106
-0.16955566 0.38871765 0.1846466
-0.09564209 0.072280884 0.1675415
0.025909424 -0.24841309 0.011169434
0.08088684 -0.33270264 -0.16659546
0.10470581 -0.283844 -0.19165039
0.07722473 -0.07064819 -0.12261963
0.021026611 0.00021362305 0.03253174
-0.015609741 -0.015670776 0.09300232
0.01675415 -0.0730896 0.042312622
0.10470581 -0.047439575 -0.027938843
0.11143494 0.013641357 -0.063964844
0.014907837 0.0105896 -0.060302734
-0.065093994 -0.063323975 -0.04748535
-0.056549072 -0.20748901 -0.048095703
-0.0021820068 -0.32843018 -0.06825256
0.08456421 -0.34858704 -0.09024048
0.22077942 -0.26612854 -0.11590576
0.24888611 -0.18792725 -0.097579956
0.102264404 -0.17816162 -0.064590454
-0.097473145 -0.3376007 -0.048706055
-0.299057 -0.38157654 -0.03465271
-0.27279663 -0.18426514 -0.04319763
-0.17567444 -0.012619019 -0.015716553
-0.22575378 0.13825989 -0.04197693
-0.18971252 0.3844452 -0.13423157
0.118774414 0.35084534 -0.23440552
0.49751282 -0.13357544 -0.34436035
0.5531006 -0.765213 -0.37857056
0.20123291 -0.9454193 -0.39201355
-0.233078 -0.6161499 -0.280838
-0.4645996 0.18164062 -0.09941101
-0.46888733 0.94155884 0.10644531
-0.35220337 1.2695923 0.19075012
-0.08648682 0.93362427 0.13272095
0.1486969 0.10649109 -0.015716553
0.10348511 -0.4677124 -0.12994385
-0.077926636 -0.49642944 -0.18553162
-0.060821533 -0.2508545 -0.17332458
0.061340332 -0.0022277832 -0.1611023
0.090667725 0.07044983 -0.17454529
0.022247314 0.035629272 -0.21058655
-0.0027923584 0.016082764 -0.1940918
0.014907837 0.055786133 -0.12506104
0.000869751 0.052734375 -0.052978516
-0.03149414 -0.04927063 -0.03526306
0.0082092285 -0.09692383 -0.063964844
0.054016113 0.012420654 -0.05053711
0.0051574707 0.15414429 0.020935059
-0.10481262 0.12298584 0.07652283
-0.17077637 -0.010787964 0.047195435
-0.1506195 -0.14212036 -0.040756226
-0.31066895 0.029525757 -0.052978516
-0.55929565 0.13092041 0.034988403
-0.7376709 0.08572388 0.22007751
-0.6912384 -0.11584473 0.30802917
-0.35403442 -0.37608337 0.1846466
-0.049209595 -0.48786926 -0.03892517
0.050338745 -0.35043335 -0.15927124
0.0014953613 -0.087142944 -0.07559204
-0.12313843 0.17674255 0.13760376
-0.1347351 0.22317505 0.31169128
-0.03517151 0.07106018 0.3257599
0.010025024 -0.10424805 0.2548828
0.030792236 -0.2056427 0.13638306
0.123031616 -0.21115112 0.03437805
0.22016907 -0.18060303 -0.011444092
0.23300171 -0.13172913 -0.02671814
0.16091919 -0.06454468 -0.02671814
0.094940186 -0.0004119873 -0.041381836
0.090667725 0.022201538 -0.09451294
0.18412781 -0.038269043 -0.20204163
0.2482605 -0.12562561 -0.2649536
0.19329834 -0.19587708 -0.24601746
0.18229675 -0.23191833 -0.24479675
0.2647705 -0.18487549 -0.3070984
0.39549255 -0.12928772 -0.40545654
0.4443512 -0.10913086 -0.45921326
0.34173584 -0.09080505 -0.46043396
0.24398804 -0.079193115 -0.4427185
0.28735352 -0.22947693 -0.3730774
0.22200012 -0.20137024 -0.28694153
0.07661438 -0.091415405 -0.25028992
-0.030883789 -0.04866028 -0.20141602
-0.0993042 0.08328247 -0.22158813
0.043014526 0.28181458 -0.31809998
0.41381836 0.270813 -0.39994812
0.68382263 -0.055374146 -0.43659973
0.6160126 -0.34921265 -0.41278076
0.3276825 -0.3522644 -0.28450012
0.05645752 -0.04866028 -0.16842651
0.043014526 0.34962463 -0.1794281
0.19085693 0.55670166 -0.25639343
0.2122345 0.50294495 -0.28266907
0.15542603 0.2751007 -0.1928711
0.17619324 -0.0046844482 -0.076187134
0.21650696 -0.26856995 -0.035873413
0.23727417 -0.36447144 -0.07803345
0.23605347 -0.22091675 -0.1281128
0.20916748 0.06312561 -0.11102295
0.17434692 0.2384491 -0.0065612793
0.1315918 0.15536499 0.0844574
0.08822632 -0.013839722 0.119888306
0.07966614 -0.043777466 0.11071777
0.06500244 0.02281189 0.1003418
0.031417847 0.077178955 0.134552
0.04057312 0.08694458 0.14004517
0.066833496 0.08938599 0.10217285
-0.04371643 0.046020508 0.075302124
-0.14756775 0.014862061 0.060638428
0.0082092285 0.0423584 0.014221191
0.18534851 0.07044983 -0.08963013
-0.07548523 0.10038757 -0.11773682
-0.4615631 0.1895752 -0.049316406
-0.5611267 0.33312988 0.08995056
-0.4927063 0.40826416 0.1675415
-0.20376587 0.07167053 0.1027832
0.25621033 -0.42556763 -0.064590454
0.45535278 -0.5666809 -0.20263672
0.26109314 -0.3675232 -0.22158813
-0.07487488 0.08633423 -0.12567139
-0.14878845 0.5096741 0.00016784668
0.09616089 0.4333191 0.04597473
0.24398804 -0.087142944 -0.08047485
0.15480042 -0.4689331 -0.18675232
0.02835083 -0.5465088 -0.16783142
-0.0663147 -0.4982605 -0.108566284
-0.04676819 -0.34431458 -0.06518555
0.08088684 -0.15739441 -0.13179016
0.1474762 -0.08531189 -0.22584534
0.06867981 -0.17449951 -0.2295227
-0.057769775 -0.29238892 -0.18981934
-0.105407715 -0.29789734 -0.19165039
-0.06326294 -0.2740631 -0.25395203
0.0057525635 -0.28323364 -0.31626892
0.07234192 -0.32904053 -0.33398438
0.1010437 -0.37974548 -0.36146545
0.07783508 -0.3809662 -0.40545654
0.038742065 -0.33392334 -0.43415833
0.03691101 -0.29360962 -0.45309448
0.07600403 -0.25390625 -0.4928131
0.12121582 -0.21603394 -0.5141907
0.17434692 -0.29789734 -0.53312683
0.17985535 -0.46037292 -0.5453491
-0.029663086 -0.42494202 -0.5019684
-0.2141571 -0.2911682 -0.43232727
-0.20742798 -0.33332825 -0.4256134
-0.22453308 -0.4493866 -0.46043396
-0.2611847 -0.4078369 -0.49464417
-0.18299866 -0.36080933 -0.5606079
0.013687134 -0.4493866 -0.6833954
0.18107605 -0.6204376 -0.7701416
0.1645813 -0.71572876 -0.7615967
-0.022949219 -0.6564636 -0.7206726
-0.30639648 -0.36691284 -0.64430237
-0.5293579 -0.07064819 -0.55145264
-0.4731598 0.014862061 -0.5325165
-0.16101074 -0.10668945 -0.59054565
0.15298462 -0.4078369 -0.618042
0.14503479 -0.6735687 -0.58444214
-0.029663086 -0.7902527 -0.53556824
-0.13534546 -0.6796875 -0.46470642
-0.17567444 -0.44511414 -0.39872742
-0.25569153 -0.34248352 -0.33215332
-0.3418274 -0.3547058 -0.28327942
-0.17689514 -0.28567505 -0.44943237
-0.18727112 -0.24473572 -0.45921326
-0.18360901 -0.12623596 -0.40361023
-0.12251282 -0.10424805 -0.36817932
-0.07304382 -0.25512695 -0.41033936
-0.045547485 -0.4848175 -0.5080719
-0.06021118 -0.5984497 -0.5874939
-0.12863159 -0.6027069 -0.59664917
-0.3406067 -0.5532379 -0.48547363
-0.68330383 -0.3351593 -0.29611206
-0.7694397 0.0026550293 -0.27227783
-0.33143616 0.0741272 -0.5294647
0.049118042 -0.12928772 -0.8672638
-0.0015716553 -0.2862854 -1.0425873
-0.0846405 -0.3846283 -1.0315857
0.000869751 -0.48420715 -0.9253082
0.0039367676 -0.5733948 -0.7951813
-0.20193481 -0.6405945 -0.6583557
-0.38519287 -0.5642395 -0.5783386
-0.4658203 -0.42556763 -0.59420776
-0.49331665 -0.42738342 -0.6632385
-0.39741516 -0.45733643 -0.7603607
-0.2795105 -0.44448853 -0.82450867
-0.3014984 -0.45793152 -0.8110657
-0.35464478 -0.5501709 -0.7090454
-0.36686707 -0.6351013 -0.618042
-0.41940308 -0.65953064 -0.6345215
-0.4627838 -0.62409973 -0.7292175
-0.42001343 -0.5599518 -0.79151917
-0.4132843 -0.412735 -0.8324585
-0.391922 -0.26306152 -0.8464966
-0.3296051 -0.29971313 -0.8226776
-0.32289124 -0.5269623 -0.80862427
-0.4114685 -0.6876221 -0.8263397
-0.4157257 -0.607605 -0.85627747
-0.33143616 -0.4017334 -0.8807068
-0.28379822 -0.33148193 -0.8904877
-0.3296051 -0.38401794 -0.8819275
-0.38641357 -0.4872589 -0.87216187
-0.37786865 -0.6039276 -0.8770447
-0.36564636 -0.6967926 -0.8342743
-0.43345642 -0.6479187 -0.76708984
-0.47071838 -0.44389343 -0.80007935
-0.40351868 -0.3021698 -0.88131714
-0.2941742 -0.2862854 -0.8782654
-0.31922913 -0.3852539 -0.75852966
-0.49575806 -0.44326782 -0.6217041
-0.53118896 -0.36141968 -0.5740509
-0.36869812 -0.18243408 -0.5850525
-0.2770691 -0.08531189 -0.5288391
-0.2685089 -0.18304443 -0.4451599
-0.25569153 -0.35836792 -0.37612915
-0.28868103 -0.3876953 -0.29977417
-0.36930847 -0.31559753 -0.22340393
-0.40534973 -0.2667389 -0.18797302
-0.33999634 -0.204422 -0.21302795
-0.19032288 -0.18670654 -0.30099487
-0.06997681 -0.24536133 -0.3297119
-0.07853699 -0.18611145 -0.2612915
-0.20071411 -0.04866028 -0.16905212
-0.2819519 0.0008087158 -0.09635925
-0.23675537 -0.03338623 -0.057861328
-0.18544006 -0.1048584 -0.030380249
-0.2135315 -0.2227478 0.0044403076
-0.28501892 -0.26612854 0.034988403
-0.34121704 -0.2032013 0.016662598
-0.36686707 -0.12745667 -0.09329224
-0.36320496 -0.0572052 -0.17088318
-0.3748169 0.022201538 -0.13728333
-0.33570862 0.0753479 -0.10429382
-0.259964 0.040527344 -0.1281128
-0.22697449 0.013031006 -0.121398926
-0.24285889 -0.022994995 -0.07984924
-0.24346924 -0.026672363 -0.026107788
-0.18788147 0.009979248 -0.0034942627
-0.098083496 -0.026046753 -0.01876831
-0.036392212 -0.11769104 -0.05970764
-0.057769775 -0.17082214 -0.10002136
-0.11274719 -0.17755127 -0.112838745
-0.15612793 -0.19221497 -0.08718872
-0.17077637 -0.19221497 -0.044418335
-0.16711426 -0.17022705 -0.028549194
-0.17382812 -0.11462402 -0.07374573
-0.19949341 -0.027893066 -0.13116455
-0.2477417 0.028305054 -0.13484192
-0.27890015 0.025863647 -0.085357666
-0.27035522 -0.022384644 -0.06274414
-0.22026062 -0.038269043 -0.05480957
-0.15672302 0.04296875 -0.08291626
-0.11091614 0.05456543 -0.10551453
-0.08036804 0.027694702 -0.09024048
-0.05227661 0.0008087158 -0.05848694
-0.09564209 -0.020553589 0.01727295
-0.16894531 -0.04988098 0.031936646
-0.16467285 0.030136108 0.0074920654
-0.07487488 0.08938599 -0.01876831
0.033233643 0.017913818 -0.021820068
0.061340332 -0.06515503 -0.017547607
0.000869751 -0.095077515 -0.007171631
-0.07548523 -0.06576538 0.008102417
-0.11579895 0.014251709 -0.0041046143
-0.19398499 0.13703918 -0.07862854
-0.29600525 0.19506836 -0.120788574
-0.12924194 0.029525757 0.060638428
0.08578491 -0.14761353 0.12171936
0.15480042 -0.10546875 0.049041748
0.1804657 0.06678772 0.01361084
0.07661438 0.13214111 0.049041748
-0.060821533 -0.14456177 0.17913818
-0.01928711 -0.5104675 0.26161194
0.07356262 -0.44755554 0.16203308
0.08883667 0.0423584 0.05757141
0.06011963 0.34962463 0.01727295
0.07722473 0.14987183 0.039260864
0.12243652 -0.18365479 0.07896423
0.08883667 -0.21786499 0.08995056
0.02468872 -0.059036255 0.06185913
0.02897644 0.10343933 0.04109192
0.08578491 0.124816895 0.023376465
0.12425232 0.069229126 0.0154418945
0.11387634 0.028915405 0.036209106
0.08822632 0.016693115 0.07223511
0.08088684 0.06434631 0.08201599
0.11753845 0.072906494 0.06491089
0.15174866 -0.011383057 0.055755615
0.123031616 -0.03765869 0.060012817
0.09555054 -0.0010070801 0.0868988
0.10899353 0.02281189 0.12599182
0.13647461 0.03868103 0.1492157
0.14808655 0.060684204 0.16998291
0.14564514 0.03930664 0.19258118
0.1462555 0.016693115 0.22801208
0.15235901 0.03930664 0.25183105
0.1486969 0.077178955 0.2622223
0.14564514 0.13032532 0.29031372
0.14013672 0.13520813 0.3324585
0.1328125 0.116882324 0.35202026
0.14013672 0.13154602 0.342865
0.15420532 0.20484924 0.34223938
0.16091919 0.2763214 0.3947754
0.16519165 0.24821472 0.48764038
0.17497253 0.14802551 0.55970764
0.17253113 0.07167053 0.62690735
0.13220215 0.100997925 0.6873932
0.15846252 0.25248718 0.72036743
0.27392578 0.4100952 0.7368622
0.36250305 0.42720032 0.7857361
0.3460083 0.37161255 0.87065125
0.2800293 0.31907654 0.96961975
0.26843262 0.3575592 1.0422974
0.34295654 0.4565277 1.0765076
0.39059448 0.5286102 1.094223
0.399765 0.53349304 1.1559296
0.39059448 0.49806213 1.234726
0.38693237 0.5194397 1.27565
0.38571167 0.5780945 1.3098602
0.3594513 0.60069275 1.3874359
0.30569458 0.56892395 1.4692993
0.3301239 0.56036377 1.4735718
0.4480133 0.5799103 1.4033203
0.50727844 0.623291 1.3562927
0.43519592 0.68193054 1.4033203
0.34906006 0.7417908 1.4717407
0.35455322 0.71614075 1.509613
0.4107666 0.6037445 1.5010681
0.42053223 0.5261688 1.4613647
0.36494446 0.53471375 1.4827423
0.3007965 0.5609894 1.5193939
0.3007965 0.5780945 1.4949493
0.33929443 0.57136536 1.4240875
0.35211182 0.58969116 1.378891
0.31974792 0.6171875 1.350174
0.30508423 0.67155457 1.339798
0.32218933 0.72836304 1.3459015
0.3496704 0.8077698 1.3764496
0.38815308 0.8377075 1.416153
0.41748047 0.7424164 1.4479218
0.4248047 0.5628052 1.4717407
0.399765 0.46385193 1.4894562
0.37838745 0.5090637 1.4876251
0.3594513 0.6422272 1.4876251
0.3423462 0.75035095 1.4961853
0.3289032 0.7851715 1.5413818
0.30386353 0.76501465 1.5566559
0.27026367 0.7576752 1.5395508
0.24337769 0.7497406 1.5597076
0.2146759 0.6733856 1.5902557
0.20794678 0.6330719 1.5878143
0.2470398 0.675827 1.5554352
0.3142395 0.74546814 1.5157318
0.3496704 0.7411957 1.497406
0.32341003 0.6721649 1.4998474
0.2824707 0.6275635 1.5016785
0.28981018 0.6312256 1.507782
0.30445862 0.66482544 1.507782
0.28735352 0.7069855 1.4729614
0.2861328 0.73324585 1.4002686
0.3240204 0.73934937 1.3318481
0.34173584 0.7155304 1.287262
0.27331543 0.71858215 1.2707672
0.16030884 0.72224426 1.2689362
0.06561279 0.71125793 1.2438812
0.017974854 0.68865967 1.2060089
0.027740479 0.6287842 1.1473694
-0.0040130615 0.6171875 1.1021729
-0.19398499 0.857254 1.083847
-0.30334473 1.0600739 1.0594025
-0.19276428 0.9372864 0.98976135
0.054016113 0.57624817 0.884079
0.24459839 0.43147278 0.8407135
0.2470398 0.6104584 0.89508057
0.16824341 0.8169403 0.97084045
0.1499176 0.8389282 1.0019836
0.17556763 0.68377686 1.02948
0.11204529 0.5786896 1.1088867
-0.034561157 0.69659424 1.2133484
-0.09442139 0.93362427 1.248169
0.008804321 1.0069122 1.1797485
0.12365723 0.8871918 1.0740662
0.13832092 0.6959839 1.0166473
0.04789734 0.6000824 1.0166473
-0.03578186 0.72346497 1.0539093
-0.015014648 0.9788208 1.0820007
0.07783508 1.0716705 1.0868835
0.115097046 1.0240173 1.1070557
0.05218506 0.9116211 1.1620331
-0.034561157 0.7588959 1.221283
-0.06326294 0.6513977 1.2554932
-0.056549072 0.62268066 1.2573242
-0.03149414 0.58969116 1.2438812
-0.03578186 0.58358765 1.2432861
-0.0846405 0.6300049 1.2243347
-0.09869385 0.6403961 1.1754761
-0.08097839 0.6013031 1.1235504
-0.065704346 0.5353241 1.0740662
-0.065093994 0.4693451 1.0587921
-0.06816101 0.43147278 1.0575714
-0.044326782 0.4681244 0.99464417
0.033233643 0.47607422 0.85476685
0.094940186 0.4663086 0.68188477
0.12365723 0.5054016 0.57315063
0.12609863 0.53837585 0.54689026
0.09005737 0.5463257 0.5261078
0.10411072 0.57258606 0.48764038
0.2146759 0.58480835 0.4815216
0.32034302 0.5267792 0.48641968
0.27026367 0.4724121 0.5328369
0.02407837 0.45835876 0.6299591
-0.441391 0.5426636 0.79551697
-0.8543396 0.55670166 0.8455963
-0.7199402 0.4100952 0.64645386
-0.14756775 0.31236267 0.20968628
0.5078888 0.2408905 -0.089019775
0.8469238 0.2372284 -0.051757812
0.6734314 0.3563385 0.17242432
0.17434692 0.4895172 0.3972168
-0.2312622 0.51882935 0.458313
-0.23736572 0.38993835 0.40699768
-0.017456055 0.22439575 0.30192566
0.15480042 0.16209412 0.29336548
0.17190552 0.18223572 0.3843994
0.15174866 0.096725464 0.41004944
0.16152954 -0.07369995 0.3636322
0.07966614 -0.22581482 0.33613586
-0.11091614 -0.26184082 0.342865
-0.1787262 -0.07858276 0.3324585
-0.017456055 0.17063904 0.26161194
0.20550537 0.23355103 0.16020203
0.30386353 0.05029297 0.083236694
0.24032593 -0.17449951 0.025817871
0.13769531 -0.2398529 0.0074920654
0.066223145 -0.204422 0.025817871
0.049118042 -0.075531006 0.047821045
0.110824585 0.121154785 0.07408142
0.20306396 0.17796326 0.08201599
0.2134552 0.051513672 0.07284546
0.15298462 -0.111572266 0.040481567
0.11387634 -0.25146484 0.0032196045
-0.08770752 -0.15434265 -0.024871826
-0.259964 -0.08287048 0.058792114
-0.45056152 0.10404968 0.08872986
-0.46644592 0.2384491 0.035598755
-0.22514343 0.12054443 -0.040756226
0.090667725 -0.30827332 -0.08229065
0.090667725 -0.57766724 -0.08413696
-0.20803833 -0.4725952 -0.09513855
-0.4792633 -0.08958435 -0.07925415
-0.49819946 0.25737 -0.06336975
-0.33999634 0.4375763 -0.07984924
-0.14634705 0.5157776 -0.13606262
0.123031616 0.37405396 -0.22525024
0.42297363 0.0014343262 -0.30404663
0.48162842 -0.34736633 -0.3290863
0.2501068 -0.50497437 -0.29367065
-0.021118164 -0.399292 -0.19897461
-0.08526611 -0.015670776 -0.08718872
0.08578491 0.24821472 -0.029159546
0.21955872 0.17308044 -0.009002686
0.15602112 -0.063323975 -0.00044250488
0.039352417 -0.14945984 0.024597168
0.013092041 -0.0071258545 0.07345581
0.08456421 0.14498901 0.123550415
0.12487793 0.16390991 0.1492157
0.11143494 0.09916687 0.14126587
0.11326599 -0.063323975 0.1186676
0.13220215 -0.28445435 0.06796265
0.10838318 -0.42616272 -0.023651123
-0.1151886 -0.10668945 -0.021820068
-0.40168762 0.3086853 0.11010742
-0.5550232 0.5957947 0.3324585
-0.29968262 0.3086853 0.25733948
0.15786743 -0.33148193 -0.10246277
0.38815308 -0.567276 -0.3297119
0.2629242 -0.16532898 -0.35414124
-0.034561157 0.51394653 -0.16415405
-0.2654724 0.8383179 0.1993103
-0.19459534 0.43881226 0.39111328
0.025909424 -0.18733215 0.29092407
0.099823 -0.41700745 0.14004517
0.079055786 -0.36386108 0.123550415
0.08822632 -0.20687866 0.24206543
0.09188843 -0.031555176 0.35934448
0.079055786 0.06312561 0.3184204
0.14135742 0.08633423 0.23472595
0.23300171 0.121154785 0.2341156
0.20123291 0.06312561 0.24267578
0.13342285 0.023422241 0.18586731
0.11387634 0.049682617 0.07896423
0.14503479 0.16268921 -0.015106201
0.19023132 0.24333191 -0.063964844
0.20123291 0.17430115 -0.027328491
0.16397095 -0.00894165 0.028274536
0.094940186 -0.19953918 -0.0010528564
0.07417297 -0.2728424 -0.11773682
0.1621399 -0.28811646 -0.2612915
0.23605347 -0.39257812 -0.38772583
0.10714722 -0.283844 -0.4072876
-0.07670593 -0.051712036 -0.31565857
-0.2312622 0.14987183 -0.20751953
-0.2526245 0.18835449 -0.1977539
-0.057769775 -0.04988098 -0.26800537
0.16519165 -0.41700745 -0.33398438
0.11753845 -0.51353455 -0.27044678
-0.14268494 -0.31256104 -0.14033508
-0.3961792 0.024642944 -0.040161133
-0.38946533 0.29586792 -0.05908203
-0.11457825 0.3184662 -0.13606262
0.17678833 0.03501892 -0.29916382
0.24520874 -0.22091675 -0.409729
0.16275024 -0.24658203 -0.41949463
0.12181091 -0.18060303 -0.396286
0.12609863 -0.042541504 -0.30648804
0.09738159 0.11503601 -0.1769867
0.059509277 0.15965271 -0.09941101
0.05645752 0.121154785 -0.052368164
0.08822632 0.051513672 -0.009613037
0.13587952 0.004470825 0.05026245
0.17556763 -0.031555176 0.10095215
0.15724182 -0.04071045 0.12477112
0.07539368 0.036239624 0.14126587
0.0045318604 0.18591309 0.14981079
0.046676636 0.16513062 0.17486572
0.1352539 -0.059036255 0.13699341
0.04789734 -0.17938232 0.07774353
-0.2978363 0.030136108 0.08506775
-0.5690613 0.26715088 0.20602417
-0.63565063 0.31419373 0.30192566
-0.32777405 0.108932495 0.2170105
0.16152954 -0.21969604 -0.027328491
0.37043762 -0.22703552 -0.21791077
-0.1322937 0.65200806 0.036209106
-0.30090332 0.60801697 0.25061035
-0.27523804 0.21095276 0.25
-0.18299866 -0.12928772 0.075302124
-0.08097839 -0.23558044 -0.03892517
-0.04005432 -0.19953918 -0.044418335
-0.041275024 -0.11035156 0.019714355
-0.03944397 -0.010787964 0.09056091
-0.05104065 0.06739807 0.08934021
-0.018066406 0.12359619 0.039871216
0.07783508 0.0594635 0.003829956
0.14686584 -0.06147766 0.0074920654
0.12854004 -0.13539124 0.01727295
0.08944702 -0.13050842 0.0044403076
0.11021423 -0.13235474 -0.025497437
0.12243652 -0.15005493 -0.05419922
0.08883667 -0.15493774 -0.085357666
0.082107544 -0.12440491 -0.13606262
0.17068481 -0.08958435 -0.19958496
0.24520874 -0.24046326 -0.22584534
0.035079956 -0.14395142 -0.14888
-0.26913452 0.0423584 -0.03831482
-0.38885498 0.141922 0.043533325
-0.34609985 0.22927856 0.054534912
-0.15184021 0.20423889 0.011169434
0.15357971 -0.15739441 -0.10246277
0.27941895 -0.712677 -0.17637634
0.05340576 -0.8556061 -0.17881775
-0.30822754 -0.5306244 -0.16049194
-0.5715027 0.112594604 -0.15927124
-0.52020264 0.65444946 -0.18309021
-0.17811584 0.7118683 -0.18003845
0.16152954 0.22012329 -0.2295227
0.23849487 -0.46466064 -0.34803772
0.10899353 -0.6234894 -0.44638062
0.046066284 -0.45915222 -0.46043396
0.062561035 -0.17082214 -0.38224792
0.08332825 0.12298584 -0.2783966
0.13098145 0.20606995 -0.21730042
0.1670227 0.105270386 -0.20141602
0.13587952 -0.030944824 -0.19958496
0.13464355 -0.087142944 -0.17027283
0.19267273 -0.06147766 -0.15438843
0.22871399 0.038085938 -0.15927124
0.18717957 0.1565857 -0.11956787
0.106552124 0.15170288 -0.03831482
0.09799194 -0.024230957 0.008102417
0.098602295 -0.28445435 -0.032821655
-0.077316284 -0.18121338 0.0129852295
-0.34854126 0.20606995 0.055130005
-0.4615631 0.36184692 0.08262634
-0.54341125 0.3209076 0.07896423
-0.34976196 0.0594635 -0.016326904
0.06744385 -0.3192749 -0.14460754
0.32829285 -0.4970398 -0.17393494
0.25254822 -0.13172913 -0.072525024
-0.054718018 0.41436768 0.107666016
-0.30944824 0.4998932 0.25794983
-0.3125 0.08938599 0.25183105
-0.1506195 -0.38830566 0.0844574
-0.032714844 -0.53430176 -0.03831482
-0.024169922 -0.35897827 -0.11956787
0.055847168 -0.12135315 -0.15011597
0.18534851 -0.05354309 -0.12872314
0.19451904 -0.11279297 -0.14949036
0.09738159 -0.13783264 -0.21791077
0.055236816 -0.12257385 -0.25090027
0.10838318 -0.11891174 -0.25090027
0.17068481 -0.16593933 -0.280838
0.1987915 -0.25146484 -0.34436035
0.23544312 -0.31866455 -0.40301514
0.30142212 -0.36569214 -0.43659973
0.29776 -0.34614563 -0.43293762
0.22261047 -0.24473572 -0.40667725
0.1315918 -0.15190125 -0.3645172
0.08822632 -0.17938232 -0.33703613
0.12976074 -0.29483032 -0.3608551
0.15235901 -0.48786926 -0.4256134
0.047286987 -0.44082642 -0.46470642
0.025299072 -0.43533325 -0.44088745
-0.022338867 -0.27957153 -0.37734985
-0.08403015 -0.14517212 -0.357193
-0.17199707 -0.17204285 -0.33276367
-0.14328003 -0.30400085 -0.40911865
0.14930725 -0.56178284 -0.57221985
0.38327026 -0.855011 -0.69989014
0.3313446 -0.94664 -0.7267761
0.038131714 -0.5819397 -0.6009369
-0.2917328 0.07044983 -0.3584137
-0.4242859 0.4681244 -0.22036743
-0.20254517 0.29708862 -0.25457764
0.15542603 -0.08287048 -0.39813232
0.29164124 -0.30155945 -0.47937012
0.04852295 -0.30644226 -0.4048462
0.02897644 -0.19709778 -0.3266449
0.066223145 -0.20259094 -0.27900696
0.013687134 -0.16044617 -0.2454071
-0.08097839 0.019134521 -0.1818695
-0.06326294 0.17185974 -0.17027283
0.12121582 0.14680481 -0.18125916
0.2971344 0.025253296 -0.20570374
0.24520874 -0.15922546 -0.22769165
0.08088684 -0.2752838 -0.25517273
0.12365723 -0.20809937 -0.3058777
0.38876343 -0.16656494 -0.3914032
0.5396576 -0.33088684 -0.44638062
0.2513275 -0.5397949 -0.36880493
-0.35098267 -0.41151428 -0.1611023
-0.79081726 -0.031555176 -0.037094116
-0.7718811 0.025253296 -0.17149353
-0.3925171 -0.22947693 -0.53556824
0.0002746582 -0.4469452 -0.7677002
0.06990051 -0.29971313 -0.6388092
-0.081588745 -0.12501526 -0.36392212
-0.22026062 -0.16593933 -0.18309021
-0.29051208 -0.29238892 -0.121398926
-0.34365845 -0.3650818 -0.09085083
-0.35954285 -0.3980713 -0.11528015
-0.32104492 -0.412735 -0.19714355
-0.30393982 -0.36997986 -0.27778625
-0.29356384 -0.31011963 -0.31809998
-0.2471466 -0.2655182 -0.34069824
-0.15550232 -0.2203064 -0.3596344
-0.06692505 -0.18855286 -0.3608551
0.000869751 -0.22947693 -0.35292053
-0.015014648 -0.27713013 -0.30404663
-0.117630005 -0.29789734 -0.23928833
-0.18666077 -0.30827332 -0.1940918
-0.20010376 -0.2716217 -0.15133667
-0.19644165 -0.16778564 -0.096954346
-0.10359192 -0.0730896 -0.09329224
0.02897644 -0.09202576 -0.16171265
0.02835083 -0.22764587 -0.21485901
-0.07670593 -0.35836792 -0.23074341
-0.18421936 -0.3204956 -0.22647095
-0.2135315 -0.18611145 -0.23869324
-0.14756775 -0.16778564 -0.25761414
-0.10725403 -0.22213745 -0.27778625
-0.09564209 -0.29301453 -0.29426575
-0.057769775 -0.2679596 -0.24784851
-0.030273438 -0.14639282 -0.15072632
-0.061431885 -0.115249634 -0.08352661
-0.11885071 -0.19221497 -0.07862854
-0.14390564 -0.18914795 -0.12445068
-0.11213684 -0.059646606 -0.1782074
-0.016235352 -0.02482605 -0.18003845
0.022857666 -0.079818726 -0.13728333
-0.05899048 -0.09385681 -0.08413696
-0.13780212 -0.040100098 -0.048706055
-0.1298523 -0.0046844482 -0.055419922
-0.08770752 -0.015670776 -0.07984924
-0.06326294 -0.058425903 -0.09207153
-0.0675354 -0.08653259 -0.07862854
-0.07243347 -0.050491333 -0.06642151
-0.033935547 -0.022384644 -0.06274414
0.007598877 -0.06576538 -0.063964844
0.0051574707 -0.10913086 -0.07740784
-0.05104065 -0.08226013 -0.062149048
-0.08770752 -0.026046753 -0.019989014
-0.07304382 0.037460327 0.010543823
-0.044937134 0.0063171387 0.016662598
-0.057769775 -0.08226013 0.0013885498
-0.098083496 -0.035827637 -0.0028839111
-0.08830261 0.048461914 -0.012054443
-0.042495728 0.056411743 -0.030380249
-0.037612915 0.025253296 -0.029769897
-0.07243347 0.06739807 -0.013885498
-0.07853699 0.09855652 0.0032196045
-0.07060242 0.0912323 0.016662598
-0.089523315 0.046020508 0.027038574
-0.11152649 -0.015060425 0.039871216
-0.09320068 -0.021774292 0.038650513
-0.057769775 0.011810303 0.03437805
-0.050430298 0.06739807 0.030090332
-0.0663147 0.06983948 0.026428223
-0.07060242 0.036239624 0.0178833
-0.053497314 0.0050964355 0.006881714
-0.04737854 -0.012008667 0.002609253
-0.0687561 -0.009567261 0.003829956
-0.08097839 0.038085938 -0.0022735596
-0.07121277 0.044799805 -0.004714966
-0.08526611 -0.006500244 0.0129852295
-0.10847473 -0.07369995 0.018493652
-0.12495422 -0.08470154 0.011764526
-0.102371216 -0.042541504 0.008102417
-0.10359192 -0.0718689 0.002609253
-0.17749023 -0.06881714 -0.05848694
-0.18482971 0.10649109 -0.13545227
-0.09503174 0.1736908 -0.089019775
0.037521362 0.038085938 0.060638428
0.0045318604 -0.06637573 0.099121094
-0.11274719 -0.04559326 0.08872986
-0.11457825 0.0026550293 0.111328125
-0.0070648193 -0.043777466 0.184021
0.014312744 -0.12806702 0.17791748
-0.048599243 -0.09692383 0.04170227
-0.018676758 0.041748047 -0.055419922
0.06806946 0.06983948 -0.0309906
0.10592651 -0.01322937 0.019714355
0.082107544 -0.03643799 0.04109192
0.04789734 0.014862061 0.028274536
0.061340332 0.05885315 0.036209106
0.07539368 0.0741272 0.068573
0.07295227 0.08755493 0.10522461
0.058288574 0.044189453 0.123550415
0.037521362 0.052734375 0.14859009
0.031417847 0.060684204 0.16325378
0.091278076 0.069229126 0.16020203
0.15235901 0.07839966 0.16203308
0.1486969 0.1101532 0.184021
0.11631775 0.1455841 0.21395874
0.11143494 0.18286133 0.25305176
0.13220215 0.21339417 0.30680847
0.1352539 0.20057678 0.3465271
0.10348511 0.18713379 0.35934448
0.10714722 0.21644592 0.3825531
0.15968323 0.23416138 0.40394592
0.19573975 0.24333191 0.43203735
0.18656921 0.2616577 0.46380615
0.16030884 0.2922058 0.5102234
0.16030884 0.3392334 0.5450592
0.18351746 0.3991089 0.5590973
0.20123291 0.4259796 0.57987976
0.19145203 0.4247589 0.612854
0.17556763 0.4406433 0.64035034
0.17253113 0.47729492 0.64157104
0.19818115 0.5438843 0.6483002
0.22016907 0.57380676 0.6855469
0.18901062 0.5536499 0.7435913
0.1511383 0.5426636 0.78266907
0.15480042 0.5646515 0.7906189
0.1499176 0.60313416 0.8016205
0.10714722 0.6263428 0.85232544
0.08578491 0.6116791 0.90301514
0.12059021 0.5939789 0.8920288
0.1829071 0.60679626 0.8565979
0.21038818 0.62268066 0.84254456
0.18656921 0.6800995 0.8724823
0.15357971 0.71920776 0.94395447
0.14198303 0.68927 0.9958801
0.14135742 0.6458893 0.9958801
0.13098145 0.6324463 1.0056458
0.12547302 0.63978577 1.0251923
0.15052795 0.66116333 1.0258026
0.16397095 0.70391846 1.0227509
0.12731934 0.74913025 1.0380249
0.079055786 0.7595215 1.0697937
0.07539368 0.73690796 1.0966644
0.09799194 0.70269775 1.1033936
0.102890015 0.72042847 1.0948334
0.10592651 0.73934937 1.0765076
0.11753845 0.76623535 1.0740662
0.1169281 0.78211975 1.0740662
0.10411072 0.74790955 1.0526886
0.1169281 0.71858215 1.0270233
0.15480042 0.7228699 1.0074768
0.15846252 0.7259064 0.9977112
0.1328125 0.68315125 0.99098206
0.10838318 0.6581116 0.97631836
0.11999512 0.68499756 0.94273376
0.13220215 0.6917114 0.91889954
0.11143494 0.66116333 0.91889954
0.10533142 0.63368225 0.92807007
0.11753845 0.60679626 0.9182892
0.08883667 0.5988617 0.89508057
0.033233643 0.6251221 0.8486481
0.013092041 0.6721649 0.7991791
0.035079956 0.66116333 0.73747253
0.061950684 0.5628052 0.6824951
0.12669373 0.47790527 0.6495209
0.20611572 0.46446228 0.6348572
0.20977783 0.5218811 0.6641846
0.12121582 0.55792236 0.70877075
0.049118042 0.49317932 0.7142639
0.061950684 0.36917114 0.6861725
0.110824585 0.29586792 0.65745544
0.1328125 0.36550903 0.62934875
0.15052795 0.4675293 0.5865936
0.11326599 0.5731964 0.636673
0.066223145 0.5023346 0.692276
0.071121216 0.5115051 0.7167053
0.10777283 0.6184082 0.71365356
0.1181488 0.68559265 0.7472534
0.057678223 0.6721649 0.82177734
-0.054718018 0.6318512 0.8834686
-0.105407715 0.6440582 0.8883667
-0.042495728 0.6672821 0.85354614
0.035079956 0.6746063 0.8223877
0.058288574 0.67826843 0.81321716
0.05279541 0.69537354 0.77474976
0.055236816 0.72346497 0.7496948
0.017364502 0.7289734 0.79611206
-0.057769775 0.713089 0.8651428
-0.09991455 0.66360474 0.9152374
-0.10296631 0.61901855 0.9152374
-0.05899048 0.5744324 0.88653564
-0.038223267 0.5597687 0.8657532
-0.102371216 0.5957947 0.8651428
-0.15000916 0.6306305 0.8553772
-0.11213684 0.58480835 0.79244995
-0.037002563 0.5145569 0.6959381
0.023468018 0.5249481 0.62934875
0.027740479 0.57136536 0.61590576
-0.028442383 0.6220703 0.6470642
-0.09074402 0.6306305 0.6715088
-0.08036804 0.570755 0.678833
-0.010726929 0.48217773 0.63423157
0.057678223 0.44735718 0.5590973
0.08332825 0.4882965 0.5267334
0.05706787 0.5304413 0.5316162
0.0014953613 0.5426636 0.5578766
-0.041275024 0.5218811 0.59635925
-0.016235352 0.49134827 0.5884247
0.12854004 0.53227234 0.5035248
0.3179016 0.58969116 0.43815613
0.4119873 0.56648254 0.42410278
0.3508911 0.49256897 0.4827423
0.0851593 0.611084 0.6739502
-0.25691223 0.6800995 0.81933594
-0.4719391 0.5444946 0.8175049
-0.39741516 0.31663513 0.63974
-0.041885376 0.17002869 0.3605652
0.34539795 0.24638367 0.17913818
0.51216125 0.3917694 0.17120361
0.3594513 0.50723267 0.30680847
0.08027649 0.55792236 0.46380615
-0.08830261 0.47607422 0.57803345
-0.1151886 0.27815247 0.59942627
-0.034561157 0.0765686 0.5145111
0.030792236 0.0900116 0.41615295
0.014312744 0.2531128 0.37828064
-0.024780273 0.3184662 0.39233398
-0.010116577 0.2262268 0.35202026
0.07600403 0.0942688 0.25
0.14686584 0.044189453 0.17852783
0.11204529 0.108932495 0.1852417
0.0039367676 0.141922 0.22740173
-0.077926636 0.10038757 0.24023438
-0.04798889 0.061904907 0.1993103
0.02407837 0.021575928 0.170578
0.035690308 -0.026046753 0.17852783
0.011871338 -0.06086731 0.17120361
0.000869751 -0.07797241 0.13394165
-0.013793945 -0.04927063 0.071624756
-0.03149414 0.026473999 -0.00044250488
-0.032714844 0.031967163 -0.056640625
0.03630066 -0.039489746 -0.07862854
0.16091919 -0.07003784 -0.12017822
0.2653656 -0.09080505 -0.18247986
0.2470398 -0.16471863 -0.18737793
0.08149719 -0.12806702 -0.09391785
-0.113357544 -0.050491333 -0.051757812
-0.17749023 -0.0901947 -0.001663208
-0.22453308 -0.010787964 0.07040405
-0.2526245 0.13948059 0.104003906
-0.16711426 0.12298584 0.02154541
0.06744385 -0.22091675 -0.11651611
0.2647705 -0.5507965 -0.20692444
0.26231384 -0.5740051 -0.2136383
0.082107544 -0.2679596 -0.15744019
-0.09686279 0.11566162 -0.07740784
-0.2471466 0.2421112 -0.015106201
-0.31433105 0.21339417 -0.004714966
-0.25569153 0.15231323 -0.029159546
-0.12007141 0.03135681 -0.076812744
-0.0052337646 -0.15190125 -0.14033508
-0.006454468 -0.24473572 -0.20507812
-0.011947632 -0.17204285 -0.2625122
-0.004623413 -0.0059051514 -0.27471924
-0.054107666 0.16513062 -0.18247986
-0.12557983 0.18835449 -0.09147644
-0.13839722 0.005706787 -0.001663208
-0.09686279 0.053344727 0.025817871
-0.05593872 0.09611511 0.052703857
-0.03211975 0.1565857 0.08995056
-0.037612915 0.2103424 0.14065552
-0.09136963 0.1907959 0.14309692
-0.052886963 0.17185974 0.11193848
0.12731934 0.1254425 0.075302124
0.29042053 -0.052322388 0.063079834
0.25193787 -0.17082214 0.15715027
-0.09136963 0.03868103 0.37522888
-0.441391 0.19445801 0.51634216
-0.7059021 0.19934082 0.563385
-0.71261597 0.19628906 0.42410278
-0.31433105 0.20057678 0.11317444
0.2158966 0.18469238 -0.15927124
0.3948822 0.1425476 -0.19592285
0.041793823 0.096725464 -0.01876831
-0.4303894 0.18652344 0.2194519
-0.5428009 0.28425598 0.3611908
-0.3613739 0.16453552 0.30802917
-0.23492432 -0.063323975 0.20478821
-0.30212402 -0.16593933 0.16569519
-0.4126892 -0.083480835 0.1504364
-0.42123413 0.13154602 0.14370728
-0.34365845 0.16453552 0.115615845
-0.3235016 0.061904907 0.071014404
-0.3503723 0.003250122 0.04109192
-0.35832214 -0.021774292 0.03315735
-0.35525513 -0.038879395 0.020324707
-0.33937073 -0.042541504 0.0074920654
-0.28868103 -0.050491333 -0.016937256
-0.25447083 -0.079818726 -0.031600952
-0.2819519 -0.12135315 -0.020599365
-0.3161621 -0.13783264 0.0013885498
-0.28683472 -0.079193115 -0.001663208
-0.22392273 -0.12684631 -0.033432007
-0.19949341 -0.2203064 -0.052978516
-0.18666077 -0.17510986 -0.10307312
-0.040664673 -0.11035156 -0.20080566
0.09249878 -0.15922546 -0.228302
-0.106033325 -0.18611145 -0.19042969
-0.38824463 -0.22459412 -0.18003845
-0.39924622 -0.17449951 -0.19042969
-0.233078 -0.038269043 -0.20385742
-0.17077637 0.033187866 -0.10795593
-0.33265686 -0.06515503 0.091171265
-0.5543976 -0.23313904 0.22557068
-0.6075592 -0.26612854 0.14736938
-0.43650818 -0.17877197 -0.019989014
-0.2685089 -0.08836365 -0.15805054
-0.22575378 0.029525757 -0.21607971
-0.30516052 0.18223572 -0.112838745
-0.47865295 0.19384766 0.028274536
-0.5922699 0.019760132 0.031936646
-0.50737 -0.12135315 -0.056030273
-0.30334473 -0.115249634 -0.1281128
-0.18421936 -0.030334473 -0.12017822
-0.2471466 0.049682617 -0.08229065
-0.38702393 0.06800842 -0.043823242
-0.45056152 0.06434631 -0.018157959
-0.40046692 0.05029297 -0.012054443
-0.3406067 0.07044983 -0.0077819824
-0.32899475 0.109558105 0.00016784668
-0.2624054 0.1296997 0.0019989014
-0.16711426 0.13337708 0.014831543
-0.18421936 0.11871338 0.0539093
-0.27279663 0.03501892 0.107055664
-0.26179504 -0.011383057 0.123550415
-0.19949341 0.07595825 0.11378479
-0.1787262 0.18101501 0.079574585
-0.15306091 0.18347168 0.06430054
-0.16833496 0.13948059 0.13026428
-0.27340698 0.08389282 0.21212769
-0.38946533 0.022201538 0.22557068
-0.37174988 -0.0071258545 0.1693573
-0.24102783 0.036239624 0.08872986
-0.16101074 0.113220215 0.060012817
-0.1469574 0.16390991 0.0856781
-0.15245056 0.09855652 0.16020203
-0.2306366 -0.042541504 0.22496033
-0.31982422 -0.15249634 0.23962402
-0.28012085 -0.12867737 0.17242432
-0.10847473 0.0014343262 0.06185913
0.030792236 0.08267212 0.00932312
-0.04310608 0.07839966 0.049041748
-0.21170044 0.007537842 0.119277954
-0.25691223 -0.06820679 0.170578
-0.19215393 -0.083480835 0.15715027
-0.041885376 -0.018722534 0.06552124
0.026519775 0.072280884 -0.012054443
-0.06997681 0.08023071 -0.03465271
-0.14756775 0.0765686 -0.02243042
-0.07853699 0.1083374 -0.0010528564
-0.065093994 0.121154785 0.048416138
-0.117630005 0.08694458 0.0697937
-0.16038513 0.048461914 0.051483154
-0.14328003 0.020980835 0.04475403
-0.13595581 -0.019943237 0.055755615
-0.15428162 -0.015670776 0.05757141
-0.11579895 0.07778931 0.04597473
-0.04737854 0.12359619 0.03742981
-0.07975769 0.07962036 0.055130005
-0.16345215 0.009979248 0.058792114
-0.15490723 0.002029419 0.028869629
-0.093811035 -0.030334473 -0.021209717
-0.06448364 -0.030944824 -0.043823242
-0.034561157 0.025253296 -0.025497437
0.0027160645 0.0900116 -0.025497437
-0.020507812 0.08328247 -0.011444092
-0.081588745 -0.019943237 0.04537964
-0.081588745 -0.07247925 0.067352295
-0.0070648193 -0.03338623 0.026428223
0.050964355 0.0063171387 0.0062713623
-0.015609741 -0.018112183 0.04660034
-0.18421936 -0.12989807 0.06796265
-0.30393982 -0.17938232 -0.101242065
-0.197052 0.00021362305 -0.26739502
0.14930725 0.20057678 -0.09941101
0.18717957 -0.02911377 0.028869629
0.04118347 -0.14517212 0.104003906
0.025909424 0.046020508 0.09484863
0.05706787 0.16697693 0.07711792
0.04118347 0.08267212 0.0539093
-0.015014648 -0.038269043 0.023986816
-0.048599243 -0.11462402 0.020935059
-0.020507812 -0.13235474 0.04475403
0.055847168 -0.07369995 0.04660034
0.123031616 0.040527344 0.02520752
0.071121216 0.12054443 0.0044403076
-0.03517151 0.12910461 0.011169434
-0.073654175 0.0942688 0.03253174
-0.03944397 0.08572388 0.038650513
0.017974854 0.06556702 0.031936646
0.046066284 0.008148193 0.0154418945
0.05706787 0.014862061 -0.005935669
0.06929016 0.053344727 -0.001663208
0.04484558 0.0435791 0.018493652
0.0069732666 0.016082764 0.01361084
0.007598877 0.0063171387 -0.015716553
0.043624878 -0.039489746 -0.073135376
0.091278076 -0.012619019 -0.09269714
0.12121582 0.06373596 -0.097579956
0.1645813 0.057022095 -0.112838745
0.23544312 0.08694458 -0.11039734
0.3148651 0.20118713 -0.12689209
0.33866882 0.21095276 -0.09329224
0.28553772 0.04724121 -0.02305603
0.2482605 -0.12135315 -0.0034942627
0.294693 -0.15678406 -0.056640625
0.41625977 -0.09446716 -0.08047485
0.53660583 -0.04559326 0.028869629
0.56347656 -0.17144775 0.27993774
0.503006 -0.41456604 0.5621643
0.37104797 -0.7254944 0.91889954
0.28919983 -0.71572876 1.1656952
0.29652405 -0.67541504 1.0270233
0.25682068 -0.79452515 0.5670471
0.12365723 -0.8189697 0.09484863
0.08578491 -0.5031433 -0.15866089
0.30386353 -0.16593933 -0.22769165
0.5335388 0.05517578 -0.29977417
0.46452332 0.24150085 -0.38102722
0.12547302 0.08694458 -0.32481384
-0.28012085 -0.19343567 -0.20751953
-0.4438324 -0.20503235 -0.14582825
-0.17689514 -0.079193115 -0.2454071
0.3117981 0.0753479 -0.40789795
0.5604248 0.22317505 -0.46348572
0.45291138 0.09977722 -0.38591003
0.23361206 -0.19282532 -0.2087555
-0.036392212 -0.31378174 0.01727295
-0.21903992 -0.24473572 0.07652283
-0.2660675 -0.09751892 -0.030380249
-0.101135254 0.08755493 -0.13606262
0.15420532 0.19018555 -0.064590454
0.20916748 0.17124939 0.071014404
0.05279541 0.10771179 0.15531921
-0.09625244 -0.015060425 0.10644531
-0.09197998 -0.08958435 -0.00044250488
0.050338745 -0.035217285 -0.07008362
0.14135742 0.084503174 -0.076187134
0.15480042 0.07901001 -0.027328491
0.1157074 0.051513672 0.0129852295
0.006378174 0.032577515 -0.0028839111
-0.05960083 0.049682617 -0.036483765
0.02407837 -0.0034484863 -0.026107788
0.049118042 -0.054153442 -0.056640625
0.079055786 -0.042541504 -0.13545227
0.12792969 -0.0046844482 -0.16415405
0.08822632 -0.021774292 -0.09024048
-0.044326782 -0.05659485 0.0178833
-0.07914734 -0.051101685 0.07408142
-0.011947632 -0.08226013 0.034988403
0.049743652 -0.16593933 -0.04319763
0.102264404 -0.18304443 -0.07069397
0.13710022 -0.12501526 -0.040161133
0.10714722 -0.06942749 0.024597168
0.0002746582 -0.08103943 0.09056091
-0.0687561 -0.08958435 0.107666016
-0.025390625 -0.039489746 0.027038574
0.043624878 0.0069274902 -0.036483765
0.006378174 -0.0046844482 -0.035873413
-0.05227661 -0.042541504 -0.036483765
0.019805908 -0.15922546 0.03437805
0.08027649 -0.204422 0.15287781
-0.00035095215 -0.14395142 0.104003906
-0.10662842 -0.14517212 -0.015106201
-0.105407715 -0.11891174 -0.064590454
-0.13902283 -0.01689148 -0.064590454
-0.18360901 0.00021362305 0.0062713623
0.0033111572 0.011199951 0.15959167
