45
67
80
104
120
140
160
181
200
221
240
260
280
299
319
338
357
377
396
415
435
454
473
497
512
531
551
570
590
609
641
660
680
700
720
741
760
780
800
821
840
861
880
899
919
938
957
984
998
1016
1035
1054
1074
1093
1112
1148
1181
1194
1203
1221
1240
1261
1288
1300
1320
1342
1361
1380
1405
1421
1440
1460
1480
1499
1519
1538
1557
1577
1599
1617
1641
1661
1680
1700
1720
1740
1761
1780
1803
1820
1841
1860
1884
1900
1920
1940
1960
1980
2001
2020
2040
2060
2080
2101
2119
2138
2157
2176
2195
2215
2235
2254
2273
2293
2314
2332
2351
2370
2389
2415
2428
2448
2469
2500
2529
2548
2564
2580
2602
2620
2639
2660
2681
2700
2718
2738
2757
2776
2798
2815
2834
2853
2873
2892
2911
2932
2950
2970
2999
3022
3039
3059
3080
3099
3119
3139
3159
3179
3199
3219
3239
3259
3280
3301
3318
3337
3356
3376
3396
3415
3435
3457
3475
3492
3511
3538
3550
3569
3589
3608
3641
3660
3679
3700
3719
3739
3759
3779
3799
3819
3842
3859
3879
3898
3918
3937
3956
3975
3995
4014
4035
4053
4073
4093
4111
4130
4151
4171
4195
4214
4228
4247
4266
4287
4308
4324
4344
4365
4382
4401
4421
4444
4461
4498
4519
4537
4556
4576
4595
4615
4633
4652
4672
4692
4711
4731
4765
4771
4788
4810
4827
4846
4867
4889
4905
4925
4944
4962
4999
5018
5038
5058
5079
5098
5117
5137
5156
5175
5195
5214
5233
5253
5273
5291
5311
5331
5349
5369
5389
5409
5427
5446
5466
5484
5505
5523
5544
5562
5581
5601
5620
5639
5659
5678
5698
5718
5739
5766
5782
5799
5818
5839
5868
5881
5898
5917
5937
5958
5978
5998
6018
6038
6058
6079
6107
6133
6151
6168
6184
6199
6218
6238
6257
6278
6299
6318
6338
6355
6375
6394
6413
6433
6452
6471
6491
6510
6530
6549
6569
6588
6610
6626
6647
6665
6687
6717
6737
6758
6777
6797
6817
6838
6858
6885
6917
6935
6955
6985
6995
7013
7033
7052
7072
7097
7111
7129
7149
7168
7187
7217
7237
7258
7278
7297
7317
7337
7358
7378
7398
7419
7438
7458
7477
7497
7516
7535
7555
7574
7595
7613
7632
7651
7671
7692
7712
7730
7748
7768
7787
7806
7825
7845
7864
7884
7903
7922
7941
7961
7983
8000
8019
8039
8058
8079
8103
8117
8136
8156
8176
8197
8217
8237
8259
8290
8314
8330
8348
8368
8387
8405
8425
8446
8465
8483
8503
8522
8541
8561
8582
8600
8619
8639
8657
8677
8699
8718
8737
8756
8793
8813
8832
8854
8871
8890
8909
8929
8948
8967
8987
9005
9025
9044
9064
9086
9112
9122
9141
9160
9179
9211
9221
9238
9257
9277
9296
9316
9335
9354
9375
9394
9413
9436
9456
9476
9496
9516
9535
9556
9575
9596
9617
9645
9663
9683
9703
9721
9743
9760
9779
9799
9838
9857
9876
9896
9916
9935
9955
9976
9995
10017
10035
10055
10075
10095
10115
10147
10166
10186
10207
10226
10244
10263
10284
10302
10331
10342
10360
10379
10399
10419
10438
10457
10476
10495
10515
10536
10556
10573
10592
10611
10630
10650
10670
10689
10708
10728
10751
10786
10796
10815
10835
10856
10877
10895
10915
10936
10956
10975
10998
11018
11037
11058
11077
11095
11114
11135
11154
11174
11192
11211
11231
11250
11271
11289
11308
11327
11347
11367
11387
11405
11424
11459
11464
11482
11501
11521
11540
11562
11580
11598
11618
11639
11659
11679
11695
11714
11734
11755
11776
11794
11814
11834
11869
11889
11908
11928
11946
11966
11985
12004
12025
12045
12064
12082
12101
12120
12140
12160
12180
12199
12217
12236
12257
12275
12295
12314
12334
12353
12373
12391
12414
12431
12450
12469
12488
12514
12535
12568
12577
12598
12614
12635
12654
12675
12694
12722
12739
12759
12779
12798
12817
