76
103
115
134
162
172
187
206
225
245
264
284
303
322
342
361
381
400
419
439
458
477
513
532
552
572
592
612
632
651
670
690
709
729
748
767
787
806
825
847
865
885
905
925
942
963
981
1000
1020
1062
1066
1077
1096
1116
1135
1154
1174
1195
1216
1235
1251
1271
1295
1310
1330
1348
1368
1386
1407
1427
1459
1478
1510
1522
1535
1543
1561
1581
1600
1619
1638
1660
1677
1697
1717
1738
1755
1774
1793
1813
1832
1872
1891
1910
1929
1948
1976
1987
2006
2027
2046
2066
2085
2103
2129
2147
2162
2195
2210
2223
2239
2258
2278
2297
2322
2335
2354
2373
2392
2412
2432
2455
2471
2508
2528
2549
2567
2587
2607
2625
2645
2664
2683
2706
2722
2741
2760
2780
2800
2820
2838
2857
2877
2896
2915
2945
2954
3012
3033
3111
3132
3151
3325
3357
3360
3380
3402
3423
3465
3485
3501
3510
3520
3534
3553
3572
3592
3612
3632
3652
3671
3689
3709
3731
3751
3771
3791
3811
3832
3852
3872
3891
3913
3940
3960
3979
3998
4018
4037
4057
4076
4095
4115
4134
4153
4172
4192
4211
4232
4250
4273
4290
4311
4330
4351
4377
4391
4410
4443
4463
4482
4502
4521
4540
4559
4578
4598
4617
4638
4658
4676
4695
4716
4738
4754
4772
4793
4812
4831
4851
4870
4891
4910
4946
4965
4985
5006
5025
5045
5063
5082
5101
5120
5140
5159
5179
5198
5218
5237
5256
5276
5300
5314
5334
5352
5374
5398
5415
5431
5451
5481
5494
5510
5531
5550
5585
5604
5625
5644
5663
5681
5700
5720
5740
5760
5778
5797
5818
5837
5858
5877
5895
5914
5933
5953
5975
5991
6012
6030
6049
6089
6107
6127
6146
6165
6185
6204
6223
6242
6262
6283
6306
6321
6340
6359
6378
6495
6513
6533
6552
6581
6594
6624
6632
6650
6669
6704
6728
6746
6764
6775
6790
6826
6845
6850
6869
6889
6911
6929
6949
6969
6989
7010
7029
7049
7069
7092
7110
7131
7149
7172
7190
7212
7231
7250
7269
7288
7306
7326
7346
7365
7385
7404
7425
7444
7462
7481
7500
7520
7540
7558
7578
7598
7617
7635
7654
7674
7694
7717
7732
7751
7772
7792
7835
7837
7848
7868
7887
7906
7928
7946
7964
7984
8003
8023
8063
8076
8089
8100
8120
8143
8160
8179
8197
8216
8235
8254
8275
8294
8315
8332
8351
8389
8409
8428
8448
8467
8487
8506
8526
8546
8564
8585
8603
8624
8641
8662
8680
8700
8721
8738
8757
8777
8797
8816
8854
8865
8888
8909
8930
8965
8970
8988
9008
9028
9048
9069
9087
9106
9125
9145
9166
9186
9202
9223
9241
9262
9282
9300
9319
9339
9362
9390
9408
9428
9450
9468
9488
9508
9529
9548
9568
9589
9608
9629
9647
9667
9686
9706
9726
9745
9764
9785
9805
9822
9841
9861
9880
9899
9919
9939
9959
9993
10020
10041
10067
10081
10099
10108
10129
10148
10168
10188
10208
10229
10249
10267
10286
10305
10324
10344
10364
10383
10406
10421
10443
10460
10483
10499
10527
10548
10568
10588
10612
10629
10663
10678
10688
10708
10731
10751
10771
10789
10809
10829
10848
10867
10889
10906
10924
10946
10965
10984
11002
11021
11041
11060
11079
11100
11118
11137
11164
11176
11197
11218
11236
11267
11303
11327
11349
11361
11372
11387
11407
11427
11447
11468
11486
11505
11525
11543
11563
11582
11602
11621
11640
11660
11681
11698
11719
11743
11762
11780
11795
11814
11835
11853
11886
11906
11926
11950
11966
11987
12007
12028
12047
12067
12087
12106
12124
12143
12163
12182
12202
12220
12241
12261
12279
12298
12318
12338
12358
12386
12395
12415
12436
12455
12474
12492
12511
12530
12549
12570
12607
12639
12669
12686
12701
12712
12730
12744
12762
12781
12801
12821
12841
12860
12880
12904
12918
12939
12956
12975
12995
13014
13035
13054
13072
13106
13127
13148
13166
13186
13206
13227
13246
13275
13290
13305
13325
13344
13375
13384
13401
13420
13439
13460
13479
13512
13520
13536
13557
13576
13606
13626
13646
13667
13689
13706
13728
13747
13765
13786
13808
13827
13846
13865
13885
13903
13924
13944
13964
13981
14001
14020
14040
14058
14078
14107
14125
14145
14172
14186
14205
14225
14246
14265
14285
14311
14329
14349
14368
14387
14407
14426
14447
14465
14484
14504
14524
14542
14562
14581
14600
14624
14649
14659
14681
14701
14717
14737
14755
14775
14794
14815
14835
14854
14873
14893
14913
14931
14948
14968
14987
15009
15027
15045
15067
15104
15125
15142
15161
15181
15202
15221
15239
15259
15278
15327
15349
15362
15379
15418
15438
15458
15470
15475
15480
15490
15511
15544
15564
15585
15604
15640
15646
15668
15685
15703
15722
15767
15787
15799
15802
15820
15840
15866
15887
15899
15916
15943
15963
15981
15994
16013
16048
16066
16084
16105
16125
16145
16165
16186
16205
16224
16245
16264
16284
16303
16322
16343
16362
16381
16401
16441
16473
16479
16486
16506
16518
16544
16564
16588
16604
16624
16644
16664
16685
16704
16725
16766
16773
16801
16807
16827
16844
16880
16885
16903
16922
16942
16960
16981
17002
17019
17038
17057
17076
17096
17115
17138
17155
17177
17193
17212
17237
17255
17270
17289
17309
17328
17348
17368
17394
17410
17426
17444
17464
17485
17506
17525
17541
17561
17579
17599
17625
17638
17657
17678
17698
17727
17740
17756
17773
17792
17812
17832
17850
17871
17893
17917
17930
17947
17967
18005
18009
18025
18045
18064
18084
18104
18125
18143
18163
18185
18206
18223
18244
18263
18283
18304
18323
18343
18363
18383
18403
18423
18445
18465
18485
18503
18523
18549
18565
18584
18614
18625
18643
18663
18682
18702
18721
18760
18781
18803
18819
18837
18857
18876
18895
18915
18935
18954
18973
18992
19027
19040
19050
19070
19089
19110
19134
19149
19166
19192
19208
19227
19256
19267
19285
19304
19327
19354
19366
19383
19403
19423
19445
19463
19482
19503
19522
19542
19562
19582
19603
19623
19643
19662
19687
19703
19724
19743
19762
19827
19867
19888
19906
19923
19938
19948
19964
19980
19998
20017
20037
20057
20076
20097
20114
20134
20154
20197
20209
20220
20244
20261
20283
20302
20322
20342
20363
20382
20402
20423
20444
20463
20482
20507
20525
20540
20560
20581
20602
20617
20636
20657
20675
20695
20715
20734
20762
20783
20802
20823
20841
20862
20881
20921
20942
20966
20984
21004
21024
21043
21064
21081
21101
21120
21140
21184
21316
21334
21353
21371
21391
21410
21431
21449
21468
21488
21509
21546
21565
21584
21604
21624
21672
21682
21685
21721
21753
21761
21781
21801
21821
21841
21861
21881
21902
21922
21941
21971
21990
22010
22030
22050
22068
22087
22108
22129
22145
22165
22184
22203
22223
22243
22261
22283
22300
22320
22340
22360
22381
22402
22421
22440
22504
22513
22522
22535
22558
22572
22591
22610
22629
22650
22670
22689
22708
22728
22746
22766
22784
22803
22823
22842
22862
22882
22900
22921
22941
22978
22997
23017
23036
23055
23074
23093
23115
23133
23152
23172
23191
23210
23229
23248
23309
23317
23321
23326
23346
23364
23386
23403
23422
23442
23480
23501
23522
23539
23577
23597
23608
23616
23635
23654
23682
23693
23713
23735
23805
23816
23829
23839
23850
23859
23867
23888
23907
23927
23947
23980
24000
24023
24041
24060
24080
24099
24119
24138
24157
24177
24196
24215
24235
24255
24274
24294
24312
24333
24351
24370
24390
24420
24440
24460
24480
24500
24520
24542
24559
24579
24600
24621
24642
24660
24680
24699
24719
24738
24757
24777
24796
24816
24836
24858
24876
24894
24919
24939
24960
24979
25000
25020
25040
25059
25079
25100
25119
25139
25159
25184
25204
25224
25241
25260
25279
25299
25318
25337
25358
25376
25396
25419
25439
25459
25479
25499
25520
25540
25559
25579
25599
25619
25640
25660
25679
25699
25720
25739
25759
25780
25805
25820
25839
25859
25880
25911
25919
25938
25958
25977
25995
26015
26034
26054
26073
26092
26111
26131
26150
26171
26192
26213
26230
26248
26266
26286
26305
26325
26351
26389
26399
26408
26421
26440
26460
26479
26500
26519
26539
