1.4859467 0.011962891 10.238892
0.6915283 0.72024536 9.734009
0.89730835 0.6508484 9.824936
0.70588684 1.0695953 10.073776
0.45703125 1.2251282 9.726822
0.447464 1.2179413 9.511475
0.28234863 1.2131653 9.674179
-0.102890015 1.3567352 9.451645
-0.17228699 1.2849426 9.7005005
0.100494385 0.33738708 11.559723
0.25602722 0.3637085 12.5359955
0.088531494 1.2155609 10.365707
0.14117432 1.9932251 8.700302
0.3134613 2.0147552 8.721832
0.27038574 1.7084808 10.339386
0.34457397 0.80158997 11.303696
0.6460571 0.28953552 11.052444
0.68673706 0.83270264 10.58345
0.3637085 1.3615112 9.841675
0.5742798 1.1533356 9.195618
0.3014984 0.5312042 8.499313
0.31585693 0.5001068 9.133408
0.021530151 0.57188416 9.676575
-0.6652069 0.8685913 9.774673
-0.91645813 1.1030884 9.832108
-1.0001984 1.0001984 9.913467
-0.99302673 0.6508484 9.207581
-0.5742798 0.6006012 9.334396
-0.4283142 0.21774292 10.851456
-0.59820557 0.38763428 12.428314
-0.7034912 0.6508484 12.047867
-1.0576324 -0.9068756 8.824738
-0.5312042 -0.68434143 7.7455597
-0.20817566 1.0552368 9.154938
-1.2538452 1.8711853 11.042877
-2.1032867 1.4309082 11.023727
-1.277771 0.117248535 9.750748
-0.35653687 0.20100403 9.61676
-0.114852905 0.75852966 10.016357
0.40438843 0.5264282 10.928024
0.31106567 -0.31585693 12.086151
-0.447464 -0.70588684 10.648056
-0.7657013 0.63648987 9.772293
-1.701294 1.7371826 9.702896
-1.7395782 1.9956207 9.839294
-1.426117 1.1724854 10.0785675
-0.6771698 0.110076904 9.846466
-0.45703125 0.31106567 9.978073
-1.0911255 0.6316986 9.853638
-1.4309082 0.92123413 10.080963
-1.1222382 1.0337067 10.140778
-0.5862427 0.62931824 9.786652
-0.46180725 0.29910278 9.623932
-0.727417 0.23928833 9.808182
-0.79441833 0.3756714 10.083359
-0.9571228 0.27278137 10.403992
-0.7657013 0.117248535 10.724625
-0.727417 0.08135986 10.995026
-0.70588684 -0.01914978 10.772491
-0.8422699 0.13400269 10.255646
-0.933197 0.30867004 9.958923
-0.8685913 0.34695435 9.915863
-0.8063812 0.21774292 9.930222
-0.87098694 0.18424988 9.913467
-1.0480499 0.19381714 9.951752
-1.1844482 0.28234863 10.025925
-1.0624084 0.26560974 10.210175
-0.92362976 0.13639832 10.219742
-1.0911255 0.086135864 9.990036
-1.2610168 0.34457397 9.887146
-1.4380798 0.4785614 9.944565
-1.282547 0.21296692 9.726822
-1.1988068 0.03111267 9.856033
-1.0959167 -0.20100403 10.5260315
-0.77526855 -0.31106567 10.791626
-0.5862427 -0.31585693 10.638489
-0.5766754 -0.21534729 10.470993
-0.70588684 -0.2632141 9.982849
-0.7848511 -0.5144501 10.281952
-0.78723145 -0.5479584 10.420746
-0.7082825 -0.27038574 10.19104
-0.71066284 -0.33021545 9.932602
-0.67237854 -0.33021545 9.879959
-0.6125641 -0.27038574 9.824936
-0.55274963 -0.36849976 10.04985
-0.69869995 -0.3637085 10.33699
-0.99780273 -0.23449707 10.523636
-1.0504456 -0.13877869 10.447067
-0.928421 -0.29910278 10.140778
-0.73698425 -0.36610413 10.057037
-0.72024536 -0.3756714 10.145569
-0.8542328 -0.550354 10.188644
-0.9308014 -0.43070984 10.214966
-0.9260254 -0.31585693 10.116852
-0.9068756 -0.39242554 10.140778
-0.8494568 -0.38763428 10.1814575
-0.8518524 -0.40678406 10.205383
-0.8949127 -0.42352295 10.116852
-0.8877411 -0.42352295 10.116852
-0.8757782 -0.45942688 10.016357
-0.8494568 -0.43310547 9.997208
-0.8446655 -0.39482117 10.267609
-0.88534546 -0.42591858 10.380066
-0.9068756 -0.38763428 10.200607
-0.89730835 -0.33021545 10.159927
-0.94755554 -0.4139557 10.009171
-0.91645813 -0.38763428 10.016357
-0.80158997 -0.49771118 10.167099
-0.8374939 -0.45942688 10.188644
-0.90448 -0.38046265 10.265213
-0.9882355 -0.31585693 10.167099
-1.0504456 -0.35653687 9.92543
-0.91166687 -0.33499146 9.990036
-0.8231354 -0.28234863 10.140778
-0.830307 -0.25125122 10.128815
-0.8925171 -0.24406433 10.057037
-0.91645813 -0.18664551 10.188644
-0.8757782 -0.20100403 10.241287
-0.8638153 -0.3014984 10.140778
-0.94277954 -0.33499146 10.018753
-0.99780273 -0.28953552 10.076172
-0.9068756 -0.27278137 10.2341
-0.8494568 -0.33738708 10.203003
-0.85902405 -0.3397827 10.138397
-0.94277954 -0.36610413 10.095322
-0.8949127 -0.34457397 10.136002
-0.8805542 -0.28234863 10.13121
-0.933197 -0.26560974 9.985245
-0.8901367 -0.279953 10.04747
-0.8566284 -0.35891724 10.260422
-0.9020996 -0.37806702 10.222137
-0.9379883 -0.32781982 10.080963
-0.9308014 -0.28234863 10.042679
-0.85902405 -0.33259583 10.097717
-0.8231354 -0.3254242 10.095322
-0.92123413 -0.35414124 9.978073
-0.94277954 -0.36610413 10.066605
-0.8949127 -0.42352295 10.186249
-0.8661957 -0.41874695 10.183853
-0.8829498 -0.550354 10.277176
-0.7417755 -0.5694885 10.092926
-0.928421 -0.47138977 10.140778
-0.9571228 -0.47138977 10.157532
-0.90927124 -0.52163696 9.94696
-0.87815857 -0.550354 9.934998
-0.7657013 -0.5431671 10.095322
-0.73698425 -0.61016846 10.236496
-0.8685913 -0.63409424 10.205383
-0.90927124 -0.61016846 10.214966
-0.83270264 -0.6316986 10.157532
-0.7680969 -0.6053772 10.045074
-0.7728882 -0.5240326 10.13121
-0.8039856 -0.51924133 10.140778
-0.8063812 -0.55513 10.102493
-0.75613403 -0.5886383 10.025925
-0.7010956 -0.5790558 9.982849
-0.8494568 -0.58384705 10.02832
-1.0049896 -0.55992126 10.1766815
-0.9954071 -0.624527 10.260422
-0.9379883 -0.7082825 10.382462
-0.83509827 -0.6891327 10.451843
-0.8518524 -0.6771698 10.289139
-0.8374939 -0.57188416 10.100098
-0.7920227 -0.36849976 10.071396
-0.7776642 -0.5168457 10.140778
-0.85902405 -0.6771698 10.332214
-0.80158997 -0.7010956 10.571487
-0.9020996 -0.5024872 10.537994
-1.2801666 -0.071777344 9.765106
-1.2346954 -0.15792847 9.427719
-0.7680969 -0.8231354 10.112076
-0.4402771 -0.7298126 10.774887
-0.55513 -0.8279114 10.710281
-0.71066284 -0.5288086 11.066803
-1.002594 -0.21057129 11.349152
-0.98106384 -0.33499146 11.330017
-0.6652069 -0.6963043 11.4664
-0.5647125 -0.8446655 11.6698
-0.75852966 -0.59580994 11.868393
-0.9308014 -0.29193115 11.930618
-1.036087 -0.24645996 11.933014
-0.928421 -0.34457397 12.047867
-0.7537384 -0.5383911 11.952148
-0.8901367 -0.6316986 11.617157
-0.9379883 -0.46420288 11.215164
-0.7010956 -0.28953552 10.944778
-0.7034912 -0.06700134 10.9782715
-0.8111725 0.15553284 10.884949
-1.0839539 0.5024872 10.35614
-1.3184509 1.0049896 9.686142
-1.4333038 1.2873383 9.375076
-1.2394867 1.3830566 9.645462
-0.99302673 1.6295166 9.968506
-0.87098694 1.763504 9.734009
-0.90448 1.7611237 9.047256
-1.2562256 1.7850494 8.702698
-1.1652985 2.3090668 8.886948
-1.1174469 2.9814606 9.111862
-1.2729797 2.9168549 8.812759
-1.2562256 2.9862366 9.111862
-1.277771 3.012558 9.92543
-1.0959167 2.079361 10.375275
-0.7417755 1.2131653 10.15036
-0.88534546 2.4143524 9.887146
-1.4309082 3.488739 10.272385
-1.0097656 3.0029907 10.301102
-0.13639832 2.177475 9.595215
0.059814453 2.0626068 8.865402
-1.0241241 2.5651093 9.1453705
-1.9573364 2.6033936 9.509079
-2.5914307 3.242279 9.241089
-2.892929 4.78804 8.195419
-2.2755737 5.6398773 7.2143555
-1.6007996 4.2472534 7.278961
-1.3471527 4.266403 7.5302124
-0.99302673 4.615753 7.812561
-1.3256226 4.6995087 8.164307
-1.9333954 4.3740845 8.106888
-2.4526367 4.3453674 8.224136
-2.6488495 3.7878418 8.5902405
-1.696518 4.302292 9.521042
-0.18664551 3.4671936 9.052048
0.28953552 3.247055 7.853241
-2.136795 3.9960175 8.865402
-2.4095764 4.7976074 7.9369965
-1.6654053 3.419342 10.45903
-0.37088013 4.0175476 10.136002
0.15074158 4.4530487 9.748352
-0.3062744 5.1804657 8.243271
0.52163696 3.9050903 9.877579
-0.20578003 3.763916 9.578476
-0.8159485 3.8045807 9.317657
-0.87098694 3.7495575 8.915665
-0.8111725 3.6155548 9.39183
-0.49771118 3.780655 10.648056
-0.34934998 3.1130676 10.415955
-0.40678406 3.4456635 10.669601
-0.5359955 3.694519 10.1766815
-0.48095703 3.5365906 9.315262
-0.021530151 3.6466675 8.350952
0.275177 3.940979 7.7479553
0.117248535 4.2017975 8.465805
0.18664551 4.1276245 9.774673
0.39242554 3.8332977 10.84906
0.21057129 3.3595276 10.339386
-0.07417297 3.5533447 9.3703
0.14117432 3.929016 8.458633
0.16749573 4.3286133 8.446671
-0.0023956299 4.2113647 8.446671
-0.098098755 4.237686 8.434708
0.035888672 4.417145 8.262421
-0.7010956 4.821533 8.441879
-0.055038452 3.9720917 8.109283
-0.7154541 4.7808533 7.812561
-1.3304138 4.9052887 8.274384
-1.730011 5.063217 9.875183
-1.4907227 4.771286 10.332214
-1.311264 4.5918274 9.253052
-1.4309082 4.72583 8.752945
-1.2035828 5.168503 9.257828
-0.093322754 4.43869 10.09053
-0.8374939 3.4911346 10.762909
-2.794815 3.534195 9.698105
-3.7447662 4.096512 8.410767
-3.2949219 4.862213 8.283951
-1.105484 4.4865417 9.564117
0.007171631 3.9314117 10.207779
-0.928421 3.7328033 9.540192
-1.9980011 3.7136536 8.578262
-2.600998 3.8117676 7.9417725
-2.4311066 3.9601288 7.9657135
-1.9932251 4.065399 8.614166
-1.902298 3.9338074 9.008972
-2.2372894 3.8572235 8.915665
-2.6129608 3.8811646 8.705093
-2.423935 4.1802673 8.920441
-1.6247253 4.381256 9.363113
-1.3543396 4.3166504 9.162125
-1.6390839 4.216156 8.338989
-2.1511536 4.194626 7.716858
-2.395218 4.2017975 7.716858
-2.4430695 4.1730804 7.9872437
-2.141571 4.2113647 8.126022
-2.0267181 4.467407 8.135605
-2.3617096 4.615753 8.128418
-2.4406738 4.656433 8.054245
-2.1846466 4.82872 8.212173
-1.976471 4.8837585 8.755341
-2.0889282 4.9076843 9.51387
-1.7108612 4.78804 10.064209
-0.94755554 4.730606 10.695923
-0.48335266 5.001007 10.846664
-0.45224 5.120636 10.121643
-0.28474426 5.1062775 9.18605
0.124420166 4.936386 8.748154
0.21534729 4.4075775 9.657425
1.306488 4.421936 11.332413
0.8374939 3.735199 11.69133
-0.6269226 3.5102692 9.982849
-1.1078796 3.2662048 8.456238
-1.2275238 3.6801605 7.984848
-0.1603241 3.6897278 8.477768
1.6390839 3.596405 9.377472
1.8089752 3.7782745 9.669403
0.54556274 4.1228333 9.477966
-0.3756714 4.0749817 8.982651
-0.68673706 4.0989075 8.221741
-0.74417114 4.2951202 7.5421753
-0.66041565 4.5391846 7.4321136
-0.3397827 4.7330017 7.9609222
-0.06700134 4.9292145 8.628525
-0.021530151 5.079956 8.822342
-0.3900299 5.149353 8.484955
-0.7393799 5.21875 8.207382
-0.7776642 5.391037 8.271988
-0.85902405 5.5920258 8.525635
-0.8925171 5.745163 9.281754
-0.68434143 5.647064 10.346573
-1.0576324 5.654236 10.9040985
-1.5960083 5.522629 10.162323
-1.5050812 5.027313 8.884552
-1.5984039 5.1972046 8.786438
-1.1365967 4.1036835 10.490128
-0.75852966 3.460022 13.265808
-1.1509552 2.9335938 13.186844
-1.9932251 2.8091736 9.882355
-2.6656036 3.5653076 7.0037994
-2.3377838 4.278366 5.8624115
-1.5266266 3.9433746 6.857834
-1.1581268 3.270996 8.171494
-1.1916199 3.1824493 8.822342
-1.1485596 3.4169464 9.018555
-0.81355286 3.6586304 8.683548
-0.91645813 4.065399 7.9585266
-0.9571228 4.23291 7.5014954
-1.0265198 4.319046 7.290924
-1.0384827 4.3334045 7.3866425
-1.1030884 4.23291 7.7934265
-1.2346954 4.1778717 8.133209
-1.4021912 4.244873 8.303101
-1.4596252 4.3860474 8.482559
-1.4572296 4.62294 8.4227295
-1.4237366 4.914856 8.2456665
-1.4811554 5.091934 9.262619
-1.2945099 4.9052887 10.511673
-0.85902405 4.754532 11.810974
-0.7034912 5.0895386 11.995224
-0.6795654 5.201996 10.571487
-0.2416687 5.539383 9.121445
1.3304138 4.8765717 11.023727
0.83509827 4.027115 13.127029
-1.1724854 3.378662 8.535202
0.088531494 3.4983063 6.32901
1.1772614 3.7878418 5.618347
1.4883423 4.0055847 6.989441
1.0839539 4.067795 9.552155
0.086135864 3.7304077 10.1766815
-1.0624084 3.735199 8.659622
-1.450058 3.981659 7.269394
-1.0049896 4.598999 6.477371
-0.25602722 4.790436 6.8075867
0.098098755 4.8095703 7.6737823
-0.033493042 4.8502502 8.444275
-0.32781982 4.9483643 8.977875
-0.550354 5.0153503 9.183655
-0.9308014 5.1541443 9.011368
-1.1676941 5.2905273 8.774475
-1.2442627 5.4269257 8.903687
-0.98106384 5.5298157 9.497116
-0.8925171 5.625519 10.126419
-1.5936127 6.2524414 9.57608
-1.5696869 5.584854 8.396408
-1.4739838 5.8336945 8.382065
-1.5984039 5.1517487 9.896713
-1.4237366 4.015152 12.437897
-1.3974152 3.4145508 13.672592
-1.7706909 3.3044891 10.899307
-2.1463623 3.7854462 7.3411865
-2.2348938 4.7736816 5.314453
-1.7180481 4.618149 5.785843
-1.6127625 3.6969147 7.3363953
-1.7467651 3.3188477 8.669189
-1.2634125 3.357132 9.456436
-0.27278137 3.7591248 9.451645
0.18902588 4.094116 8.841476
-0.30867004 4.022339 7.881958
-1.2299042 4.1324005 7.195221
-1.4644012 4.237686 6.9966125
-1.1485596 4.441086 7.360321
-0.70588684 4.5679016 7.8436737
-0.61735535 4.6827545 8.324631
-0.57188416 4.697113 8.599808
-0.6915283 4.7330017 8.532806
-1.031311 4.8143616 8.264816
-1.282547 4.8502502 8.264816
-1.1102753 5.0368958 8.729019
-0.81355286 5.247467 9.51387
-0.3756714 5.21875 10.205383
0.124420166 5.3479614 10.667206
-0.1531372 5.7595215 10.238892
-0.55513 5.46521 9.458832
-0.24645996 5.6111755 9.437286
0.5694885 5.1517487 10.466202
0.83987427 4.462616 12.502502
0.4091797 3.5389862 13.596024
-0.7154541 3.122635 11.775085
-1.3758698 3.110672 8.958725
-1.3734741 3.448059 6.8937225
-0.6006012 3.8356934 5.8408813
0.6149597 3.763916 6.4534454
1.2155609 3.562912 7.992035
0.79681396 3.6562347 9.937393
-0.4283142 3.4648132 10.607376
-1.4596252 3.4504547 9.566513
-1.5792694 3.6347046 8.518448
-1.0337067 4.063019 7.7838593
-0.30389404 4.2592316 7.6785736
0.13160706 4.261612 8.171494
0.21296692 4.3549347 8.858231
-0.057434082 4.4243317 8.951553
-0.43310547 4.4697876 8.4227295
-0.84706116 4.6133575 8.037491
-1.0145569 4.7234344 8.133209
-0.9643097 4.7688904 8.288742
-0.7393799 4.8478546 8.288742
-0.5479584 4.996216 8.484955
-0.7417755 5.0560303 9.154938
-0.85902405 4.886139 10.018753
-1.1892395 4.783249 10.487747
-1.4452667 4.93161 9.879959
-1.1222382 4.76651 9.521042
-0.4905243 4.886139 9.86322
-0.47616577 3.282959 13.320847
-0.93559265 2.617752 11.954544
-1.3997955 2.5531464 8.748154
-1.4883423 3.2686005 6.4989014
-1.1270142 3.4671936 6.3936157
-0.275177 2.9072723 8.884552
0.62213135 2.1128693 11.310867
0.49291992 1.7898254 11.064407
-0.5096741 2.2636108 9.198013
-1.2753754 2.6440735 7.8388824
-0.99302673 3.2518463 7.9082794
0.100494385 3.3547363 8.226532
0.4139557 3.402588 7.915451
0.35891724 3.4863434 7.1641083
-0.27757263 3.4456635 7.5062866
-1.0001984 3.213562 8.772095
-1.1437683 2.9407806 9.805786
-0.7298126 2.806778 9.633499
-0.33259583 3.1274261 9.013763
-0.18664551 3.4241333 8.518448
-0.44267273 3.4791565 9.434906
-0.46420288 3.2350922 10.4231415
0.052642822 3.041275 10.236496
0.5407715 3.1704865 9.588043
0.34457397 3.632309 9.367905
0.2871399 3.5437775 9.923035
0.4905243 3.172882 10.48056
0.8614197 3.053238 10.29631
0.96191406 3.2398834 10.188644
0.5694885 3.1992035 10.045074
0.023925781 2.7062836 10.243668
-0.8542328 2.8139648 10.68396
-0.6149597 2.7182465 9.932602
0.01914978 2.3186493 8.695511
0.1986084 2.6321106 8.748154
0.8374939 2.4335022 10.281952
0.6699829 2.0482635 11.6698
0.36131287 1.9286194 11.212769
0.39720154 1.8711853 9.504288
0.25842285 2.1894379 8.659622
0.21057129 2.0578308 8.427521
0.30389404 1.9262238 8.365311
1.076767 2.0434723 9.006592
1.0648041 2.2994995 9.939789
0.1986084 2.2253265 10.334595
0.20817566 2.0291138 10.100098
0.49291992 2.096115 9.84407
0.54556274 2.2277222 10.04747
-0.15792847 2.0554352 10.104889
-0.39720154 1.6462555 9.858429
0.086135864 1.627121 9.585648
0.5479584 1.7443695 9.190826
0.44267273 1.7419739 9.054443
0.21057129 1.7132568 9.999603
0.21057129 1.5696869 10.892136
0.27038574 1.2873383 10.8059845
0.5024872 1.2418823 10.370499
0.059814453 1.4859467 10.394424
-0.33259583 1.0049896 10.360916
-0.17706299 0.63648987 10.554749
0.1483612 1.071991 11.174484
0.14356995 1.1964111 11.397018
-0.04067993 1.0073853 11.028519
-0.0765686 1.2370911 10.693527
-0.35653687 1.3878326 10.616959
-0.2416687 1.0504456 10.19342
0.16749573 0.825531 10.092926
0.33021545 1.1174469 11.251053
-0.22732544 0.85902405 11.777481
-0.021530151 0.6077728 11.674576
0.48812866 0.88534546 11.114655
0.13639832 1.2203369 10.341782
0.06939697 1.1676941 9.9756775
0.34217834 1.0217285 10.320251
0.03111267 0.8877411 10.74617
-0.28474426 0.7298126 10.68634
-0.49291992 0.67477417 10.325027
-0.26081848 0.8518524 10.076172
0.15553284 1.0695953 10.179062
-0.3756714 0.83509827 10.301102
-0.928421 1.1413727 10.722244
-0.3397827 0.88534546 10.604996
0.31585693 1.0169525 10.652847
0.64845276 1.0289154 11.129013
0.023925781 1.0097656 11.806183
-0.9906311 0.3517456 11.889938
-1.6678009 0.021530151 11.514267
-0.72262573 0.4139557 11.557327
0.45942688 0.933197 12.0143585
0.9906311 0.88534546 12.380463
0.18424988 0.75613403 12.067001
-0.7393799 0.7417755 11.665009
-0.3637085 0.9834442 11.487946
-0.17228699 1.1724854 10.837097
-0.34934998 1.1772614 10.054642
-0.7393799 1.1964111 9.564117
-0.7657013 1.3040924 9.044876
-0.72262573 1.5696869 8.922836
-0.5120697 1.8185425 9.824936
-0.34217834 1.6175537 10.4279175
-0.32781982 1.450058 10.612167
-0.3062744 1.7850494 10.19342
-0.48335266 2.009964 9.74118
-0.87098694 1.9501495 9.406189
-0.99302673 1.6534424 8.843872
-0.9260254 1.552948 8.707489
-0.6699829 1.5625153 9.573685
-0.119644165 1.655838 10.415955
-0.1483612 1.763504 10.736603
-0.48095703 1.6414795 9.779465
-0.48095703 2.0315094 8.353348
-0.69392395 2.2564392 8.0733795
-0.72502136 1.8664093 8.968292
0.06460571 1.552948 10.612167
0.447464 1.1102753 11.083557
0.21534729 1.4069824 10.140778
0.04547119 2.0362854 9.150162
0.009567261 2.423935 8.975479
-0.026321411 2.376068 8.453842
-0.85902405 2.3569336 8.049454
-1.0480499 2.1966095 8.705093
-0.4785614 2.0530396 9.568893
-0.0047912598 2.0219421 10.195816
0.18424988 1.9908295 10.5260315
-0.021530151 2.038681 10.612167
-0.8901367 2.0554352 10.226929
-1.7563324 2.0913239 9.930222
-1.8496552 1.8831482 9.915863
-1.1652985 2.0769653 9.707687
-0.9954071 2.3928223 9.236298
-1.6079712 2.3234253 9.0711975
-2.2420807 2.1966095 9.49472
-2.8163452 1.8496552 10.064209
-2.979065 1.5553284 10.183853
-2.3401794 1.5361938 10.100098
-2.0362854 1.6678009 10.231705
-2.1176453 1.6438751 10.15036
-2.1176453 1.7539368 9.942184
-2.0985107 1.9166565 10.073776
-2.4071808 1.8017883 10.54277
-2.6536407 1.696518 10.865814
-2.7445679 1.557724 10.648056
-2.658432 1.763504 10.195816
-2.2253265 1.8855438 9.84407
-1.8735809 2.1296082 9.540192
-1.8089752 2.251648 9.346359
-2.009964 2.4358978 9.243469
-0.99780273 2.6967163 9.28894
-0.79681396 2.3473663 9.980469
-1.0600128 2.1607208 9.688538
-1.4811554 2.3330078 8.654846
-1.6725769 2.950348 8.618942
-0.49771118 3.6825562 9.860825
1.414154 3.6011963 12.1866455
2.3569336 3.4217377 12.67717
2.0243225 3.6418762 10.52124
1.4189453 4.199402 8.312668
1.0863342 4.3334045 7.9776764
1.0097656 4.2352905 9.353546
0.8949127 3.7782745 10.87059
0.7920227 3.3379822 11.071594
0.9523468 3.3236237 9.559326
1.0193481 3.5844421 8.078171
1.1365967 3.665802 7.664215
1.730011 3.7926178 8.013565
1.9094696 3.9338074 8.281555
1.3208313 3.8428802 8.097305
1.0671997 3.9314117 8.193024
1.1174469 4.027115 8.516052
1.1078796 4.137192 8.219345
1.2107697 4.4530487 7.384247
1.2634125 4.857437 7.2502594
1.3280182 4.9794617 7.602005
1.2514496 5.2259216 7.7862396
1.1964111 5.4676056 7.975281
1.0456696 5.716461 8.379669
0.899704 5.6638184 8.583054
0.6963043 5.69014 8.819946
0.53359985 5.7021027 9.152542
0.33259583 5.6398773 9.324829
0.35891724 5.5537415 9.322433
0.61016846 5.5345917 9.312866
0.39720154 5.4891357 9.8033905
-0.021530151 5.515457 10.54277
-0.6508484 5.8791656 10.1527405
0.5407715 5.1852417 10.305893
1.2227325 3.7854462 12.313461
1.0552368 3.0245209 13.976471
-0.088531494 2.5435638 12.380463
-1.0935211 3.144165 9.214767
-1.0983124 3.9505463 6.51326
-0.5670929 4.031906 6.1495514
0.13160706 3.4839478 7.728821
0.088531494 3.3260193 8.719452
0.059814453 3.4049835 8.805588
0.01914978 3.7256317 8.492126
-0.13160706 3.6011963 8.941986
-0.50727844 3.3810577 9.080765
-0.44984436 3.534195 8.374878
0.124420166 4.063019 7.0899353
0.69392395 4.409973 6.1543427
0.55274963 4.7114716 6.4917297
0.088531494 4.347763 7.4847565
-0.28474426 4.3740845 7.9537354
0.057434082 4.589432 7.9896393
0.14117432 4.7641144 8.121246
-0.17228699 4.730606 8.930008
-0.61016846 4.5918274 9.674179
-0.7513428 4.589432 10.116852
-0.5647125 4.584656 10.68634
-0.29431152 4.450653 11.294128
-0.29193115 4.811966 11.564514
-0.007171631 5.001007 10.717453
0.48335266 5.022537 9.655045
0.79681396 4.8957214 9.470795
0.66041565 4.4027863 10.638489
0.6771698 3.8548431 11.825333
0.25125122 3.9792633 11.315659
-0.047851562 3.9361877 9.559326
0.105285645 3.9098663 8.118851
0.6316986 3.9505463 7.35553
1.0887299 3.8620148 7.503891
0.91166687 3.7662964 8.147568
0.65802 3.8692017 8.695511
0.4905243 4.101303 9.061615
0.29670715 4.3573303 8.573486
0.107681274 4.589432 7.532608
0.28234863 4.9483643 6.9391785
0.38285828 5.1254272 7.2382812
0.48335266 5.2905273 8.075775
0.4905243 5.4101715 8.6931305
0.279953 5.4340973 8.925232
0.06460571 5.5130615 8.865402
-0.055038452 5.716461 8.420349
-0.057434082 5.8097687 8.283951
-0.0023956299 5.8911285 8.633301
-0.13877869 5.970093 9.231506
-0.61735535 5.8384857 9.652649
-1.1222382 5.7595215 10.088135
-1.5912323 6.5156555 9.748352
-0.70588684 5.824127 8.903687
-0.5024872 5.9198456 9.245865
-0.7082825 5.1996 10.571487
-1.426117 4.3860474 12.028717
-1.9980011 4.1611176 11.708084
-1.9716797 4.455429 9.073578
-2.0434723 4.9411774 6.479767
-2.2899323 5.079956 5.419739
-2.6129608 4.307083 5.9605255
-1.8807526 3.9218292 7.2717896
-0.15553284 3.8500519 8.757736
0.59103394 3.6897278 10.004395
0.13160706 3.5796661 10.1814575
-0.5312042 3.7112732 9.193222
-0.6508484 4.094116 7.738388
-0.41874695 4.455429 6.4462585
-0.15074158 4.800003 5.7379913
-0.32302856 5.005783 5.9892426
-0.71784973 4.646866 7.063614
-0.9762726 4.6301117 7.8341064
-0.73220825 4.943573 8.051849
-0.5096741 5.1637115 8.283951
-0.36131287 5.194824 8.729019
-0.4905243 5.271393 9.200409
-0.69869995 5.1828613 9.487549
-0.47616577 4.9579315 10.219742
-0.26081848 5.0081787 11.397018
0.19142151 4.9794617 10.796417
0.7680969 5.017746 9.418152
1.5170441 5.642273 8.827118
1.8448639 4.922043 10.054642
1.0983124 4.003189 12.045471
-0.30389404 3.529419 12.502502
-1.1318054 3.534195 11.399414
-0.54556274 3.9553375 9.990036
0.74894714 4.1276245 8.236099
1.3567352 4.421936 6.5730896
1.0504456 4.445862 7.582855
0.30389404 4.3453674 8.729019
-0.090927124 4.197006 9.260223
-0.24885559 4.342972 8.717056
-0.275177 4.627716 7.7240295
0.01914978 4.8694 7.073181
0.20578003 5.1302185 7.0827484
0.279953 5.2283173 7.9585266
0.32063293 5.304886 8.762512
0.26560974 5.3312073 9.162125
-0.19142151 5.4221344 9.135803
-0.5168457 5.4556427 8.736191
-0.48335266 5.58963 8.283951
-0.36849976 5.790634 8.281555
-0.1483612 5.723633 8.886948
-0.0765686 5.6973114 10.260422
-0.80158997 6.1663055 10.31546
-0.8231354 5.8073883 9.243469
-0.0765686 6.008377 9.609573
0.61016846 5.2211456 12.234497
0.31106567 4.388443 13.854446
-0.66041565 4.278366 11.353943
-0.98583984 4.5009003 7.733597
-0.8542328 4.58226 6.1615143
-0.8183441 3.9792633 7.2550354
-0.91166687 3.493515 9.035294
-0.48335266 3.3810577 9.592819
0.119644165 3.826126 8.599808
0.5431671 4.2711945 7.381851
0.41874695 4.311859 7.544571
0.112457275 4.1108704 8.061417
-0.17945862 3.9792633 8.140381
-0.06939697 3.9457703 7.9417725
0.16989136 4.1276245 7.721634
-0.03111267 4.2544403 7.441681
-0.34695435 4.3573303 7.5373993
-0.43310547 4.5559387 7.6426697
-0.4019928 4.8478546 7.446457
-0.23449707 5.1756744 8.006378
0.021530151 5.2618103 9.403793
0.21057129 5.2881317 10.99263
0.44506836 4.902893 12.043076
0.32781982 4.7856445 11.901901
0.447464 5.5322113 10.222137
1.0145569 5.79541 8.362915
1.076767 6.427124 7.240677
1.2370911 5.9102783 7.6043854
1.1078796 4.936386 9.389435
0.45703125 4.467407 11.77269
0.102890015 3.8213348 13.110275
-0.08375549 3.5557404 11.717651
0.5479584 3.8692017 9.327225
1.4117584 4.1491547 7.097107
1.9118652 4.381256 5.95813
1.7706909 4.3621216 6.3026886
1.1318054 4.2951202 7.276581
0.43788147 4.4291077 7.8675995
0.18424988 4.5272217 8.042282
0.37088013 4.7449646 7.9585266
0.6460571 4.97229 7.9657135
0.5670929 5.005783 8.159531
0.624527 5.1110687 8.511276
1.0193481 5.3359985 8.93959
1.0671997 5.5082703 8.882156
0.9451599 5.5034943 8.396408
0.7346039 5.4843445 8.001602
0.6029968 5.4436646 7.9130707
0.61016846 5.46521 8.030319
0.78723145 5.474777 8.3198395
0.85902405 5.3599243 8.930008
0.5264282 5.1852417 9.466003
-0.21774292 5.223526 9.214767
-0.4665985 5.5417786 7.944168
0.15074158 5.7308044 7.0372925
0.21774292 6.0059814 7.5397797
-0.0765686 5.1302185 9.726822
-0.37806702 4.5750732 11.803787
-0.12921143 4.467407 12.227325
0.4785614 4.4889374 10.698303
0.36610413 4.43869 8.477768
-0.35414124 4.2640076 7.063614
-1.0097656 4.031906 6.8315125
-1.105484 3.7495575 7.9130707
-0.82073975 3.562912 9.401398
-0.117248535 3.6993103 9.939789
0.41635132 3.7950134 9.650253
0.29910278 3.826126 8.937195
0.20817566 3.9505463 8.324631
0.1483612 4.0534363 8.054245
-0.0143585205 4.060623 7.992035
0.17228699 4.1898346 8.267197
0.07896423 4.3501587 8.6237335
-0.20100403 4.197006 8.271988
-0.0023956299 4.094116 8.456238
-0.06939697 4.194626 9.59761
-0.37088013 3.9505463 10.887344
-0.3756714 3.6897278 10.394424
0.1603241 4.063019 9.159729
0.29910278 4.2113647 8.812759
-0.26081848 4.101303 9.114258
-0.49771118 4.022339 10.114456
-0.107681274 4.084549 10.62413
0.6316986 4.08934 9.968506
0.77526855 4.311859 8.659622
0.38523865 4.47937 7.992035
0.0382843 4.342972 8.578262
-0.43070984 4.113266 9.920639
-0.79681396 4.0007935 10.411179
-0.550354 3.969696 9.860825
-0.01914978 4.003189 8.860626
0.100494385 3.9553375 7.9776764
0.028717041 3.974472 7.8149567
0.0765686 3.8428802 8.659622
0.0047912598 3.8332977 9.497116
0.090927124 4.065399 9.430115
0.4857483 4.2927246 8.930008
0.6508484 4.512863 8.578262
0.41156006 4.4650116 9.157333
-0.105285645 4.19223 10.085754
-0.7680969 4.027115 10.547562
-0.9260254 4.158722 10.064209
-0.42591858 4.3668976 9.164505
-0.122039795 4.441086 8.535202
-0.19381714 4.302292 8.267197
-0.033493042 4.290329 8.611771
-0.1268158 4.2017975 9.286545
-0.28474426 3.974472 9.650253
-0.21534729 3.8811646 9.784256
-0.27038574 3.7543335 9.657425
-0.4139557 3.6275177 9.875183
-0.36610413 3.4911346 10.351349
-0.44984436 3.373886 10.600204
-0.59580994 3.3092804 10.595413
-0.4283142 3.349945 10.066605
-0.04067993 3.7208405 9.047256
0.2368927 3.8739777 8.482559
0.062210083 3.7112732 8.700302
-0.24885559 3.6011963 9.3511505
-0.5048828 3.5892334 9.7986145
-0.5024872 3.5365906 10.4566345
-0.40678406 3.402588 10.447067
-0.25842285 3.4743805 9.583252
0.028717041 3.5940247 9.154938
0.21057129 3.5748749 9.556931
0.1483612 3.4959106 9.982849
-0.047851562 3.4695892 9.918243
-0.052642822 3.5389862 9.439682
0.17228699 3.5748749 9.049652
0.059814453 3.5557404 9.142975
-0.31106567 3.4432678 9.547363
-0.7992096 3.5700989 10.29631
-0.78723145 3.0436707 10.45903
-0.624527 3.0795593 10.133606
-0.2679901 3.3379822 9.489929
0.31825256 3.529419 8.831909
0.4857483 3.5461578 8.638092
0.107681274 3.3523407 8.886948
-0.08135986 3.1992035 9.595215
-0.14356995 3.1274261 10.272385
-0.13639832 3.0747833 10.246063
-0.1268158 3.180069 9.71965
-0.04307556 3.2111664 9.355942
0.15553284 3.287735 9.253052
0.26081848 3.3547363 9.413361
-0.0023956299 3.2949219 9.585648
-0.25602722 3.2183533 9.655045
-0.13400269 3.1680908 9.793823
-0.04547119 3.139389 10.037888
-0.124420166 3.2015991 9.76033
-0.086135864 3.259018 9.339188
-0.0143585205 3.2662048 9.253052
-0.0143585205 3.2183533 9.410965
-0.13160706 3.1944122 9.477966
-0.20578003 3.1369934 9.324829
-0.25842285 3.1202393 9.281754
-0.3637085 3.012558 9.530609
-0.3517456 2.938385 9.834503
-0.06700134 2.9551392 9.810577
0.06700134 3.0029907 9.647858
0.03111267 3.0221405 9.511475
0.04067993 3.0029907 9.738785
-0.01914978 2.8713837 10.322632
-0.18902588 2.7565308 10.545166
-0.27757263 2.7373962 10.121643
0.08135986 2.9527435 8.846268
-0.0143585205 2.9886322 8.819946
-0.23449707 2.8618164 9.449265
-0.31825256 2.7134552 10.021149
-0.19621277 2.622528 10.155136
0.057434082 2.622528 9.793823
0.08135986 2.651245 9.511475
0.07896423 2.6249237 9.585648
-0.011962891 2.5076752 9.9039
-0.086135864 2.4263153 9.860825
-0.095718384 2.3353882 9.734009
-0.07417297 2.2779694 9.767502
-0.30389404 2.1296082 9.973282
-0.3062744 2.0267181 10.322632
0.20578003 2.074585 10.502106
0.279953 2.1272125 10.04747
-0.04307556 2.1846466 9.78186
0.026321411 1.964508 10.033112
0.27757263 1.9621124 9.879959
0.45463562 1.9980011 9.772293
0.28234863 2.050644 9.736389
0.023925781 1.8879395 9.856033
0.2033844 1.6414795 10.224533
0.2416687 1.5673065 10.238892
0.13877869 1.5625153 10.097717
0.102890015 1.6366882 9.767502
0.114852905 1.7802582 9.588043
0.102890015 1.7324066 9.750748
0.06700134 1.7228394 10.214966
-0.062210083 1.6917267 10.545166
-0.026321411 1.8687897 10.468597
0.124420166 2.0697937 10.394424
0.105285645 1.9214325 10.444672
-0.009567261 1.689331 10.392029
-0.0143585205 1.6007996 10.27478
0.071777344 1.5146637 10.143173
0.18185425 1.4069824 9.84407
0.14117432 1.4045868 9.633499
0.19142151 1.3136597 9.583252
0.25842285 1.3256226 9.655045
0.26081848 1.3686981 9.683746
0.1531372 1.3710938 9.664612
0.04067993 1.351944 9.777069
0.14356995 1.3639069 9.911072
0.3134613 1.4309082 9.94696
0.38046265 1.5481567 9.738785
0.37327576 1.6295166 9.461227
0.32063293 1.6175537 9.604797
0.22253418 1.4883423 10.203003
0.14117432 1.2849426 10.619354
0.100494385 1.2658081 10.667206
-0.021530151 1.2634125 10.43988
-0.021530151 1.3375854 10.0785675
0.06700134 1.4285126 9.832108
0.14596558 1.454834 9.867996
0.13877869 1.4739838 10.080963
0.44984436 1.4691925 10.35614
0.5431671 1.483551 10.578674
0.052642822 1.3758698 10.238892
-0.8183441 1.138977 9.533005
-0.9906311 1.4811554 9.992432
0.102890015 1.9118652 10.975876
0.7010956 1.5026855 10.325027
0.20578003 1.5433655 10.7677
-0.6508484 1.799408 10.64328
-0.25602722 1.4787598 10.9328
-0.53359985 1.7084808 10.054642
-0.39242554 1.7419739 9.154938
0.41156006 2.1391907 10.593033
0.52163696 1.7898254 11.851654
-0.46899414 1.6319122 11.748764
-0.8877411 1.6319122 11.660233
-0.88534546 1.7491608 11.75354
-0.72024536 1.6486511 11.667404
-0.9499512 1.8209381 11.263016
-1.426117 2.1176453 10.896912
-1.6773682 2.2324982 10.368103
-1.3710938 2.354538 9.82254
-1.0145569 2.5746765 9.410965
-1.3375854 2.691925 9.621536
-2.005188 2.7278137 10.25325
-2.5244293 2.6201477 9.891922
-2.2827454 2.8043823 9.281754
-1.7754669 3.1178436 9.320038
-1.5816498 3.2614136 9.221939
-1.6821594 3.378662 8.173889
-1.9908295 3.5748749 7.051651
-1.9908295 3.6825562 6.891327
-1.8257294 3.5724792 7.7934265
-1.385437 3.500702 8.365311
-2.0482635 3.1824493 8.606979
-2.3856506 3.0245209 8.93959
-2.4406738 2.761322 9.382263
-1.8089752 2.7373962 9.800995
-1.1030884 2.7589264 10.200607
-0.7848511 2.8091736 9.731613
-0.9451599 3.1322021 8.953949
-1.3710938 3.2973022 9.037689
-1.7252197 3.1896362 9.710068
-1.5768738 3.259018 9.963715
-1.3663025 3.3714905 9.468399
-1.2514496 3.4528503 8.963516
-1.0408783 3.4456635 8.937195
-1.3280182 3.397812 9.734009
-1.8065796 3.048462 10.21257
-1.861618 3.1202393 9.853638
-1.5936127 3.2614136 8.824738
-1.2322998 3.3308105 8.092529
-1.1006927 3.5030975 8.618942
-1.1006927 3.3475647 9.997208
-1.0432739 3.2326965 10.8012085
-0.7154541 3.1465607 10.420746
-0.45463562 3.3308105 9.820145
0.071777344 3.3379822 9.5282135
0.29193115 3.3044891 9.303299
-0.15792847 3.4552307 8.6237335
-0.5144501 3.7519531 7.657028
0.007171631 4.1563263 7.515854
0.9834442 4.125229 8.894119
1.1820526 3.2949219 10.671997
0.59820557 2.6679993 11.81337
-0.22013855 2.4933167 11.698517
-0.6963043 2.5914307 10.485352
-0.7346039 2.8737793 9.162125
-0.3756714 2.9240265 8.238495
0.1986084 2.663208 8.3198395
0.4857483 2.4406738 9.375076
0.39720154 2.3353882 10.41835
0.0 2.423935 11.085953
0.22732544 2.5938263 11.011765
0.93559265 2.9886322 10.1527405
1.5840454 3.3475647 9.2482605
1.7850494 3.5581207 8.992233
1.5912323 3.5557404 9.463608
1.3328094 3.596405 10.281952
1.380661 3.5868378 10.631317
1.2658081 3.7304077 10.164719
1.1102753 3.8931274 9.327225
1.1581268 4.0127563 8.6979065
1.4165497 4.153946 8.382065
1.7563324 4.2831573 8.4179535
1.7395782 4.443466 8.307877
1.5984039 4.589432 8.243271
1.3997955 4.610962 8.650055
1.0600128 4.543976 8.925232
0.79441833 4.546356 8.927628
0.5886383 4.618149 8.994614
0.44506836 4.78804 9.382263
0.4665985 4.857437 10.107285
0.25602722 5.0943146 10.985443
-0.39959717 5.417343 10.435104
-0.43310547 5.441284 10.58345
-0.14356995 5.54895 11.102692
0.01914978 4.553543 12.385254
0.088531494 3.7950134 13.471588
-0.17228699 3.1920319 11.789444
-0.69869995 3.5270233 9.343979
-0.73220825 3.7519531 7.728821
-0.79441833 3.7543335 7.429718
-0.8685913 3.3595276 8.288742
-0.6628113 3.0149536 8.994614
-0.38046265 2.9072723 8.587845
-0.4091797 3.2279205 7.7862396
-0.8757782 3.397812 7.8173523
-1.1964111 3.2901306 8.090134
-0.9882355 3.3930206 7.7240295
-0.44984436 3.6418762 6.8004
0.18902588 4.0534363 5.9557343
0.32063293 4.4147644 5.819351
-0.21774292 4.311859 6.723831
-0.72502136 4.0582275 7.762314
-0.7513428 3.9050903 8.202591
-1.0121613 3.9912262 8.044662
-1.0504456 4.2472534 7.7838593
-0.6053772 4.606186 8.262421
-0.23210144 4.7521515 9.978073
-0.110076904 4.646866 11.138596
-0.22013855 4.5343933 11.181656
0.122039795 4.9076843 7.733597
0.78245544 5.7762756 6.7046967
0.06460571 3.596405 13.971695
-0.61735535 2.2301178 15.393036
-0.055038452 2.555542 13.177277
-0.4139557 3.775879 7.4608154
-0.5479584 3.4743805 6.7621155
-0.100494385 3.0436707 7.422531
0.79441833 2.9407806 7.824524
1.701294 3.2350922 8.118851
1.1413727 3.5820618 8.822342
0.050247192 3.3595276 9.346359
0.6029968 3.6275177 6.953537
0.16749573 3.2566376 8.355743
0.22970581 3.1345978 8.987442
0.77049255 3.1417694 8.958725
0.0382843 3.0723877 10.817947
0.07417297 2.823532 10.389633
0.38046265 2.399994 9.743576
0.011962891 2.3401794 9.791428
-0.39482117 1.931015 9.647858
-0.5288086 1.7970123 9.934998
0.086135864 2.0554352 10.49971
0.72502136 1.9477539 10.578674
0.20578003 1.6582336 10.4566345
-0.21296692 1.529007 10.298706
-0.41874695 1.3639069 9.561722
-0.77049255 1.4859467 8.941986
-0.8925171 1.4691925 8.93959
-1.249054 1.1605225 9.293716
-1.277771 0.8757782 9.980469
-1.421341 0.5096741 10.614563
-1.3088684 0.25602722 10.578674
-0.94277954 0.2679901 10.13121
-0.33738708 0.72024536 10.035492
0.18664551 0.8685913 10.6289215
0.58384705 0.71784973 11.408981
0.3756714 0.41635132 11.65065
-0.15553284 0.279953 11.071594
-0.5862427 0.5479584 10.346573
-0.6915283 0.74417114 10.310669
-0.34934998 0.6316986 10.600204
-0.46180725 0.5144501 10.514069
-0.7657013 0.46180725 10.085754
-0.6269226 0.57188416 10.057037
-0.35653687 0.53359985 10.370499
-0.28953552 0.29431152 10.638489
-0.088531494 0.31106567 10.784454
0.007171631 0.4402771 10.528427
-0.23210144 0.44506836 10.289139
-0.37806702 0.5312042 10.449463
0.095718384 0.8757782 10.920837
0.28474426 0.92362976 11.021347
-0.112457275 0.7800598 10.9040985
-0.2871399 0.73698425 10.834702
0.22492981 0.88534546 10.82753
0.87815857 0.92123413 10.710281
1.0504456 0.9906311 10.224533
0.7680969 1.0169525 10.174286
0.6963043 0.78245544 10.712662
0.5814514 0.66041565 10.887344
0.29431152 0.68434143 10.578674
0.4091797 0.7298126 10.341782
0.1986084 0.65563965 10.085754
0.047851562 0.51924133 10.054642
0.13639832 0.47616577 10.365707
0.29910278 0.5670929 10.729416
0.25842285 0.4283142 10.887344
0.112457275 0.275177 10.70549
0.107681274 0.37088013 10.461426
0.27278137 0.47138977 10.468597
0.33499146 0.41874695 10.557129
0.3900299 0.41156006 10.564316
0.35653687 0.48812866 10.370499
0.25842285 0.55513 10.083359
0.17228699 0.47138977 9.891922
0.16270447 0.47138977 9.963715
0.31106567 0.46420288 10.183853
0.36131287 0.40678406 10.54277
0.21057129 0.27757263 10.655243
0.13160706 0.23210144 10.425522
0.4091797 0.4857483 9.779465
0.31106567 0.4402771 9.7005005
0.119644165 0.31825256 9.944565
0.007171631 0.3134613 10.260422
0.1268158 0.31825256 10.317856
0.26081848 0.37088013 10.092926
0.18424988 0.43070984 9.812973
0.22970581 0.35414124 9.848862
0.36849976 0.37327576 10.174286
0.40678406 0.4355011 10.506882
0.38763428 0.36849976 10.626526
0.19381714 0.2416687 10.406387
-0.110076904 0.14117432 9.829712
-0.37088013 0.0143585205 9.449265
0.42114258 0.40438843 11.169693
0.73698425 0.105285645 11.038086
0.70588684 0.35653687 11.026123
0.29910278 0.25125122 11.282166
-0.23449707 -0.090927124 11.129013
-0.0143585205 -0.04067993 10.944778
-0.021530151 0.16989136 10.083359
0.021530151 0.15792847 10.305893
0.37806702 0.22013855 12.311066
0.13639832 0.050247192 13.31366
-0.35891724 -0.13877869 12.928421
-0.6077728 -0.026321411 11.77269
-0.43070984 0.3637085 10.846664
0.20100403 0.624527 10.794022
0.21057129 0.5479584 11.100311
-0.4019928 0.43310547 11.370697
-0.78245544 0.36610413 11.272583
-0.6077728 0.81355286 10.516449
-0.117248535 1.3902283 9.5354
0.44267273 1.7036896 8.587845
0.5694885 1.931015 8.575882
0.61735535 1.8089752 9.841675
0.124420166 1.689331 10.681564
-0.21296692 1.5050812 10.609772
-0.105285645 1.6749725 10.04985
0.0023956299 1.832901 9.480362
0.088531494 1.8759766 9.279373
0.22732544 1.9669037 9.2482605
0.17228699 1.976471 9.568893
-0.13877869 2.0650024 9.736389
-0.023925781 2.0865479 9.580856
0.1531372 2.222931 9.399002
0.24406433 2.4047852 9.327225
0.20578003 2.3593292 9.315262
-0.117248535 2.313858 9.32962
-0.43070984 2.325821 9.418152
-0.6149597 2.3234253 9.451645
-0.1483612 2.5531464 9.346359
0.21774292 2.7278137 8.951553
0.1986084 2.8139648 8.736191
0.119644165 2.847458 8.729019
-0.16749573 2.9120636 9.164505
-0.23210144 2.876175 9.355942
0.19142151 2.9527435 8.719452
0.52163696 3.180069 8.243271
0.32781982 3.1992035 8.621338
0.14356995 3.1776733 9.133408
-0.088531494 3.151352 8.827118
-0.22732544 3.287735 8.635696
-0.112457275 3.1537476 8.970688
0.22732544 3.2494507 8.925232
0.25125122 3.3188477 8.609375
0.059814453 3.254242 8.788834
0.086135864 3.172882 9.750748
0.27038574 3.4528503 10.310669
0.24645996 3.6466675 9.454041
0.100494385 3.6179504 9.332016
-0.0047912598 3.5413818 9.238693
0.17945862 3.5557404 9.157333
0.34695435 3.3762665 9.272186
0.2632141 3.2231293 9.300903
0.27278137 3.282959 9.454041
0.105285645 3.3116608 9.669403
0.059814453 3.3762665 9.932602
0.13877869 3.3834534 9.894318
0.8279114 3.550949 8.891724
0.41156006 3.3619232 9.9062805
