0.078811646 0.034561157 -0.017593384
0.078811646 0.034561157 -0.017593384
0.078811646 0.034561157 -0.017593384
-0.39826965 -0.42173767 0.24629211
-0.3793335 -0.67892456 0.24934387
-0.31762695 -0.8096466 0.18336487
-0.20339966 -0.62516785 0.10762024
-0.08305359 -0.26475525 0.04776001
-0.049453735 -0.0014648438 0.055099487
-0.053131104 0.11886597 0.07342529
-0.023803711 0.10725403 0.019058228
0.018951416 0.010131836 -0.035308838
0.098968506 -0.0026855469 -0.049972534
0.23458862 0.09259033 -0.06829834
0.28834534 0.15551758 -0.06951904
0.18998718 0.18728638 -0.061584473
0.05621338 0.15429688 -0.049972534
-0.024414062 0.021743774 -0.023712158
-0.08673096 -0.12608337 -0.037750244
-0.28585815 -0.3319397 -0.037139893
-0.3170166 -0.2519226 -0.04385376
-0.29930115 -0.1340332 0.009277344
-0.42391968 -0.1847229 -0.003540039
-0.6817169 -0.40953064 -0.1214447
-0.8631439 -0.64837646 -0.16542053
-0.8967285 -0.79071045 -0.12388611
-0.82037354 -0.7174072 -0.15687561
-0.7690582 -0.58058167 -0.30104065
-0.8234253 -0.56895447 -0.51545715
-0.8796234 -0.76078796 -0.43603516
-0.80877686 -0.95503235 -0.12937927
-0.5827484 -0.68014526 0.011108398
-0.33351135 -0.14440918 -0.058517456
-0.13253784 0.17079163 -0.26071167
-0.017074585 0.05593872 -0.15992737
0.07637024 -0.30628967 0.14549255
0.14233398 -0.48710632 0.24263
0.05987549 -0.5213165 0.2401886
-0.114212036 -0.32583618 0.3214264
-0.17468262 0.049224854 0.44177246
-0.073898315 0.34794617 0.50653076
0.07270813 0.4065857 0.3996277
0.23703003 0.3711548 0.23162842
0.3940277 0.42063904 0.16322327
0.40686035 0.14512634 0.010513306
0.19610596 0.0974884 -0.12937927
-0.07633972 0.07121277 -0.20695496
-0.22416687 0.057174683 -0.10983276
-0.18812561 0.03944397 0.0440979
-0.07878113 0.024795532 0.12716675
0.0042877197 0.042510986 0.089904785
0.006134033 0.021118164 0.023330688
-0.03907776 -0.04789734 0.03982544
-0.050064087 -0.02406311 0.10090637
-0.020751953 0.033340454 0.122283936
0.02078247 0.11091614 0.10029602
0.019561768 0.18055725 0.05204773
-0.026855469 0.13536072 0.05204773
3.0517578e-05 0.057174683 0.08868408
0.15211487 0.038223267 0.10517883
0.3292694 0.054107666 0.086242676
0.3915863 0.12313843 0.0031738281
0.29689026 0.22149658 -0.0725708
0.14906311 0.29418945 -0.08113098
0.025665283 0.25997925 -0.09883118
-0.05618286 0.11703491 -0.12571716
-0.069625854 0.08465576 -0.19169617
-0.12886047 0.0009765625 -0.27722168
-0.217453 -0.11141968 -0.29492188
-0.24249268 -0.2006073 -0.24545288
-0.13804626 -0.3020172 -0.17092896
0.05316162 -0.2959137 -0.07196045
0.3219452 0.35099792 0.16932678
0.21992493 0.4224701 0.19924927
-0.0024261475 0.12008667 0.16810608
-0.117874146 -0.24337769 0.1118927
-0.021362305 -0.35516357 0.08868408
0.09713745 -0.3325653 0.08746338
0.09957886 -0.20611572 0.08807373
0.058654785 0.066329956 0.069747925
0.021392822 0.2776947 0.06303406
0.009780884 0.3418274 0.13877869
0.021392822 0.22210693 0.23101807
0.033615112 0.0009765625 0.23834229
0.04093933 -0.12059021 0.19558716
0.05255127 -0.1303711 0.19436646
0.061706543 -0.1334076 0.20658875
0.055603027 -0.069885254 0.18824768
0.062316895 0.05227661 0.15893555
0.070877075 0.09321594 0.15159607
0.08554077 0.049835205 0.13633728
0.12219238 0.010131836 0.2059784
0.16921997 0.018676758 0.2255249
0.15211487 -0.10714722 0.15527344
0.045822144 -0.19572449 0.0758667
-0.004257202 -0.077819824 -0.01576233
-0.045791626 0.22149658 -0.10800171
-0.18812561 0.23309326 -0.13059998
-0.29197693 0.16101074 -0.14038086
-0.33961487 -0.016738892 -0.23384094
-0.35183716 -0.1529541 -0.23750305
-0.24432373 -0.07232666 -0.16725159
-0.0066986084 0.10910034 -0.13059998
0.21687317 0.16712952 -0.098236084
0.31950378 0.033340454 -0.07746887
0.2571869 -0.21038818 -0.13916016
0.025665283 -0.4272461 -0.36457825
-0.26509094 -0.51338196 -0.6547241
-0.34817505 -0.33683777 -0.7646942
-0.19729614 -0.041778564 -0.6657257
-0.020751953 0.10359192 -0.443985
0.067214966 0.077941895 -0.26438904
0.058654785 -0.022232056 -0.12876892
0.018951416 -0.09492493 -0.120224
-0.021972656 -0.17739868 -0.15748596
-0.05189514 -0.17495728 -0.20451355
-0.10076904 -0.09370422 -0.20024109
-0.15940857 -0.06317139 -0.13244629
-0.13131714 -0.079055786 -0.06829834
-0.06655884 -0.16090393 -0.034088135
-0.03112793 -0.30690002 -0.0041503906
-0.009750366 -0.28674316 0.06913757
-0.029907227 -0.12974548 0.2218628
-0.026245117 -0.057052612 0.35868835
0.07026672 0.018676758 0.34465027
0.09408569 -0.0057373047 0.24201965
-0.11299133 -0.070495605 0.22001648
-0.30786133 -0.07171631 0.16688538
-0.3133545 -0.12547302 0.07952881
-0.13497925 -0.049118042 0.04043579
0.0977478 0.16163635 0.07157898
0.24986267 0.38032532 0.097854614
0.18388367 0.43652344 0.10823059
-0.06594849 0.28318787 0.09663391
-0.23883057 0.10481262 0.0599823
-0.23394775 -0.010620117 0.0135650635
-0.15330505 -0.114486694 0.081970215
-0.037857056 -0.16824341 0.21391296
3.0517578e-05 -0.002090454 0.17298889
0.014663696 0.13352966 0.109451294
0.02017212 0.13414001 0.08807373
0.025665283 0.0315094 0.06303406
-0.0024261475 -0.13891602 0.025772095
-0.04273987 -0.25131226 0.0135650635
-0.06655884 -0.23176575 0.01966858
-0.07206726 -0.15602112 0.034942627
-0.03540039 -0.1511383 0.06425476
0.042770386 -0.2470398 0.10456848
0.058654785 -0.34294128 0.11740112
0.0018463135 -0.22015381 0.11128235
-0.054351807 -0.1382904 0.062423706
-0.036636353 -0.15785217 0.054473877
0.090423584 -0.22810364 0.09112549
0.29751587 -0.215271 0.13206482
0.51252747 0.03211975 0.12350464
0.6432648 0.1787262 0.050827026
0.60232544 0.11642456 0.022720337
0.31521606 0.101760864 0.062423706
-0.113601685 0.04434204 0.030059814
-0.39154053 0.06755066 -0.04447937
-0.34695435 0.25631714 -0.037139893
-0.094055176 0.47073364 0.06303406
0.12646484 0.573349 0.18032837
0.18449402 0.3601532 0.20046997
0.10813904 -0.09616089 0.037384033
-0.017074585 -0.3673706 -0.21734619
-0.33961487 -0.462677 -0.443985
-0.32191467 -0.24153137 -0.37861633
-0.14842224 0.13414001 -0.23812866
0.015899658 0.36688232 -0.09150696
0.06536865 0.28746033 -0.018814087
0.061706543 0.025405884 0.016616821
0.09164429 -0.17068481 0.014785767
0.1478424 -0.20243835 -0.007827759
0.15211487 -0.11752319 -0.007827759
0.09408569 0.011352539 0.012329102
0.07148743 0.15490723 0.03677368
0.11853027 0.22576904 0.06730652
0.18754578 0.22149658 0.105789185
0.24191284 0.20317078 0.11984253
0.22602844 0.18667603 0.102127075
0.13500977 0.15307617 0.09234619
0.08125305 0.11213684 0.10823059
0.10752869 0.14453125 0.13082886
0.18327332 0.30151367 0.1925354
0.13317871 0.23858643 0.23468018
-0.025024414 0.15490723 0.21513367
-0.17285156 0.121917725 0.17481995
-0.37687683 -0.30506897 0.15283203
-0.35917664 -0.45716858 0.1436615
-0.03907776 -0.12181091 0.16503906
0.33966064 0.43711853 0.28233337
0.10752869 0.6222229 0.43811035
-0.27241516 0.23982239 0.40267944
-0.39949036 -0.14013672 0.3690796
-0.27365112 -0.35638428 0.41427612
-0.1979065 -0.47000122 0.49368286
-0.15696716 -0.39120483 0.54196167
-0.0011901855 0.014404297 0.513855
0.11180115 0.4725647 0.552948
0.051330566 0.62649536 0.71788025
-0.09588623 0.4261322 0.7685852
-0.16308594 0.12435913 0.63601685
-0.14414978 -0.025909424 0.5590515
-0.12460327 -0.01979065 0.58166504
-0.13375854 0.041290283 0.68489075
-0.16491699 0.08831787 0.78385925
-0.18080139 0.11213684 0.78507996
-0.1343689 0.10542297 0.695282
-0.021972656 0.106033325 0.65374756
0.12219238 0.13108826 0.71177673
0.25901794 0.20622253 0.81440735
0.29322815 0.31617737 0.92619324
0.2584076 0.38581848 0.995224
0.25047302 0.46400452 1.044693
0.24742126 0.6552124 1.1534271
0.12156677 0.57151794 1.1925354
-0.20523071 0.07672119 1.0587463
-0.47401428 -0.2775879 0.89198303
-0.43125916 0.04373169 0.8962555
-0.22233582 0.6295471 1.0752411
-0.07633972 0.9019928 1.2609558
0.018341064 0.8390808 1.4069519
0.14111328 0.6863556 1.4833069
0.29078674 0.46829224 1.4918518
0.4202881 0.22027588 1.449707
0.45877075 0.17506409 1.2847748
0.37509155 0.33511353 1.0092773
0.158844 0.41085815 0.75575256
-0.06289673 0.45973206 0.63113403
-0.06838989 0.64849854 0.68489075
0.05621338 0.7596588 0.90786743
0.16799927 0.7749481 1.1418304
0.21504211 0.678421 1.2560577
0.05255127 0.39620972 1.034317
-0.08244324 0.30151367 0.86021423
-0.06716919 0.29968262 0.80218506
0.078201294 0.38764954 0.83273315
0.20648193 0.52388 0.954895
0.31706238 0.6094055 1.0978546
0.42211914 0.6051178 1.1674805
0.45388794 0.5379181 1.1601562
0.41418457 0.45178223 1.071579
0.38912964 0.4566803 0.99154663
0.38241577 0.5513611 0.97384644
0.27001953 0.5440216 0.981781
0.042160034 0.33389282 0.92375183
-0.101989746 0.24165344 0.87854004
-0.17895508 0.21659851 0.85472107
-0.22843933 0.30822754 0.85105896
-0.25593567 0.39865112 0.84432983
-0.19606018 0.36871338 0.79364014
0.042160034 0.3748169 0.78752136
0.39952087 0.53730774 0.9371948
0.5467377 0.715683 1.2322388
0.29322815 0.7120209 1.2695007
-0.06777954 0.43286133 1.1155548
-0.25227356 0.23065186 0.9671173
-0.26937866 0.06755066 0.8736572
-0.22355652 -0.050338745 0.6213684
-0.06472778 0.2593689 0.51812744
0.122787476 0.639328 0.5444031
0.19915771 0.7114105 0.6268616
0.16738892 0.5391388 0.6592407
0.09591675 0.32473755 0.61465454
-0.013412476 0.14512634 0.5101929
-0.109313965 0.07366943 0.42832947
-0.10383606 0.11154175 0.39900208
-0.03112793 0.16407776 0.37579346
0.02810669 0.17689514 0.3531952
0.06048584 0.14697266 0.33242798
0.07270813 0.11642456 0.27622986
0.07026672 0.089538574 0.23040771
0.059265137 0.050445557 0.20231628
0.10202026 0.06877136 0.18336487
0.15089417 0.18362427 0.20475769
-0.021972656 0.13046265 0.1949768
-0.35671997 -0.006362915 0.09112549
-0.6536102 -0.13952637 -0.029815674
-0.7140808 -0.15357971 -0.08294678
-0.44102478 0.11276245 0.009887695
-0.08305359 0.40841675 0.1583252
0.18754578 0.49272156 0.27622986
0.45266724 0.41941833 0.371521
0.6304321 0.20133972 0.41366577
0.5436859 -0.17617798 0.35075378
0.19488525 -0.515213 0.13877869
-0.21194458 -0.59339905 -0.12937927
-0.48439026 -0.50909424 -0.34747314
-0.50883484 -0.35760498 -0.40977478
-0.22416687 -0.0521698 -0.27355957
0.10752869 0.24958801 -0.04875183
0.18815613 0.29907227 0.15159607
0.16067505 0.21598816 0.24201965
0.17410278 0.13046265 0.2414093
0.15211487 0.07304382 0.17604065
0.04093933 0.019897461 0.07891846
-0.06838989 -0.017959595 -0.006591797
-0.061676025 -0.017349243 -0.054855347
0.038497925 0.022338867 -0.03652954
0.13685608 0.09870911 0.046539307
0.18571472 0.18423462 0.13145447
0.23092651 0.21966553 0.1913147
0.25108337 0.22393799 0.2084198
0.20831299 0.20317078 0.19070435
0.15211487 0.21844482 0.15710449
0.02078247 0.12620544 0.1412201
-0.22294617 -0.0155181885 0.061813354
-0.38116455 -0.057052612 -0.057922363
-0.43185425 -0.10531616 -0.14282227
-0.3316803 -0.050338745 -0.16114807
-0.14964294 0.077941895 -0.0725708
0.09347534 0.27401733 0.15405273
0.3475952 0.534256 0.3910675
0.40623474 0.6405487 0.5199585
0.1942749 0.46522522 0.47964478
-0.07633972 0.089538574 0.33425903
-0.15759277 -0.21588135 0.25361633
-0.045181274 -0.34172058 0.25117493
0.031173706 -0.3136139 0.25422668
-0.05189514 -0.13647461 0.21757507
-0.07450867 0.15490723 0.14427185
0.10874939 0.17079163 0.1913147
0.18815613 0.14575195 0.2243042
0.10997009 0.09625244 0.19924927
0.030548096 0.02784729 0.16748047
0.03300476 -0.023468018 0.17176819
0.0965271 0.0052337646 0.18154907
0.16067505 0.0974884 0.15771484
0.15699768 0.11764526 0.0929718
0.10142517 0.029067993 0.047164917
0.062316895 -0.1211853 0.03616333
0.083099365 -0.2788086 0.017837524
0.16738892 -0.2922516 -0.04385376
0.3231659 -0.01612854 -0.098236084
0.31521606 0.18728638 -0.118392944
0.078811646 0.19644165 -0.14465332
-0.14048767 0.110321045 -0.17886353
-0.30603027 -0.05583191 -0.25094604
-0.25593567 0.014404297 -0.28027344
0.06843567 0.23921204 -0.18130493
0.5290222 0.38337708 0.022720337
0.7953644 0.28196716 0.2218628
0.6884613 0.033340454 0.3202057
-0.1979065 -0.44862366 -0.06768799
-0.16674805 -0.1505127 -0.26255798
0.1478424 0.14819336 -0.093948364
0.26512146 0.26486206 0.09234619
0.20648193 0.16529846 0.19802856
0.10935974 0.008911133 0.22001648
0.08554077 -0.041168213 0.15588379
0.07331848 -0.010620117 0.053878784
0.050109863 0.02357483 -0.0029296875
0.13867188 0.078552246 -0.02003479
0.2913971 0.12986755 0.0068359375
0.3610382 0.16896057 0.057540894
0.36775208 0.20683289 0.10700989
0.3427124 0.19400024 0.12960815
0.27001953 0.16285706 0.1253357
0.20281982 0.13414001 0.09541321
0.20098877 0.13168335 0.056915283
0.20953369 0.18728638 0.04776001
0.022613525 0.13414001 0.034332275
-0.27119446 0.11947632 0.0007324219
-0.5790863 -0.14624023 -0.0896759
-0.5974121 -0.28796387 -0.19535828
-0.21562195 -0.1181488 -0.17459106
0.26452637 0.263031 0.045944214
0.33598328 0.45729065 0.20413208
-0.015853882 0.38764954 0.20046997
-0.36161804 0.15429688 0.11679077
-0.41964722 -0.12364197 0.09234619
-0.32373047 -0.28430176 0.16015625
-0.25898743 -0.08576965 0.22613525
-0.094055176 0.22149658 0.19619751
0.04093933 0.38032532 0.21635437
0.08369446 0.35832214 0.27745056
0.094696045 0.20195007 0.31471252
0.094696045 -0.029571533 0.27316284
0.08981323 -0.21282959 0.1583252
0.07759094 -0.23054504 0.058761597
0.079422 -0.1499176 0.015396118
0.07698059 -0.08576965 -0.0041503906
0.059265137 -0.08454895 -0.021865845
0.06965637 -0.097976685 -0.042633057
0.0635376 -0.086380005 -0.06402588
0.010406494 -0.053390503 -0.0884552
0.022613525 0.046173096 -0.10067749
0.13441467 0.25569153 -0.08357239
0.06109619 0.24775696 -0.038360596
-0.19239807 0.13963318 0.008666992
-0.41049194 -0.06744385 0.028839111
-0.59313965 -0.22505188 0.005004883
-0.5363159 -0.1382904 -0.041412354
-0.015258789 0.21354675 -0.046920776
0.60905457 0.47010803 0.030059814
0.78619385 0.32595825 0.14549255
0.5620117 -0.09492493 0.14060974
0.24191284 -0.4981079 -0.053634644
0.039718628 -0.5512543 -0.34501648
-0.012802124 -0.267807 -0.55088806
0.019561768 0.0064697266 -0.54537964
0.05987549 0.17079163 -0.43359375
0.098968506 0.20195007 -0.31019592
0.1282959 0.07426453 -0.22102356
0.11668396 -0.098602295 -0.16664124
0.054382324 -0.1871643 -0.122665405
0.053771973 -0.17984009 -0.11534119
0.12219238 -0.09126282 -0.16908264
0.19242859 0.033340454 -0.21673584
0.25779724 0.090774536 -0.21551514
0.33966064 0.09687805 -0.18740845
0.3732605 0.12313843 -0.1532135
0.29629517 0.15368652 -0.10067749
0.18693542 0.17018127 -0.03652954
0.17166138 0.18055725 0.03187561
0.1796112 0.17384338 0.10151672
-0.034179688 -0.017959595 0.13511658
-0.30174255 -0.08576965 0.08380127
-0.5045624 -0.18778992 0.0043945312
-0.5729675 -0.27391052 -0.04385376
-0.34083557 -0.1346283 -0.057296753
0.046432495 0.20010376 0.08258057
0.27490234 0.510437 0.24934387
0.2101593 0.59840393 0.33914185
-0.025024414 0.39620972 0.35014343
-0.15574646 0.058395386 0.30004883
-0.1991272 -0.34294128 0.26034546
-0.28892517 -0.3612671 0.26644897
-0.23210144 -0.17678833 0.28294373
0.035446167 0.14819336 0.3238678
0.19976807 0.36383057 0.3886261
0.18510437 0.405365 0.42955017
0.10079956 0.30456543 0.38130188
-0.0054779053 0.11091614 0.3226471
-0.032958984 -0.02772522 0.31593323
0.014663696 -0.034454346 0.32754517
0.054382324 0.02418518 0.32632446
0.05987549 0.0644989 0.30187988
0.059265137 0.05227661 0.27500916
0.11302185 0.050445557 0.26339722
0.1771698 0.07243347 0.26583862
0.18693542 0.10420227 0.26828003
0.16311646 0.12498474 0.2621765
0.17655945 0.17384338 0.26522827
0.24130249 0.24836731 0.29943848
0.2913971 0.31922913 0.42710876
0.11853027 0.14575195 0.58166504
-0.35488892 -0.047286987 0.5932617
-0.904068 -0.14379883 0.41244507
-0.83503723 -0.008804321 0.32081604
-0.03968811 0.29907227 0.52241516
0.73487854 0.6148834 0.93473816
0.90960693 0.7786102 1.2041321
0.5436859 0.6283264 1.1949768
0.06965637 0.14756775 1.0459137
-0.1844635 -0.28125 0.9341278
-0.33229065 -0.4920044 0.81929016
-0.34451294 -0.23603821 0.72888184
-0.113601685 0.38642883 0.67085266
0.065979004 0.8256378 0.6555786
0.04399109 0.9038391 0.6977234
0.027511597 0.7718811 0.76675415
0.10142517 0.5880127 0.8791504
0.07759094 0.5147095 0.9359741
-0.0079193115 0.62649536 0.8565521
-0.05189514 0.6802521 0.77775574
-0.0054779053 0.6894226 0.7514801
0.07026672 0.67658997 0.79486084
0.1124115 0.66192627 0.9048004
0.1441803 0.6863556 1.0281982
0.18939209 0.7065277 1.125946
0.22970581 0.7419586 1.1491547
0.18388367 0.8109741 1.1338806
-0.05067444 0.7236328 1.1027374
-0.32618713 0.52264404 1.0257568
-0.38909912 0.35221863 0.918869
-0.28341675 0.29785156 0.8748779
-0.15940857 0.43223572 0.92863464
-0.09893799 0.6637573 1.0294342
-0.006088257 0.8861084 1.0996704
0.16067505 1.0333405 1.149765
0.31155396 1.015625 1.2126923
0.27368164 0.81770325 1.2566681
0.07392883 0.55441284 1.2554474
-0.15574646 0.34121704 1.1949768
-0.31152344 0.26791382 1.1076202
-0.42147827 0.2434845 1.0251465
-0.37750244 0.2984619 0.96162415
-0.15086365 0.5153198 0.890152
-0.024414062 0.9618683 0.9011383
-0.08488464 0.88856506 0.95796204
-0.1331482 0.6234436 0.941452
-0.20706177 0.2642517 0.83273315
-0.21684265 0.24287415 0.79364014
-0.18751526 0.24897766 0.7368164
-0.12031555 0.23921204 0.681839
-0.024414062 0.22393799 0.63235474
0.079422 0.23309326 0.578598
0.16616821 0.2300415 0.5382843
0.19120789 0.16712952 0.49308777
0.1783905 0.122528076 0.4252777
0.1906128 0.15185547 0.34709167
0.1478424 0.18728638 0.32632446
-0.06655884 0.09321594 0.318985
-0.36772156 0.008300781 0.27378845
-0.656662 -0.058273315 0.17298889
-0.81243896 -0.013076782 0.07524109
-0.67193604 0.19033813 0.05569458
-0.3157959 0.391922 0.16444397
0.110580444 0.51898193 0.35075378
0.44839478 0.55685425 0.53523254
0.58277893 0.47683716 0.66596985
0.4544983 0.2825775 0.69039917
0.106918335 0.025405884 0.5834961
-0.29808044 -0.19389343 0.3373108
-0.6352844 -0.28552246 0.016616821
-0.8185425 -0.23908997 -0.19169617
-0.69514465 -0.09738159 -0.21307373
-0.31030273 0.13780212 -0.05973816
-0.009140015 0.35466003 0.2096405
0.03605652 0.41757202 0.40022278
-0.012802124 0.33450317 0.42466736
-0.025634766 0.17018127 0.34768677
-0.07206726 0.12802124 0.12045288
-0.09588623 0.19400024 0.026992798
-0.062286377 0.19888306 -0.0017089844
0.01651001 0.17201233 0.021499634
0.07759094 0.15917969 0.053878784
0.09164429 0.17018127 0.08868408
0.09225464 0.17567444 0.11740112
0.11180115 0.15917969 0.14305115
0.1600647 0.17018127 0.15283203
0.22358704 0.20561218 0.15588379
0.23031616 0.2593689 0.17604065
0.07209778 0.12924194 0.18948364
-0.10809326 0.029678345 0.15771484
-0.16552734 0.011962891 0.11557007
-0.22172546 -0.1157074 0.10029602
-0.17651367 -0.20977783 0.14978027
0.1136322 -0.10348511 0.21635437
0.46488953 0.20500183 0.3238678
0.57240295 0.598999 0.4674225
0.40318298 0.85435486 0.57432556
0.09347534 0.7602844 0.61524963
-0.16369629 0.35099792 0.5932617
-0.32006836 -0.16946411 0.56088257
-0.39031982 -0.5756836 0.529129
-0.39888 -0.7803345 0.45031738
-0.18812561 -0.54452515 0.40267944
0.16799927 0.04067993 0.40634155
0.3366089 0.5574646 0.46559143
0.2755127 0.74806213 0.49736023
0.18449402 0.6100006 0.40145874
0.16616821 -0.10531616 0.1790924
0.110580444 -0.28125 0.11312866
0.10752869 -0.15541077 0.012329102
0.087371826 -0.058883667 -0.024932861
0.094696045 -0.110809326 -0.03164673
0.145401 -0.16151428 -0.04081726
0.18998718 -0.22566223 -0.07928467
0.22602844 -0.2164917 -0.13671875
0.2938385 -0.10470581 -0.20207214
0.40686035 0.109695435 -0.20391846
0.4361725 0.3601532 -0.07746887
0.24069214 0.2813568 0.0031738281
-0.11175537 0.08099365 -0.045074463
-0.54914856 -0.1871643 -0.23017883
-0.8497009 -0.40647888 -0.44276428
-0.75561523 -0.33622742 -0.51545715
-0.24920654 0.033340454 -0.37373352
0.41967773 0.46829224 -0.020645142
0.87661743 0.757843 0.37213135
0.91082764 0.7114105 0.55233765
0.54063416 0.26913452 0.44848633
-0.0036468506 -0.36065674 0.14183044
-0.43063354 -0.77789307 -0.27293396
-0.57481384 -0.8218689 -0.6327362
-0.30786133 -0.5365906 -0.70848083
0.13745117 0.012573242 -0.49835205
0.35920715 0.391922 -0.15504456
0.30299377 0.4908905 0.1448822
0.20648193 0.4285736 0.28599548
0.18449402 0.29112244 0.24934387
0.20831299 0.14634705 0.12411499
0.21260071 0.07060242 0.010513306
0.14111328 0.029678345 -0.051193237
0.02810669 -0.010620117 -0.06768799
-0.05557251 -0.030792236 -0.0884552
-0.05189514 0.06694031 -0.11105347
0.045211792 0.27830505 -0.086624146
0.14356995 0.42796326 0.046539307
0.14967346 0.391922 0.16688538
0.16494751 0.33328247 0.12960815
0.2584076 0.40046692 0.042266846
0.31765747 0.4945526 0.07096863
0.20709229 0.34733582 0.058135986
-0.060455322 0.122528076 -0.1532135
-0.48439026 -0.1486969 -0.42993164
-0.7342529 -0.22198486 -0.5014038
-0.566864 -0.12425232 -0.37434387
-0.21562195 0.06266785 -0.15504456
0.031173706 0.29356384 0.058761597
0.1282959 0.56907654 0.1913147
0.145401 0.7792206 0.24201965
0.1441803 0.7566223 0.2096405
0.07148743 0.45240784 0.1925354
-0.08673096 0.013183594 0.2218628
-0.2632599 -0.3502655 0.22001648
-0.38909912 -0.39364624 0.12289429
-0.39520264 -0.17556763 -0.014541626
-0.32435608 0.14878845 -0.070129395
-0.122161865 0.5171509 0.02027893
0.25047302 0.73095703 0.22735596
0.45755005 0.71507263 0.3397522
0.18632507 0.36749268 -0.018203735
0.005508423 0.13719177 -0.09701538
0.010406494 0.0027923584 -0.03164673
0.19793701 0.0076904297 0.058761597
0.35554504 -0.029571533 0.110672
0.38853455 -0.16824341 0.1448822
0.3060608 -0.32522583 0.0947876
0.13685608 -0.410141 -0.06829834
-0.021972656 -0.3496704 -0.22102356
-0.026855469 -0.04789734 -0.31080627
0.10508728 0.33694458 -0.22956848
0.1918335 0.60450745 -0.074401855
0.23275757 0.6637573 -0.04019165
0.2571869 0.50860596 -0.04447937
0.23458862 0.24531555 0.05142212
0.15762329 -0.008178711 0.18154907
0.07759094 -0.1499176 0.16870117
-0.029907227 -0.13647461 0.029434204
-0.1685791 -0.041778564 -0.07991028
-0.16796875 0.04434204 -0.081726074
0.0030670166 0.059005737 -0.026153564
0.19242859 0.09870911 -0.0096588135
0.04399109 0.21903992 0.0013427734
-0.30236816 0.24043274 -0.007827759
-0.3487854 0.20195007 -0.06340027
-0.09649658 0.03944397 -0.1214447
