58
62
77
87
108
126
147
167
186
206
226
246
266
286
306
327
347
366
386
406
427
446
467
486
506
526
546
565
585
604
624
643
662
681
701
720
739
759
778
797
817
837
856
875
896
914
935
956
972
991
1011
1031
1050
1072
1088
1107
1126
1148
1168
1186
1205
1224
1243
1265
1282
1301
1320
1340
1359
1378
1399
1417
1437
1462
1475
1496
1516
1534
1553
1574
1591
1611
1631
1649
1670
1688
1707
1727
1748
1768
1787
1806
1826
1846
1867
1886
1906
1926
1946
1966
1987
2006
2026
2046
2066
2086
2106
2126
2146
2167
2186
2206
2226
2246
2267
2286
2306
2326
2346
2370
2386
2404
2423
2442
2462
2481
2501
2520
2539
2559
2578
2597
2618
2639
2658
2675
2694
2713
2735
2753
2772
2791
2811
2829
2849
2869
2887
2906
2925
2945
2965
2992
3006
3023
3042
3062
3081
3103
3121
3140
3158
3178
3197
3216
3237
3255
3276
3294
3313
3333
3353
3373
3391
3410
3429
3449
3470
3488
3507
3526
3545
3565
3586
3605
3626
3645
3665
3686
3705
3727
3745
3765
3787
3806
3826
3845
3865
3885
3905
3925
3945
3965
3986
4005
4025
4045
4065
4085
4105
4126
4145
4165
4184
4206
4222
4242
4261
4287
4300
4319
4339
4358
4377
4396
4416
4435
4456
4474
4494
4513
4534
4552
4573
4590
4612
4629
4648
4667
4688
4707
4725
4745
4765
4784
4803
4823
4842
4861
4880
4899
4919
4940
4959
4977
4996
5016
5035
5055
5075
5094
5113
5133
5152
5171
5191
5211
5229
5248
5267
5286
5307
5325
5346
5365
5384
5404
5425
5444
5464
5485
5504
5525
5544
5564
5584
5604
5627
5645
5665
5685
5704
5724
5744
5764
5784
5804
5825
5844
5864
5884
5905
5925
5945
5965
5983
6002
6022
6042
6061
6080
6099
6118
6138
6160
6177
6197
6215
6235
6254
6273
6293
6312
6331
6351
6370
6389
6412
6429
6447
6467
6486
6509
6527
6546
6564
6584
6603
6622
6641
6662
6682
6699
6718
6738
6757
6778
6796
6816
6834
6854
6873
6896
6912
6931
6950
6970
6989
7008
7030
7049
7066
7086
7105
7125
7145
7163
7183
7203
7223
7243
7265
7283
7303
7323
7343
7363
7383
7403
7423
7443
7463
7483
7503
7523
7543
7563
7583
7603
7623
7643
7663
7683
7702
7723
7743
7763
7783
7802
7821
7840
7860
7879
7899
7919
7937
7963
7976
7997
8015
8034
8053
8072
8092
8111
8131
8150
8169
8188
8208
8227
8248
8267
8285
8305
8324
8343
8365
8383
8402
8421
8440
8459
8479
8498
8518
8537
8557
8576
8595
8617
8636
8653
8672
8691
8711
8732
8751
8770
8789
8808
8827
8846
8867
8885
8904
8924
8943
8962
8984
9003
9022
9042
9062
9084
9102
9122
9144
9162
9183
9202
9222
9242
9262
9284
9303
9322
9342
9362
9382
9402
9422
9442
9462
9483
9502
9521
9542
9562
9582
9601
9620
9639
9659
9679
9698
9718
9738
9756
9775
9795
9816
9836
9852
9872
9891
9911
9932
9951
9969
9988
10007
10026
10047
10065
10085
10104
10123
10144
10162
10181
10202
10220
10239
10259
10278
10297
10318
10336
10356
10375
10394
10414
10433
10453
10472
10491
10510
10530
10549
10570
10589
10608
10626
10646
10665
10686
10704
10723
10742
10762
10781
10803
10821
10842
10861
10881
10901
10921
10945
10961
10981
11001
11022
11041
11061
11081
11101
11121
11141
11161
11181
11201
11221
11241
11261
11281
11301
11321
11341
11360
11381
11400
11423
11439
11458
11479
11497
11516
11536
11556
11576
11595
11613
11633
11652
11672
11691
11710
11729
11749
11768
11789
11807
11826
11845
11865
11884
11903
11923
11942
11962
11980
12000
12019
12040
12067
12078
12098
12116
12135
12156
12174
12194
12214
12232
12252
12271
12291
12310
12329
12348
12368
12387
12407
12426
12445
12465
12484
12503
12525
12543
12561
12581
12601
12620
12643
12660
12680
12700
12720
12741
12760
12780
12800
12820
12841
12860
12880
12900
12920
12940
12960
12980
13001
13019
13039
13060
13081
13100
13120
13140
13160
13185
13200
13220
13238
13259
13278
13296
13317
13335
13355
13374
13394
13412
13432
13451
13470
13490
13510
13528
13548
13567
13588
13606
13628
13647
13664
13683
13703
13722
13741
13761
13780
13799
13819
13838
13857
13877
13897
13916
13935
13954
13974
13995
14013
14032
14051
14070
14090
14110
14128
14148
14167
14189
14206
14225
14245
14265
14283
14302
14322
14341
14362
14381
14399
14419
14439
14459
14479
14499
14519
14539
14558
14579
14599
14619
14639
14659
14679
14699
14719
14739
14759
14779
14799
14819
14838
14859
14880
14899
14918
14938
14959
14980
14999
15019
15038
15057
15077
15098
15117
15135
15154
15174
15193
15214
15232
15251
15270
15289
15309
15328
15348
15368
15386
15408
15425
15444
15465
15483
15502
15522
15541
15560
15580
15599
15618
15638
15657
15677
15695
15716
15735
15754
15773
15792
15812
15832
15850
15870
15889
15908
15929
15948
15966
15986
16005
16025
16044
16063
16083
16102
16121
16141
16160
16180
16199
16219
16238
16258
16278
16299
16318
16338
16358
16378
16398
16418
16438
16458
16478
16498
16520
16539
16558
16578
16598
16618
16639
16658
16678
16698
16718
16738
16758
16778
16798
16819
16837
16856
16876
16895
16915
16935
16956
16973
16992
17011
17033
17052
17070
17089
17108
17127
17147
17166
17187
17205
17225
17244
17263
17282
17302
17322
17341
17359
17379
17398
17420
17438
17456
17476
17496
17515
17535
17554
17573
17592
17611
17631
17650
17671
17689
17708
17727
17747
17766
17787
17806
17825
17843
17862
17882
17902
17921
17942
17959
17979
17998
18017
18038
18057
18077
18097
18117
18137
18157
18177
18198
18217
18238
18257
18277
18297
18317
18338
18357
18377
18397
18417
18439
18457
18477
18497
18517
18537
18557
18577
18597
18617
18639
18657
18675
18695
18714
18740
18753
18773
18791
18811
18830
18849
18869
18889
18907
18927
18946
18965
18985
19007
19027
19046
19064
19083
19102
19120
19141
19159
19178
19198
19217
19237
19256
19276
19295
19314
19333
19353
19373
19392
19411
19432
19449
19468
19488
19507
19527
19546
19565
19585
19604
19624
19643
19662
19681
19701
19720
19740
19759
19778
19797
19817
19842
19856
19876
19897
19916
19936
19956
19976
19996
20016
20036
20056
20077
20096
20117
20136
20157
20176
20196
20216
20236
20256
20277
20296
20316
20336
20356
20377
20401
20418
20437
20457
20479
20495
20514
20533
20552
20572
20591
20611
20631
20651
20673
20689
20707
20728
20746
20766
20785
20804
20823
20849
20862
20881
20900
20920
20939
20959
20979
20999
21019
21037
21056
21075
21097
21115
21133
21152
21172
21191
21211
21236
21250
21269
21288
21307
21327
21348
21366
21385
21405
21423
21442
21463
21481
21501
21519
21539
21558
21582
21599
21618
21638
21661
21675
21696
21716
21735
21755
21775
21797
21815
21835
21855
21875
21897
21917
21936
21955
21977
21996
22017
22037
22055
22080
22096
22116
22135
22155
22175
22197
22217
22236
22255
22274
22293
22316
22335
22352
22371
22391
22410
22431
22450
22473
22488
22508
22526
22545
22565
22586
22604
22623
22643
22661
22682
22702
22722
22739
22758
22777
22796
22817
22837
22857
22875
22894
22913
22935
22953
22971
22990
23009
23029
23050
23069
23092
23106
23126
23146
23165
23197
23203
23222
23242
23261
23281
23304
23322
23341
23358
23377
23396
23418
23436
23456
23477
23494
23514
23535
23555
23575
23595
23614
23635
23656
23675
23695
23714
23734
23757
23774
23794
23814
23834
23854
23875
23894
23914
23936
23954
23975
23994
24014
24035
24054
24075
24094
24112
24132
24157
24171
24190
24211
24229
24249
24269
24288
24311
24325
24344
24364
24383
24403
24426
24443
24461
24480
24499
24520
24539
24559
24577
24596
24616
24638
24658
24678
24693
24712
24732
24751
24771
24790
24811
24828
24848
24868
24891
24907
24925
24945
24964
24983
25005
25024
25042
25060
25080
25099
25119
25140
25158
25176
25196
25215
25235
25256
25275
25296
25319
25333
25355
25379
25397
25413
25434
25453
25473
25495
25514
25533
25553
25573
25596
25613
25633
25653
25673
25693
25713
25733
25753
25774
25794
25813
25834
25854
25878
25892
25913
25931
25950
25970
25990
26009
26028
26048
26066
26087
26109
26127
26144
26164
26183
26202
26221
26242
26260
26279
26299
26318
26337
26358
26378
26395
26414
26445
26455
26477
26494
26512
26531
26551
26570
26592
26611
26628
26647
26666
26686
26705
26727
26747
26763
26783
26802
26821
26843
26860
26879
26899
26919
26938
26956
26977
26996
27015
27034
27053
27073
27094
27112
27132
27152
27172
27193
27212
27232
27253
27272
27294
27313
27332
27352
27372
27394
27413
27436
27452
27472
27493
27512
27532
27558
27572
27592
27612
27632
27665
27677
27692
27712
27731
27750
27769
27789
27808
27829
27848
27867
27885
27905
27924
27947
27964
27982
28002
28021
28040
28061
28081
28099
28118
28137
28156
28175
28196
28215
28233
28253
28272
28292
28315
28332
28349
28370
28388
28407
28428
28446
28466
28487
28504
28524
28543
28562
28581
28602
28620
28640
28659
28679
28698
28717
28736
28756
28775
28796
28814
28833
28853
28872
28893
28913
28934
28951
28971
28991
29011
29032
29051
29071
29091
29111
29133
29151
29171
29191
29211
29233
29252
29271
29291
29311
29334
29352
29371
29391
29411
29435
29451
29471
29491
29511
29532
29551
29569
29589
29608
29627
29649
29670
29686
29705
29724
29743
29762
29782
29802
29821
29840
29859
29886
29903
29918
29936
29955
29975
29995
30014
30033
30053
30074
30091
30110
30131
30152
30171
30188
30208
30226
30246
30267
30287
30305
30323
30342
30362
30381
30402
30425
30441
30459
30478
30497
30518
30538
30557
30575
30593
30613
30633
30658
30672
30690
30710
30730
30754
30771
30790
30810
30830
30852
30871
30896
30910
30930
30952
30971
31001
31011
31030
31051
31070
31091
31110
31130
31150
31170
31190
31211
31230
31251
31270
31291
31311
31330
31349
31368
31388
31408
31427
31446
31465
31484
31507
31524
31543
31561
31581
31600
31622
31640
31660
31678
31697
31716
31739
31757
31775
31794
31814
31832
31851
31872
31892
31911
31929
31948
31967
31989
32015
32026
32045
32065
32084
32126
32130
32145
32161
32181
32200
32220
32242
32259
32277
32296
32316
32337
32358
32376
32394
32413
32432
32451
32474
32491
32510
32530
32549
32570
32594
32611
32629
32650
32669
32692
32710
32731
32749
32769
32791
32810
32829
32849
32869
32890
32910
32929
32949
32969
32992
33010
33030
33049
33069
33091
33113
33130
33148
33167
33187
33212
33226
33245
33264
33284
33302
33323
33343
33361
33381
33400
33419
33438
33460
33478
33499
33516
33535
33554
33576
33594
33613
33632
33651
33670
33689
33710
33729
33749
33767
33787
33806
33827
33845
33864
33883
33902
33922
33945
33963
33980
33999
34018
34038
34057
34077
34096
34116
34136
34154
34173
34194
34212
34232
34251
34270
34289
34309
34329
34351
34369
34388
34410
34428
34448
34468
34490
34509
34528
34548
34568
34588
34608
34629
34648
34668
34688
34709
34729
34748
34770
34789
34808
34829
34848
34868
34888
34909
34929
34950
34971
34986
35005
35025
35047
35065
35083
35102
35121
35143
35163
35183
35199
35219
35238
35257
35276
35297
35315
35334
35358
35373
35392
35414
35431
35455
35471
35489
35508
35531
35548
35567
35587
35606
35625
35645
35665
35683
35702
35722
35741
35760
35781
35802
35818
35837
35857
35877
35897
35916
35934
35955
35973
35992
36011
36031
36050
