0.20367432 0.06617737 -0.100631714
-0.013168335 -0.022994995 -0.031600952
-0.045547485 -0.038879395 -0.028549194
-0.0846405 -0.04437256 -0.02243042
-0.09869385 -0.03338623 -0.027938843
-0.07243347 -0.01689148 -0.037704468
-0.018676758 -0.020553589 -0.043823242
0.0027160645 -0.033996582 -0.02671814
-0.0021820068 -0.029724121 -0.016326904
-0.036392212 -0.029724121 -0.01083374
-0.090148926 -0.054153442 0.003829956
-0.12495422 -0.047439575 0.018493652
-0.113357544 -0.039489746 0.020324707
-0.052886963 -0.02911377 0.010543823
0.007598877 -0.035827637 0.0032196045
0.038742065 0.039916992 0.006881714
0.030792236 0.016693115 0.00932312
0.007598877 -0.013839722 0.002609253
-0.010116577 -0.006500244 0.0032196045
0.0069732666 0.028915405 0.0056610107
0.047286987 0.035629272 0.002609253
0.090667725 0.028305054 -0.00044250488
0.106552124 0.0069274902 0.0044403076
0.07539368 -0.0059051514 -0.02243042
-0.012573242 -0.006500244 -0.046875
-0.0663147 -0.019332886 -0.032211304
-0.015014648 -0.03643799 -0.033432007
0.06439209 -0.020553589 -0.032821655
0.09677124 -0.015060425 -0.019378662
0.06561279 -0.020553589 -0.028549194
-0.018676758 -0.02116394 -0.033432007
-0.054718018 -0.020553589 -0.018157959
-0.007675171 -0.016281128 -0.0132751465
0.058898926 -0.02545166 -0.019989014
0.06561279 0.0008087158 -0.02671814
0.025299072 0.011810303 -0.033432007
-0.019897461 0.0069274902 -0.032821655
-0.03944397 -0.019332886 -0.019989014
-0.017456055 -0.031555176 -0.01083374
0.0051574707 -0.023605347 -0.012054443
-0.00035095215 -0.013839722 -0.0065612793
-0.0015716553 -0.021774292 -0.007171631
-0.0009613037 -0.023605347 0.00016784668
-0.010116577 -0.021774292 0.005050659
-0.028442383 -0.010787964 -0.005935669
-0.02722168 -0.0034484863 -0.010223389
0.007598877 -0.0034484863 -0.0077819824
0.02835083 0.011199951 -0.00044250488
0.019195557 0.0008087158 0.0013885498
-0.02355957 -0.01689148 0.005050659
-0.05593872 -0.021774292 0.0062713623
-0.014389038 -0.015670776 -0.0010528564
0.06806946 -0.008346558 -0.001663208
0.008804321 -0.013839722 -0.005935669
-0.048599243 -0.020553589 -0.0053253174
-0.041885376 -0.016281128 -0.0034942627
0.008804321 -0.0101623535 -0.0028839111
0.034469604 -0.0046844482 -0.0034942627
0.019195557 -0.00894165 -0.015716553
-0.008285522 -0.009567261 -0.021820068
-0.014389038 0.0014343262 -0.0132751465
-0.0009613037 0.014251709 0.0013885498
0.007598877 0.013031006 0.0056610107
-0.0021820068 0.0093688965 0.0032196045
-0.0052337646 -0.0028533936 0.0074920654
0.0045318604 -0.019332886 0.0013885498
-0.007675171 -0.0022277832 -0.0065612793
-0.013793945 0.022201538 -0.005935669
0.0051574707 0.007537842 -0.009002686
0.01675415 -0.0101623535 -0.008392334
0.02407837 -0.0010070801 -0.0034942627
0.014907837 0.008148193 -0.0053253174
-0.009506226 0.004470825 -0.01449585
-0.026000977 -0.0010070801 -0.005935669
-0.014389038 0.0069274902 0.008712769
0.011245728 0.0093688965 0.014831543
0.019805908 0.014251709 0.010543823
0.0002746582 0.032577515 0.011169434
-0.018066406 0.032577515 0.0056610107
-0.030273438 0.024032593 -0.01083374
-0.04310608 0.013641357 -0.016937256
-0.029663086 0.017913818 -0.032211304
-0.03944397 0.041748047 -0.032821655
-0.042495728 0.027694702 -0.032821655
-0.033340454 0.013641357 -0.028549194
0.013092041 -0.012619019 -0.01449585
0.086380005 -0.02545166 -0.00044250488
0.07295227 -0.026046753 0.00077819824
-0.03149414 -0.016281128 -0.01449585
-0.09320068 -0.0028533936 -0.03831482
-0.054718018 -0.022384644 -0.032821655
-0.0021820068 -0.026672363 -0.01876831
-0.015609741 -0.038879395 -0.016326904
-0.05227661 -0.009567261 -0.031600952
-0.03944397 0.019760132 -0.049926758
-0.009506226 0.03868103 -0.06947327
-0.0040130615 0.037460327 -0.06642151
-0.01133728 0.031967163 -0.062149048
-0.030273438 0.031967163 -0.06336975
-0.04676819 0.008758545 -0.049926758
-0.041275024 -0.014450073 -0.045043945
-0.01133728 -0.030334473 -0.04319763
0.013092041 -0.031555176 -0.04260254
-0.006454468 -0.040100098 -0.052368164
-0.033935547 -0.02116394 -0.07984924
-0.029663086 -0.016281128 -0.10002136
-0.015609741 -0.019943237 -0.10246277
-0.008895874 -0.026046753 -0.10612488
-0.004623413 -0.020553589 -0.13545227
-0.008285522 -0.01322937 -0.15499878
-0.0052337646 -0.026672363 -0.15072632
-0.0070648193 -0.029724121 -0.17027283
-0.022949219 -0.023605347 -0.18370056
-0.02355957 0.0093688965 -0.20692444
-0.015609741 0.0063171387 -0.23806763
-0.013168335 -0.010787964 -0.24784851
-0.012573242 -0.02116394 -0.24235535
0.025299072 -0.032165527 -0.23869324
0.11387634 0.016082764 -0.23869324
0.18412781 0.047851562 -0.23074341
0.2122345 0.0093688965 -0.23135376
0.1987915 -0.019943237 -0.26068115
0.15480042 -0.040100098 -0.26983643
0.11021423 -0.043777466 -0.25457764
0.074783325 -0.022994995 -0.27290344
0.025909424 -0.02116394 -0.3070984
-0.02355957 -0.075531006 -0.30892944
-0.011947632 -0.095687866 -0.30404663
0.023468018 -0.04437256 -0.26922607
0.038131714 0.004470825 -0.24295044
0.05706787 -0.013839722 -0.22340393
0.10899353 0.007537842 -0.1953125
0.15480042 0.044189453 -0.14277649
0.15542603 -0.014450073 -0.097579956
0.08761597 -0.08836365 -0.060928345
0.02041626 -0.10668945 -0.055419922
0.009429932 -0.052322388 -0.085357666
0.03263855 0.002029419 -0.07803345
0.062561035 0.052734375 -0.052978516
0.04484558 0.064956665 -0.045043945
-0.04310608 0.029525757 -0.0028839111
-0.12495422 0.020355225 0.00077819824
-0.1469574 0.06800842 -0.013885498
-0.106033325 0.1296997 -0.052978516
-0.045547485 0.1920166 -0.060928345
-0.03883362 0.20240784 -0.0028839111
-0.13168335 0.13581848 0.031311035
-0.2624054 0.03501892 0.05331421
-0.39741516 -0.026672363 0.06430054
-0.4951477 0.03501892 0.08079529
-0.5232544 0.13092041 0.07408142
-0.45422363 0.1749115 0.06185913
-0.28012085 0.16758728 0.13394165
-0.020507812 0.0008087158 0.27627563
0.1474762 -0.10913086 0.3947754
0.08944702 0.020355225 0.4289856
-0.013168335 0.3612213 0.40150452
0.14076233 0.68499756 0.3935547
0.47550964 0.67948914 0.42227173
0.763855 0.4577484 0.35934448
0.7943878 0.16268921 0.26161194
0.57569885 -0.14883423 0.21334839
0.32829285 -0.27835083 0.08811951
0.08332825 -0.058425903 -0.08352661
-0.1335144 0.1443634 -0.19165039
-0.19398499 0.08023071 -0.20019531
-0.11029053 -0.11584473 -0.11161804
0.035079956 -0.22091675 -0.039535522
0.058288574 -0.15312195 -0.09573364
-0.02722168 -0.12867737 -0.10673523
-0.015609741 -0.17022705 -0.06825256
0.11936951 -0.14334106 0.0032196045
0.20733643 -0.11828613 0.00077819824
0.13954163 -0.16838074 -0.06642151
0.034469604 -0.24536133 -0.045043945
0.038742065 -0.3009491 -0.013885498
0.10166931 -0.31256104 -0.0309906
0.10960388 -0.27713013 -0.045639038
0.08883667 -0.270401 -0.040161133
0.057678223 -0.24351501 -0.027328491
-0.042495728 -0.17572021 -0.05419922
-0.1787262 -0.22642517 -0.061523438
-0.2135315 -0.3070526 -0.07008362
-0.102371216 -0.21420288 -0.046875
0.037521362 -0.14212036 -0.044418335
0.07173157 -0.2056427 -0.08169556
0.01612854 -0.30033875 -0.06581116
-0.01133728 -0.27772522 -0.08963013
0.054626465 -0.15800476 -0.17576599
0.14564514 0.06312561 -0.20204163
0.15786743 0.12054443 -0.05970764
0.06929016 0.013031006 0.1186676
-0.065093994 -0.35958862 0.104003906
-0.19032288 -0.6980133 0.019714355
-0.3076172 -0.6717377 -0.061523438
-0.37113953 -0.48420715 -0.12872314
-0.33021545 -0.2545166 -0.11895752
-0.16101074 -0.062088013 -0.109176636
-0.010726929 -0.09202576 -0.1794281
-0.004623413 -0.2227478 -0.2783966
-0.11885071 -0.27957153 -0.28327942
-0.27523804 -0.2227478 -0.25457764
-0.378479 -0.19099426 -0.3474121
-0.36930847 -0.15068054 -0.38772583
-0.33143616 -0.0028533936 -0.27900696
-0.33815002 0.11810303 -0.1965332
-0.35832214 0.1071167 -0.1806488
-0.3320465 0.08328247 -0.1769867
-0.2294159 0.0900116 -0.2099762
-0.029663086 0.10649109 -0.21730042
0.18229675 0.17796326 -0.18309021
0.2617035 0.1749115 -0.117126465
0.18412781 0.093048096 -0.06274414
0.07173157 0.1272583 -0.08413696
-0.0052337646 0.2891388 -0.13911438
0.011245728 0.29403687 -0.100631714
0.10043335 0.1565857 -0.016326904
0.14564514 0.096725464 0.08811951
0.102890015 0.12054443 0.14187622
0.0057525635 0.1920166 0.14126587
-0.06448364 0.08267212 0.19075012
-0.09503174 -0.04071045 0.31781006
-0.12007141 -0.0071258545 0.378891
-0.090148926 -0.20932007 0.40882874
0.03691101 -0.3192749 0.4155426
0.12365723 -0.02545166 0.33796692
0.05279541 0.30136108 0.20785522
-0.12557983 0.4516449 0.107055664
-0.23492432 0.34230042 0.107055664
-0.27340698 -0.011383057 0.1333313
-0.2501831 -0.35287476 0.09056091
-0.12802124 -0.42312622 -0.0034942627
-0.026000977 -0.35531616 -0.027938843
-0.054718018 -0.36997986 0.07833862
-0.19276428 -0.385849 0.19136047
-0.35098267 -0.3351593 0.1980896
-0.40229797 -0.26368713 0.087509155
-0.12557983 -0.04071045 -0.19104004
0.010025024 -0.023605347 -0.1818695
0.06011963 -0.032165527 -0.1635437
0.026519775 -0.10852051 -0.12567139
0.010025024 -0.13723755 -0.10673523
0.05279541 -0.04927063 -0.14704895
0.08822632 0.026473999 -0.2124176
0.0851593 0.036239624 -0.28205872
0.09677124 0.020355225 -0.32725525
0.13464355 0.0423584 -0.2899933
0.11753845 0.11627197 -0.18920898
0.049743652 0.14620972 -0.06581116
0.039352417 0.09794617 -0.037094116
0.13464355 0.13032532 -0.12506104
0.2971344 0.25004578 -0.19897461
0.37594604 0.13764954 -0.19836426
0.23788452 -0.110961914 -0.20507812
-0.1665039 -0.5257416 -0.20080566
-0.6765747 -0.778656 -0.16720581
-0.9374237 -0.36997986 -0.2441864
-0.7572174 0.32824707 -0.32603455
-0.3796997 0.82121277 -0.23257446
-0.0834198 1.0087585 -0.08352661
0.12059021 0.7595215 0.12538147
0.17007446 0.12666321 0.19563293
0.023468018 -0.4200592 -0.07984924
-0.20742798 -0.47625732 -0.44577026
-0.27523804 -0.24229431 -0.5056305
-0.06692505 -0.01689148 -0.29367065
0.20855713 0.26593018 -0.15377808
0.34539795 0.40092468 -0.19226074
0.3435669 0.3062439 -0.23991394
0.24215698 0.13214111 -0.24784851
0.094329834 -0.015060425 -0.15805054
0.027740479 -0.08958435 -0.030380249
0.08456421 0.020355225 0.028869629
0.21406555 0.18713379 0.02520752
0.3918152 0.18041992 -0.015716553
0.5091095 0.008148193 -0.03831482
0.503006 -0.26368713 0.0032196045
0.30508423 -0.42190552 0.091781616
0.0002746582 -0.21481323 0.095443726
-0.1823883 0.07044983 0.035598755
-0.131073 -0.03643799 0.016662598
0.035079956 -0.21420288 0.05757141
0.22077942 -0.31866455 0.14981079
0.19085693 -0.17572021 0.17791748
-0.0846405 0.004470825 0.087509155
-0.3491516 -0.48054504 0.06185913
-0.4139099 -0.6845703 0.12110901
-0.2471466 -0.15739441 0.15837097
-0.01928711 0.3019867 0.25
0.03201294 0.34230042 0.43876648
-0.008285522 0.1413269 0.47357178
-0.0834198 -0.14151001 0.32208252
-0.1616211 -0.2691803 0.15898132
-0.21903992 -0.18855286 0.13943481
-0.21965027 -0.12194824 0.170578
-0.13902283 -0.16349792 0.12416077
0.007598877 -0.19099426 0.04170227
0.11999512 -0.030334473 -0.021820068
0.06072998 0.20118713 -0.056030273
-0.14024353 0.3050232 0.0062713623
-0.30578613 0.2543335 0.14187622
-0.30334473 0.116882324 0.22007751
-0.117630005 0.024032593 0.18157959
0.1169281 0.088775635 0.10095215
0.24398804 0.16758728 0.0178833
0.20794678 0.12359619 -0.056030273
0.06561279 0.060684204 -0.13545227
-0.098083496 0.09977722 -0.1928711
-0.16038513 0.18896484 -0.14338684
-0.06692505 0.20179749 0.00016784668
0.1352539 0.14498901 0.107666016
0.33866882 0.20301819 0.075302124
0.4248047 0.42536926 -0.0053253174
0.38754272 0.68193054 0.022155762
0.25682068 0.4492035 0.12782288
0.13342285 0.22073364 0.15348816
0.035690308 0.1455841 0.07833862
-0.12924194 0.03074646 -0.028549194
-0.31311035 -0.09629822 -0.13056946
-0.34243774 -0.10118103 -0.108566284
-0.046157837 0.14865112 0.003829956
0.27514648 0.36184692 0.17242432
0.360672 0.1407013 0.2988739
0.2989807 -0.2581787 0.21212769
0.15724182 -0.56178284 0.00077819824
-0.03578186 -0.6454773 -0.24295044
-0.19337463 -0.5904999 -0.3901825
-0.19644165 -0.24229431 -0.38957214
-0.0052337646 0.13214111 -0.2625122
0.12243652 0.24882507 -0.13423157
-0.07243347 0.08023071 0.006881714
-0.17567444 -0.054153442 0.111328125
-0.15550232 -0.08163452 0.03437805
-0.109069824 -0.038879395 -0.101242065
-0.07243347 0.041748047 -0.10551453
-0.07670593 0.09611511 -0.028549194
-0.1457367 0.064956665 0.027038574
-0.20254517 -0.02848816 0.042312622
-0.14634705 -0.018722534 0.006881714
-0.03517151 0.060684204 -0.025497437
0.06011963 0.052734375 -0.010223389
0.10838318 -0.0004119873 -0.01083374
0.11021423 -0.09814453 0.008102417
0.10348511 0.00021362305 0.107666016
-0.017456055 -0.04559326 0.16325378
-0.14328003 -0.16716003 0.119277954
-0.21903992 0.044799805 0.02520752
-0.30700684 0.0014343262 -0.04626465
-0.32104492 -0.12562561 -0.0132751465
-0.20437622 -0.12867737 0.048416138
-0.040664673 -0.01689148 0.20541382
0.09799194 0.06251526 0.3483429
0.20428467 0.11932373 0.35568237
0.22383118 0.124816895 0.2695465
0.13891602 0.056411743 0.17791748
0.006378174 -0.06576538 0.19746399
-0.054718018 -0.2361908 0.2842102
0.059509277 -0.322937 0.2817688
0.23666382 -0.08653259 0.1687622
0.22810364 0.09855652 0.048416138
0.12547302 0.18713379 0.01361084
0.01612854 0.20240784 0.05026245
-0.117630005 0.11503601 0.1308899
-0.17138672 0.072906494 0.1492157
-0.12557983 0.10221863 0.134552
-0.06448364 0.08206177 0.13026428
-0.015014648 -0.033996582 0.0868988
0.07173157 -0.17999268 0.019714355
0.1633606 -0.16044617 -0.0010528564
0.15420532 -0.029724121 -0.021209717
0.02835083 0.097335815 -0.03404236
-0.106033325 0.038085938 -0.057861328
-0.08892822 -0.16960144 -0.14949036
0.022857666 -0.16960144 -0.2087555
0.14135742 0.03074646 -0.228302
0.1670227 0.16880798 -0.20385742
0.16885376 0.12237549 -0.18675232
0.018585205 -0.30644226 -0.19897461
-0.056549072 -0.6381378 -0.1769867
0.15786743 -0.47932434 -0.16171265
0.2305603 -0.17510986 -0.11773682
0.030792236 -0.031555176 -0.09207153
-0.2587433 -0.03765869 -0.24967957
-0.53302 -0.0730896 -0.5178528
-0.6203766 0.02708435 -0.56733704
-0.4230652 0.21278381 -0.34803772
-0.060821533 0.389328 -0.05848694
0.27453613 0.33190918 0.050857544
0.3753357 -0.10424805 -0.07008362
0.22627258 -0.594162 -0.22158813
-0.06387329 -0.7267151 -0.25395203
-0.23858643 -0.4310608 -0.33947754
-0.28379822 -0.0572052 -0.46531677
-0.28683472 0.061294556 -0.4543152
-0.27095032 -0.33392334 -0.3284912
-0.022949219 -0.5428467 -0.19958496
0.28981018 -0.26184082 -0.07069397
0.27392578 0.11932373 -0.04748535
-0.06265259 0.3832245 -0.16905212
-0.3943634 0.38505554 -0.27166748
-0.42001343 0.21461487 -0.25395203
-0.2453003 -0.02116394 -0.13116455
-0.17321777 -0.18487549 0.020935059
-0.21720886 -0.29238892 0.083236694
-0.20742798 -0.25634766 0.030715942
0.043014526 0.09794617 -0.14216614
0.38449097 0.31297302 -0.37857056
0.7381897 0.35694885 -0.5373993
0.7699585 0.4681244 -0.525177
0.123031616 0.5365448 -0.25823975
-1.0198975 0.66482544 -0.07803345
-1.9087067 0.79434204 0.062469482
-1.8897705 0.45591736 0.27198792
-1.0815887 -0.08409119 0.33674622
-0.20925903 -0.19038391 0.13760376
0.25865173 -0.14578247 -0.113464355
0.1169281 -0.5098572 -0.2295227
-0.19766235 -0.69984436 -0.22584534
-0.2843933 -0.9228058 -0.05908203
-0.1164093 -0.8702698 0.062469482
0.018585205 -0.5575104 -0.032821655
0.049743652 -0.41029358 -0.06825256
-0.016830444 0.060684204 0.11254883
-0.034561157 0.017318726 0.048416138
-0.033340454 0.113220215 -0.0053253174
0.037521362 0.3673401 -0.020599365
-0.026000977 0.4308777 -0.01449585
-0.2514038 0.36795044 -0.025497437
-0.5024872 0.28120422 -0.062149048
-0.65763855 0.3209076 -0.14399719
-0.5281372 0.16819763 -0.23440552
-0.27279663 -0.23313904 -0.21302795
-0.022338867 -0.5581207 -0.11405945
0.20550537 -0.6210327 -0.08352661
0.21894836 -0.5794983 -0.09329224
0.011245728 -0.41822815 -0.076812744
-0.16038513 -0.23924255 -0.09329224
-0.12251282 -0.19587708 -0.11224365
0.022857666 -0.32781982 -0.109176636
0.123031616 -0.42616272 -0.13423157
0.13710022 -0.38401794 -0.12445068
0.11999512 -0.24229431 -0.09269714
0.110824585 0.045410156 -0.076812744
0.16519165 0.22561646 0.024597168
0.18534851 0.33984375 0.10827637
0.114486694 0.34535217 0.1717987
0.06561279 0.42781067 0.13394165
0.1157074 0.47729492 0.002609253
0.12547302 0.24333191 -0.12261963
0.09310913 0.06739807 -0.11102295
0.05645752 0.05517578 0.0019989014
-0.046157837 0.18591309 0.04170227
-0.10296631 0.14680481 0.008102417
-0.089523315 -0.14639282 -0.015106201
-0.12617493 -0.28689575 -0.07130432
-0.1005249 -0.19831848 -0.1818695
-0.028442383 -0.08592224 -0.22525024
0.033233643 0.011810303 -0.24723816
0.06867981 0.058242798 -0.24172974
0.025909424 0.15048218 -0.19042969
-0.016235352 0.16636658 -0.12628174
-0.0040130615 0.12298584 -0.08657837
0.0014953613 0.0741272 -0.08718872
0.021026611 0.06983948 -0.08291626
0.030197144 0.07350159 -0.06518555
0.027740479 0.072280884 -0.04626465
-0.00340271 0.08694458 -0.028549194
0.0014953613 0.06678772 -0.013885498
0.030792236 0.08389282 0.00016784668
0.03201294 0.020980835 0.02949524
0.04484558 -0.030334473 0.07589722
-0.006454468 0.0008087158 0.09484863
-0.065093994 0.044799805 0.10095215
-0.113357544 0.08572388 0.08140564
-0.054107666 0.06617737 0.099731445
0.000869751 0.017318726 0.12599182
-0.015014648 0.015472412 0.14370728
-0.040664673 0.057022095 0.1638794
-0.018066406 0.0912323 0.15348816
0.02897644 0.07167053 0.13943481
0.050338745 0.036865234 0.15837097
0.055236816 0.05885315 0.14553833
0.11143494 0.19384766 0.1003418
0.1804657 0.21705627 0.06430054
0.15357971 0.13459778 0.040481567
0.061950684 0.10649109 0.019104004
0.038742065 0.0753479 0.019714355
0.070510864 0.05029297 0.02520752
0.1157074 0.07044983 0.031936646
0.12609863 0.12666321 0.023986816
0.09371948 0.14009094 0.0178833
0.06929016 0.16087341 0.009933472
0.06744385 0.15231323 -0.0132751465
0.035690308 0.06251526 -0.01876831
0.000869751 -0.004058838 -0.01449585
-0.009506226 -0.047439575 -0.024871826
0.014312744 -0.059646606 -0.025497437
0.04057312 -0.05781555 -0.032211304
0.022857666 -0.11218262 -0.027328491
0.002090454 -0.15249634 -0.016937256
-0.005844116 -0.098739624 -0.02243042
-0.0015716553 -0.022384644 -0.025497437
0.0069732666 -0.017501831 -0.019378662
0.006378174 -0.03643799 -0.021209717
0.018585205 0.018539429 -0.029769897
0.03996277 0.016693115 -0.05053711
0.034469604 -0.01689148 -0.04626465
0.025909424 0.0038757324 -0.019378662
0.027740479 0.020355225 -0.016326904
0.014312744 0.04296875 -0.018157959
0.0039367676 0.04296875 -0.015106201
0.037521362 0.04724121 -0.0028839111
0.05218506 0.033798218 0.016052246
0.017364502 -0.0059051514 0.043533325
-0.0052337646 -0.019943237 0.038650513
0.049118042 0.044189453 0.01361084
0.050338745 0.058242798 0.019714355
0.038742065 0.036865234 0.02949524
0.033233643 0.0105896 0.040481567
0.04852295 0.017913818 0.05026245
0.046066284 0.033187866 0.06674194
0.057678223 0.0912323 0.062469482
0.09555054 0.17674255 0.04170227
0.12547302 0.18530273 0.030090332
0.09616089 0.11871338 0.027648926
0.051574707 0.041137695 0.023986816
0.030197144 -0.019332886 0.023376465
0.030792236 0.003250122 0.014221191
0.06561279 0.045410156 -0.0022735596
0.07783508 0.052124023 -0.016326904
0.04057312 0.024032593 -0.0028839111
0.011871338 -0.0101623535 0.0074920654
0.03263855 0.014862061 0.0056610107
0.058898926 0.035629272 0.005050659
0.06500244 0.008758545 0.016052246
0.061340332 0.021575928 0.011764526
0.051574707 0.060684204 0.0044403076
0.049118042 0.08389282 -0.001663208
0.04118347 0.07839966 0.003829956
0.030197144 0.05456543 0.019104004
0.007598877 -0.018112183 0.027648926
-0.02355957 -0.059646606 0.023986816
-0.013793945 -0.048049927 0.005050659
0.012466431 -0.0077209473 -0.01083374
0.022247314 -0.019943237 -0.012664795
0.010650635 -0.046829224 -0.010223389
0.0069732666 -0.054763794 -0.0041046143
0.002090454 -0.050491333 -0.012054443
0.012466431 -0.027267456 -0.010223389
0.02468872 -0.04071045 -0.009613037
0.014907837 -0.033996582 -0.011444092
0.03201294 0.008148193 -0.011444092
0.055236816 0.044189453 -0.005935669
0.054626465 0.049682617 0.0019989014
0.06072998 0.056411743 -0.005935669
0.07783508 0.05090332 -0.015716553
0.08149719 0.061294556 -0.010223389
0.05706787 0.061294556 -0.0053253174
0.04423523 0.013641357 0.0013885498
0.01675415 -0.014450073 0.0129852295
-0.018066406 -0.011383057 0.022155762
-0.022338867 -0.009567261 0.014831543
0.0033111572 -0.019332886 0.00932312
0.011245728 -0.04559326 0.016052246
0.013092041 -0.046829224 0.023986816
0.02897644 0.019134521 0.01727295
-0.0027923584 0.025863647 0.016052246
-0.010726929 0.0069274902 0.011764526
0.008804321 0.03501892 0.0013885498
0.0057525635 0.040527344 0.0062713623
0.0033111572 0.053344727 0.014831543
0.030792236 0.064956665 0.019104004
0.021636963 0.03501892 0.0129852295
0.0082092285 0.03074646 0.008102417
0.023468018 0.064956665 0.002609253
0.03201294 0.08816528 -0.0028839111
0.02835083 0.05090332 0.0062713623
0.010650635 0.038085938 0.02154541
0.03263855 0.041748047 0.031936646
0.045455933 0.05029297 0.019104004
0.04118347 0.057632446 0.0013885498
0.043624878 0.016082764 -0.0132751465
0.03996277 0.008758545 -0.027328491
0.04423523 0.0026550293 -0.016937256
0.033233643 -0.02482605 -0.009613037
0.011871338 -0.022384644 -0.011444092
0.0045318604 -0.022384644 -0.015106201
0.014907837 -0.015060425 -0.01876831
0.019805908 -0.0077209473 -0.025497437
0.025909424 -0.01322937 -0.02305603
0.01612854 -0.021774292 -0.024871826
0.0045318604 -0.032165527 -0.020599365
0.010025024 -0.030944824 -0.015106201
0.0045318604 -0.024230957 -0.015716553
0.010025024 -0.026672363 -0.009002686
0.007598877 -0.0034484863 -0.008392334
0.0002746582 -0.0046844482 -0.018157959
0.0014953613 0.007537842 -0.0010528564
-0.0052337646 0.028915405 0.0019989014
0.006378174 0.013031006 -0.018157959
0.014907837 0.016082764 -0.019989014
0.0051574707 0.03074646 0.00077819824
-0.0015716553 0.014251709 0.014831543
-0.010726929 -0.01689148 0.027038574
-0.029052734 -0.029724121 0.04963684
-0.04005432 -0.051101685 0.04475403
-0.03944397 -0.087753296 0.009933472
-0.0070648193 -0.038269043 -0.0132751465
0.0039367676 -0.046218872 -0.018157959
-0.004623413 -0.062698364 -0.017547607
-0.008895874 -0.038879395 -0.019989014
0.0051574707 -0.00894165 -0.029159546
0.014312744 -0.0004119873 -0.028549194
0.02407837 0.032577515 -0.0034942627
0.0014953613 0.036239624 0.0044403076
-0.030883789 -0.055374146 -0.007171631
-0.01133728 -0.06637573 -0.01083374
0.0082092285 -0.03704834 -0.017547607
0.019805908 -0.0022277832 -0.01083374
0.02835083 0.03074646 -0.0053253174
0.019805908 -0.004058838 -0.011444092
0.010025024 -0.027267456 -0.007171631
0.017364502 -0.035217285 0.002609253
0.015533447 -0.03277588 0.008712769
0.0069732666 0.0038757324 0.0074920654
0.011871338 -0.0034484863 0.01361084
-0.0015716553 -0.011383057 0.027648926
-0.0021820068 -0.016281128 0.03742981
0.015533447 0.016693115 0.031311035
0.038742065 0.06983948 0.023376465
0.04789734 0.07839966 0.020324707
0.043624878 0.051513672 0.024597168
0.031417847 0.008758545 0.036209106
0.022857666 0.013031006 0.02949524
0.02897644 0.018539429 0.014831543
0.022247314 0.019134521 0.010543823
0.013092041 0.02281189 0.014831543
0.010650635 0.005706787 0.02520752
0.009429932 -0.006500244 0.025817871
0.014312744 -0.011383057 0.027038574
0.014312744 0.018539429 0.019714355
0.02407837 0.048461914 0.010543823
0.02468872 0.044799805 0.0032196045
0.01675415 0.039916992 -0.0010528564
0.013687134 0.037460327 -0.0034942627
0.034469604 0.03930664 -0.0022735596
0.045455933 0.0093688965 0.006881714
0.018585205 -0.015670776 0.012390137
-0.009506226 -0.02545166 0.014831543
-0.0040130615 -0.0010070801 0.0062713623
0.007598877 0.023422241 -0.0010528564
0.011871338 0.030136108 0.003829956
0.014907837 0.032577515 0.009933472
0.03630066 0.029525757 0.008102417
0.031417847 0.020980835 0.0154418945
0.002090454 0.005706787 0.031936646
0.0051574707 0.00021362305 0.03315735
0.02468872 -0.012619019 0.022155762
0.017974854 -0.019943237 0.014221191
0.0082092285 -0.0016326904 0.010543823
0.012466431 0.0069274902 0.008102417
0.029571533 0.028915405 0.0062713623
0.04789734 0.0435791 0.002609253
0.033859253 0.018539429 0.005050659
0.033859253 -0.019332886 0.0062713623
0.030792236 -0.02911377 0.005050659
0.039352417 -0.010787964 0.008102417
0.03996277 0.00021362305 0.0062713623
0.025909424 0.030136108 0.00016784668
0.038131714 0.041748047 0.0032196045
0.02468872 0.03135681 -0.001663208
-0.008285522 0.0093688965 0.0013885498
-0.0052337646 -0.01322937 0.00077819824
0.014312744 -0.01322937 -0.010223389
0.01675415 -0.006500244 -0.013885498
0.0057525635 -0.0059051514 -0.016937256
0.011871338 0.00021362305 -0.02305603
0.008804321 0.0008087158 -0.02243042
-0.0040130615 -0.004058838 -0.016326904
-0.007675171 -0.01322937 -0.009002686
-0.008285522 -0.021774292 0.0032196045
0.0002746582 -0.024230957 0.008712769
0.019195557 -0.014450073 0.014221191
0.030792236 -0.0016326904 -0.00044250488
0.030197144 0.008148193 0.0013885498
0.038131714 0.0105896 -0.00044250488
0.04484558 0.0014343262 0.0019989014
0.029571533 -0.0004119873 0.0044403076
0.022857666 -0.0101623535 0.003829956
0.025909424 0.0026550293 0.0013885498
0.022247314 -0.011383057 0.009933472
0.021636963 -0.035827637 0.023376465
0.021026611 -0.033996582 0.022766113
0.033233643 -0.011383057 0.006881714
0.043014526 -0.0010070801 -0.00044250488
0.033233643 -0.004058838 0.0013885498
0.047286987 -0.015670776 0.005050659
0.06072998 -0.006500244 0.003829956
0.06439209 0.0063171387 0.005050659
0.041793823 0.003250122 0.0019989014
-0.0015716553 -0.024230957 0.003829956
-0.0027923584 0.0093688965 0.0129852295
-0.00340271 0.029525757 0.014221191
0.007598877 0.02281189 0.016662598
0.021636963 0.017913818 0.020324707
0.02041626 0.008148193 0.01727295
0.009429932 -0.009567261 0.0178833
0.01612854 -0.0004119873 0.0056610107
0.01612854 0.022201538 0.00016784668
0.014907837 0.020355225 0.00016784668
0.0051574707 0.023422241 0.002609253
0.0082092285 0.005706787 0.010543823
0.026519775 0.0069274902 0.008712769
0.033233643 0.020355225 0.003829956
0.029571533 0.0093688965 0.008712769
0.01612854 0.0038757324 0.011169434
0.02897644 0.002029419 0.010543823
0.051574707 -0.0034484863 0.011764526
0.06990051 0.012420654 0.0013885498
0.06806946 0.017913818 -0.00044250488
0.050964355 0.004470825 0.012390137
0.04423523 -0.019943237 0.016662598
0.042404175 -0.015060425 0.0019989014
0.043624878 -0.0046844482 0.00016784668
0.039352417 -0.0059051514 0.0044403076
0.025909424 0.0105896 -0.00044250488
0.015533447 0.024032593 -0.004714966
0.011871338 0.011199951 0.00077819824
0.017364502 0.014862061 0.009933472
0.038742065 0.04724121 0.016052246
0.027740479 0.05456543 0.01361084
0.009429932 0.028305054 0.002609253
0.014907837 0.013031006 -0.0053253174
0.013092041 0.024642944 -0.01083374
0.0051574707 0.021575928 0.00016784668
-0.012573242 0.0038757324 0.016052246
-0.006454468 0.0069274902 0.00932312
0.02041626 -0.009567261 -0.011444092
0.03996277 -0.01322937 -0.005935669
0.019805908 -0.0071258545 -0.001663208
0.0033111572 -0.04559326 0.005050659
-0.008285522 -0.054153442 0.005050659
-0.0027923584 -0.0413208 -0.00044250488
0.010025024 -0.02848816 -0.005935669
0.02835083 -0.015060425 -0.009002686
0.03630066 -0.011383057 -0.001663208
0.022857666 -0.006500244 0.006881714
0.019195557 0.024032593 0.018493652
0.02897644 0.052734375 0.014221191
0.04118347 0.07595825 -0.009002686
0.055236816 0.08938599 -0.02671814
0.04852295 0.049072266 -0.012664795
0.026519775 -0.014450073 -0.010223389
0.011871338 -0.021774292 -0.009002686
0.031417847 0.002029419 -0.015106201
0.051574707 0.025253296 -0.023651123
0.055847168 0.036239624 -0.026107788
0.038742065 0.029525757 -0.015716553
0.023468018 0.0069274902 -0.012664795
0.03630066 0.00021362305 -0.01449585
0.046066284 -0.013839722 -0.010223389
0.02407837 0.0014343262 -0.0028839111
0.0069732666 0.028305054 0.003829956
0.002090454 0.011810303 0.00077819824
-0.0009613037 0.0063171387 -0.0028839111
-0.006454468 0.0014343262 0.002609253
-0.015609741 0.00021362305 0.003829956
0.0045318604 0.015472412 -0.001663208
0.009429932 0.013031006 -0.0010528564
0.0039367676 0.0026550293 0.0013885498
0.0051574707 -0.0016326904 0.0019989014
-0.006454468 -0.0010070801 0.0032196045
0.011245728 0.020980835 0.005050659
0.015533447 0.017913818 0.0019989014
0.013687134 -0.022384644 0.0032196045
0.019195557 -0.05659485 0.0062713623
0.022247314 -0.05293274 0.0032196045
0.009429932 -0.05354309 0.008102417
0.0027160645 -0.035827637 0.0074920654
0.0057525635 -0.0022277832 -0.0041046143
0.02041626 0.02708435 -0.005935669
0.025299072 0.017913818 -0.0077819824
0.011245728 -0.030944824 -0.01449585
0.0039367676 -0.074920654 -0.007171631
0.0002746582 -0.06454468 -0.009002686
0.030792236 -0.0572052 -0.019989014
0.09005737 -0.038879395 -0.04319763
0.17619324 0.008148193 -0.08413696
0.1951294 0.046020508 -0.09024048
0.094940186 0.002029419 -0.03831482
-0.013793945 -0.13235474 0.0019989014
-0.02722168 -0.19831848 -0.008392334
0.050964355 -0.07064819 -0.026107788
0.051574707 -0.074920654 -0.032211304
0.033859253 -0.14089966 -0.033432007
0.017974854 -0.17755127 -0.040161133
0.02897644 -0.14761353 -0.048706055
0.04852295 -0.11828613 -0.037094116
0.02468872 -0.14700317 -0.035873413
0.021026611 -0.15127563 -0.03404236
0.054016113 -0.107299805 -0.041381836
0.08761597 -0.026672363 -0.05419922
0.082107544 -0.027267456 -0.033432007
0.033859253 -0.09692383 -0.020599365
0.02468872 -0.14578247 -0.027328491
0.07173157 -0.110961914 -0.06825256
0.14442444 -0.02116394 -0.104904175
0.18778992 0.016082764 -0.11224365
0.14686584 0.0026550293 -0.101242065
0.08149719 -0.06454468 -0.07559204
0.035690308 -0.11828613 -0.06274414
0.04789734 -0.09446716 -0.06581116
0.14930725 -0.035827637 -0.09635925
0.21955872 0.017913818 -0.13850403
0.1975708 0.03868103 -0.12017822
0.13098145 0.004470825 -0.06947327
0.07234192 -0.059036255 -0.036483765
0.04118347 -0.071258545 -0.011444092
0.051574707 -0.087142944 -0.017547607
0.08149719 -0.06454468 -0.03404236
0.12243652 0.02708435 -0.049316406
0.1303711 0.05029297 -0.053588867
0.082107544 0.02708435 -0.037704468
0.039352417 0.00021362305 -0.019378662
0.082107544 0.023422241 -0.03465271
0.17802429 0.1242218 -0.04748535
0.22627258 0.18652344 -0.03831482
0.1829071 0.13642883 -0.01876831
0.090667725 0.05885315 0.01727295
0.049743652 0.03868103 0.040481567
0.07966614 0.064956665 0.034988403
0.09310913 0.13032532 0.048416138
0.09921265 0.15414429 0.056350708
0.11143494 0.13154602 0.039871216
0.090667725 0.07778931 0.0337677
0.06072998 0.0765686 0.039260864
0.049118042 0.06678772 0.030715942
0.06011963 0.028305054 0.011764526
0.09738159 0.057022095 0.0019989014
0.12487793 0.12054443 -0.015106201
0.10470581 0.12298584 -0.0053253174
0.022857666 0.053955078 0.031311035
-0.016830444 0.002029419 0.036819458
-0.010116577 0.013641357 0.03437805
-0.013793945 0.0435791 0.023376465
0.030792236 0.03930664 -0.0022735596
0.082107544 0.03440857 -0.03404236
0.05706787 0.020980835 -0.02671814
-0.0027923584 0.013031006 -0.0065612793
-0.0027923584 0.037460327 -0.0034942627
0.041793823 0.03501892 -0.010223389
0.03996277 0.0105896 -0.001663208
-0.026611328 -0.05293274 0.024597168
-0.07060242 -0.15005493 0.043533325
-0.060821533 -0.059646606 0.04537964
-0.041885376 0.13214111 0.05697632
0.03201294 0.23600769 0.052078247
0.13220215 0.2384491 0.062469482
0.15480042 0.15414429 0.05697632
0.14013672 0.07044983 0.04660034
0.14930725 0.020355225 0.0539093
0.1829071 0.0753479 0.022766113
0.25498962 0.121154785 -0.011444092
0.34783936 0.07472229 -0.025497437
0.3496704 -0.012008667 -0.039535522
0.23544312 -0.06820679 -0.043823242
0.10166931 -0.08409119 0.005050659
0.017974854 -0.10852051 0.04475403
-0.0040130615 -0.103027344 0.052703857
0.011871338 -0.03338623 0.02949524
0.0014953613 0.013641357 0.022766113
-0.048599243 -0.033996582 0.025817871
-0.07548523 -0.09692383 0.01361084
-0.042495728 -0.10913086 -0.011444092
-0.008285522 -0.02545166 -0.028549194
0.0002746582 0.028915405 -0.01083374
-0.00340271 -0.015060425 -0.013885498
-0.016830444 -0.06576538 -0.01449585
-0.018066406 -0.071258545 -0.0132751465
0.0057525635 -0.027267456 -0.012054443
0.033859253 0.040527344 -0.019989014
0.031417847 0.05517578 -0.02305603
0.0045318604 0.019134521 -0.008392334
-0.0021820068 -0.004058838 -0.005935669
0.014312744 -0.019943237 -0.0053253174
-0.014389038 -0.031555176 -0.015716553
-0.0021820068 0.018539429 -0.018157959
0.000869751 0.038085938 -0.016326904
-0.03149414 -0.03765869 -0.01449585
-0.061431885 -0.107299805 -0.0132751465
-0.0663147 -0.11218262 -0.0010528564
-0.03944397 -0.04927063 0.00016784668
-0.030273438 -0.022384644 -0.0041046143
-0.07182312 -0.04071045 -0.0034942627
-0.08770752 -0.03643799 0.011169434
-0.077926636 -0.035217285 0.019104004
-0.07975769 -0.07247925 0.010543823
-0.0675354 -0.095687866 0.0056610107
-0.050430298 -0.06881714 0.00016784668
-0.04798889 -0.046218872 -0.01083374
-0.032714844 -0.029724121 -0.018157959
0.0033111572 0.011199951 -0.024276733
0.019805908 0.025253296 -0.028549194
-0.017456055 -0.0059051514 -0.011444092
-0.07426453 -0.06515503 0.014221191
-0.106033325 -0.10852051 0.028274536
-0.07487488 -0.15005493 0.0013885498
0.0082092285 -0.1060791 -0.025497437
0.025909424 0.025863647 -0.016937256
-0.016830444 0.033187866 0.00016784668
-0.0015716553 -0.015060425 0.010543823
0.017974854 -0.01689148 0.014221191
-0.018676758 -0.01689148 0.03315735
-0.053497314 -0.03765869 0.038650513
-0.024169922 0.024642944 0.0337677
0.043014526 0.13092041 0.031311035
0.058898926 0.12176514 0.02520752
0.0045318604 0.019134521 0.038650513
-0.042495728 -0.046218872 0.04597473
-0.04005432 -0.014450073 0.038650513
-0.0015716553 0.057632446 0.030715942
0.03630066 0.08938599 0.022766113
0.046066284 0.03135681 0.023376465
0.018585205 -0.019332886 0.027038574
-0.0021820068 -0.030334473 0.036819458
0.0002746582 0.011810303 0.05026245
-0.006454468 0.018539429 0.06674194
-0.010726929 0.0014343262 0.060012817
0.013687134 0.021575928 0.059417725
0.017974854 0.04663086 0.07284546
-0.00340271 -0.0071258545 0.091171265
-0.018676758 -0.022384644 0.09422302
0.0002746582 0.032577515 0.1003418
-0.0015716553 0.04663086 0.111328125
-0.015014648 0.02708435 0.1308899
-0.006454468 0.026473999 0.14677429
-0.014389038 0.018539429 0.14859009
-0.026000977 0.037460327 0.1669159
-0.027832031 0.09855652 0.18952942
-0.046157837 0.12054443 0.1693573
-0.024780273 0.12298584 0.16142273
-0.005844116 0.124816895 0.17913818
-0.017456055 0.14743042 0.18952942
-0.019897461 0.1614685 0.22679138
-0.04310608 0.093048096 0.2536621
-0.060821533 0.060684204 0.2622223
-0.033340454 0.15414429 0.2781067
-0.021118164 0.18652344 0.29704285
-0.040664673 0.16331482 0.3147583
-0.065704346 0.1431427 0.3630066
-0.090148926 0.12666321 0.39111328
-0.097473145 0.16453552 0.4143219
-0.12069702 0.19689941 0.45220947
-0.15794373 0.21705627 0.45524597
-0.17811584 0.20118713 0.46990967
-0.22148132 0.18591309 0.4778595
-0.24346924 0.20118713 0.4772339
-0.22087097 0.21890259 0.4754181
-0.2300415 0.20240784 0.49801636
-0.27095032 0.17063904 0.5090027
-0.26913452 0.19018555 0.5413971
-0.27645874 0.18896484 0.59513855
-0.31677246 0.08023071 0.64767456
-0.3577118 0.0014343262 0.7106018
-0.36564636 0.028305054 0.755188
-0.3589325 0.08755493 0.77168274
-0.3454895 0.15719604 0.821167
-0.30393982 0.13825989 0.87797546
-0.28623962 0.08938599 0.9115753
-0.33999634 0.1749115 1.0019836
-0.42367554 0.26104736 1.1247711
-0.39863586 0.2866974 1.1675262
-0.2648468 0.3991089 1.1699677
-0.18421936 0.5102844 1.197464
-0.20132446 0.51394653 1.2469482
-0.22514343 0.34106445 1.2842102
-0.18666077 0.16513062 1.2701569
-0.00035095215 0.31602478 1.1925812
0.03263855 0.21583557 1.0710144
0.11326599 0.2421112 1.1962433
0.066833496 0.22866821 1.2432861
-0.022338867 0.12788391 1.273819
-0.022338867 0.15109253 1.2799377
0.07722473 0.2909851 1.2646484
0.21528625 0.350235 1.2316742
0.24581909 0.3514557 1.1956329
0.19573975 0.3093109 1.2151794
0.11753845 0.3062439 1.287262
0.03630066 0.41070557 1.3538513
0.058898926 0.5267792 1.3715515
0.18595886 0.5622101 1.3245239
0.27270508 0.49317932 1.2878723
0.2922516 0.3734436 1.3104706
0.25315857 0.2702179 1.3165894
0.25682068 0.22805786 1.3000793
0.30264282 0.21156311 1.3043671
0.2806549 0.19934082 1.3104706
0.2134552 0.24943542 1.3489532
0.20672607 0.41314697 1.4381561
0.25926208 0.545105 1.5053406
0.36982727 0.51760864 1.483963
0.34661865 0.35816956 1.4473114
0.13647461 0.18347168 1.443634
-0.03578186 0.20606995 1.4302063
0.010025024 0.48034668 1.4369202
0.21406555 0.65567017 1.421051
0.39915466 0.5261688 1.3104706
0.41503906 0.27815247 1.2279968
0.21099854 0.17857361 1.1882935
0.033859253 0.2934265 1.1400452
0.1169281 0.6294098 1.1174316
0.2836914 0.8896332 1.0844421
0.38876343 0.8731384 1.0465698
0.32096863 0.83465576 1.017868
0.17802429 0.8059387 0.94088745
0.08088684 0.6776581 0.9134064
-0.022949219 0.47485352 0.89141846
-0.08036804 0.23171997 0.84132385
-0.04371643 0.09182739 0.83032227
0.0051574707 0.09489441 0.84254456
-0.036392212 0.2421112 0.8187256
-0.109695435 0.441864 0.7722931
-0.14083862 0.597641 0.7264862
-0.11274719 0.71247864 0.6751709
0.02897644 0.66604614 0.65867615
0.08944702 0.5261688 0.6617279
0.012466431 0.4846344 0.64767456
-0.105407715 0.5194397 0.6409607
-0.1652832 0.5774689 0.60736084
-0.121917725 0.48095703 0.53100586
-0.0052337646 0.46385193 0.46258545
0.16763306 0.6153412 0.4473114
0.30569458 0.73568726 0.4424286
0.3667755 0.7485199 0.3996582
0.27941895 0.52311707 0.35568237
-0.049819946 0.18101501 0.32330322
-0.4126892 -0.04927063 0.2976532
-0.61183167 -0.13783264 0.25
-0.5843353 -0.04988098 0.18586731
-0.3625946 0.15475464 0.10949707
-0.07426453 0.18713379 0.09851074
0.07783508 0.112594604 0.21395874
0.01612854 -0.16656494 0.39172363
-0.23492432 -0.47381592 0.48823547
-0.4597168 -0.49887085 0.3984375
-0.45666504 -0.34248352 0.276886
-0.2648468 -0.2361908 0.20724487
-0.2636261 -0.31134033 0.19258118
-0.4328308 -0.28689575 0.23899841
-0.6252594 -0.103027344 0.21763611
-0.6668091 0.15719604 0.1027832
-0.49942017 0.44552612 -0.0309906
-0.19398499 0.5524292 -0.07496643
0.11265564 0.6086426 -0.04319763
0.3252411 0.7301941 -0.049926758
0.40586853 0.55426025 -0.064590454
0.40464783 0.3038025 -0.032211304
0.31608582 0.1907959 -0.027938843
0.13342285 0.1113739 -0.049926758
-0.09259033 -0.010787964 -0.044418335
-0.197052 0.039916992 -0.040161133
-0.07304382 0.1590271 -0.09269714
0.09188843 0.07350159 -0.088409424
0.1499176 -0.15371704 -0.01876831
0.082717896 -0.12989807 -0.023651123
0.0069732666 -0.02116394 -0.03831482
0.03201294 0.069229126 -0.045639038
0.12425232 0.13703918 -0.07803345
0.12976074 0.011810303 -0.07496643
0.082107544 -0.110961914 -0.056030273
0.11021423 0.051513672 -0.084747314
0.1010437 0.07167053 -0.072525024
0.10899353 -0.035827637 -0.049926758
0.09738159 -0.18548584 -0.028549194
0.066223145 -0.26979065 0.0019989014
0.002090454 -0.21420288 0.024597168
-0.18055725 -0.018722534 0.023986816
-0.4328308 0.27876282 0.079574585
-0.5941162 0.545105 0.14431763
-0.37174988 0.38200378 0.15653992
0.15174866 -0.19831848 0.15409851
0.40037537 -0.53125 0.14004517
0.33441162 -0.37303162 0.11193848
0.19207764 0.16268921 0.022155762
0.0002746582 0.66911316 0.016662598
-0.3076172 0.5487671 0.091781616
-0.4603424 0.11810303 0.1693573
-0.25386047 -0.13113403 0.25061035
-0.011947632 -0.04071045 0.24694824
0.058288574 -0.00894165 0.1828003
-0.017456055 -0.17572021 0.19563293
0.021026611 -0.19038391 0.21029663
0.1670227 -0.099365234 0.18952942
0.2513275 0.016082764 0.14677429
0.22688293 0.051513672 0.08628845
0.14503479 -0.034606934 0.060012817
0.1621399 -0.11462402 0.04537964
0.27575684 -0.11891174 0.031311035
0.3276825 -0.12072754 0.026428223
0.2501068 -0.10180664 0.0062713623
0.13710022 -0.11828613 -0.009613037
0.061340332 -0.15800476 -0.019378662
0.04423523 -0.16227722 -0.046875
0.030792236 -0.31500244 -0.073135376
-0.032714844 -0.5483551 -0.10795593
-0.07304382 -0.5966034 -0.1635437
-0.07548523 -0.26490784 -0.2136383
-0.17811584 0.12788391 -0.30282593
-0.3491516 0.32641602 -0.33398438
-0.4102478 0.2555542 -0.357193
-0.3112793 -0.14883423 -0.3486328
0.043624878 -0.4872589 -0.30770874
0.3961029 -0.633255 -0.28144836
0.4474182 -0.5654602 -0.21607971
0.18901062 -0.36386108 -0.21974182
-0.18421936 -0.14639282 -0.31504822
-0.4432373 0.041137695 -0.38468933
-0.4988098 0.13154602 -0.37124634
-0.23614502 0.23171997 -0.4085083
0.21406555 0.3355713 -0.41583252
0.45535278 0.36917114 -0.41461182
0.4431305 0.3239746 -0.3914032
0.2983551 0.24272156 -0.38713074
0.12425232 0.15965271 -0.3926239
0.07600403 0.041748047 -0.36146545
0.07722473 -0.059036255 -0.32603455
0.06867981 -0.12684631 -0.2955017
0.08944702 -0.18914795 -0.25946045
0.12976074 -0.19221497 -0.22096252
0.16519165 -0.10118103 -0.18125916
0.18595886 -0.0028533936 -0.13116455
0.17497253 0.092453 -0.055419922
0.17985535 0.18530273 0.025817871
0.19267273 0.09916687 0.11254883
0.17253113 -0.13783264 0.15837097
0.1340332 -0.004058838 0.20541382
-0.02355957 0.57014465 0.20663452
-0.37419128 0.74668884 0.21885681
-0.5562439 0.49073792 0.35202026
-0.2758484 -0.038879395 0.38867188
0.04852295 -0.50375366 0.34040833
0.06500244 -0.52085876 0.22862244
-0.08526611 -0.13050842 0.17242432
-0.11824036 0.38993835 0.1809845
0.06011963 0.76989746 0.20478821
0.27514648 0.7802887 0.21456909
0.25621033 0.39604187 0.18157959
-0.03883362 0.009979248 0.17608643
-0.3503723 -0.31071472 0.2170105
-0.4132843 -0.6760254 0.27259827
-0.2141571 -0.7297821 0.21273804
-0.06692505 -0.44511414 0.075302124
-0.0687561 -0.098739624 -0.04197693
-0.13961792 0.1260376 -0.13116455
-0.1616211 0.1895752 -0.15377808
-0.11152649 0.15536499 -0.09817505
-0.033340454 0.080841064 -0.007171631
0.10899353 0.13092041 0.03742981
0.30386353 0.22805786 -0.015716553
0.35517883 0.036865234 -0.05970764
0.18534851 -0.25512695 -0.02243042
0.04484558 -0.44082642 0.038650513
0.2464447 -0.8892212 -0.12872314
0.14320374 -0.6980133 -0.21546936
-0.14328003 -0.119506836 -0.23257446
-0.41818237 0.19384766 -0.25395203
-0.4719391 0.18408203 -0.22340393
-0.27401733 0.1296997 -0.25028992
0.037521362 0.03868103 -0.3449707
0.18656921 -0.038269043 -0.35414124
0.057678223 -0.13113403 -0.36573792
-0.1787262 0.06434631 -0.39994812
-0.2672882 0.4174347 -0.33703613
-0.17811584 0.75401306 -0.23625183
0.08822632 0.8871918 -0.23440552
0.347229 0.60801697 -0.23196411
0.33744812 0.17430115 -0.22525024
0.066833496 -0.28201294 -0.26739502
-0.19215393 -0.5599518 -0.14338684
-0.23736572 -0.5679016 -0.11651611
-0.33937073 -0.7707062 -0.09817505
-0.4273529 -0.55934143 -0.048706055
-0.2746277 -0.17510986 -0.032211304
-0.07304382 -0.0004119873 -0.046875
0.09799194 -0.15556335 -0.06336975
0.20489502 -0.35836792 -0.060928345
0.20672607 -0.37120056 -0.05114746
0.13647461 -0.24780273 -0.030380249
0.033859253 -0.12135315 0.05697632
-0.046157837 -0.20259094 0.14126587
-0.044937134 -0.4506073 0.13882446
-0.008285522 -0.256958 0.15776062
-0.06021118 0.1614685 0.13882446
-0.30212402 0.38993835 0.184021
-0.4927063 0.3093109 0.29458618
-0.2672882 -0.26490784 0.22496033
0.15480042 -0.6919098 0.119888306
0.3508911 -0.5257416 -0.0034942627
0.2647705 0.10160828 -0.09880066
0.066833496 0.8389282 -0.07437134
0.027740479 1.1840668 0.044143677
0.1315918 0.8786316 0.12660217
0.118774414 0.2592163 0.13638306
-0.03211975 -0.2667389 0.1822052
-0.20376587 -0.44145203 0.1852417
-0.22819519 -0.528183 0.1687622
-0.12680054 -0.5214691 0.13821411
-0.0052337646 -0.29055786 0.018493652
0.054626465 0.013031006 -0.09573364
0.034469604 0.31175232 -0.14582825
-0.049209595 0.5768738 -0.17332458
-0.1164093 0.7143097 -0.18981934
-0.073654175 0.507843 -0.16966248
0.045455933 0.4088745 -0.13238525
0.1328125 0.29891968 -0.073135376
0.058898926 0.06983948 0.042312622
-0.04737854 -0.12989807 0.12294006
0.041793823 -0.29423523 0.09667969
0.17985535 -0.4017334 -0.07008362
0.15420532 -0.16532898 -0.21852112
-0.05960083 0.27937317 -0.25395203
-0.25202942 0.49623108 -0.25457764
-0.33692932 0.3227539 -0.3425293
-0.38519287 0.05029297 -0.41583252
-0.37174988 -0.009567261 -0.38284302
-0.025390625 0.13276672 -0.3229828
0.4596405 0.2421112 -0.28633118
0.65571594 0.14802551 -0.1940918
0.5708008 -0.11035156 -0.23684692
0.3435669 -0.063934326 -0.30770874
0.25865173 0.25065613 -0.291214
0.4071045 0.5133362 -0.3584137
0.6410675 0.6526184 -0.5349579
0.86035156 0.5982361 -0.6021576
0.98986816 0.14498901 -0.54901123
0.7198639 -0.28138733 -0.48791504
0.27148438 -0.37547302 -0.4744873
-0.09197998 -0.17327881 -0.49464417
-0.3002777 -0.031555176 -0.4732666
-0.32655334 -0.13783264 -0.40057373
-0.30700684 -0.34309387 -0.3596344
-0.3161621 -0.4396057 -0.29855347
-0.2477417 -0.42678833 -0.21669006
-0.057159424 -0.3809662 -0.14704895
0.18229675 -0.25756836 -0.11224365
0.2775879 0.207901 -0.08229065
0.1352539 0.77845764 0.023986816
0.058898926 0.7754059 0.12416077
0.12181091 0.40338135 0.16081238
0.26965332 0.25126648 0.14065552
0.25376892 0.14620972 0.09851074
0.086380005 0.09794617 0.1003418
-0.13780212 -0.2557373 0.0074920654
-0.3149414 -0.83729553 -0.12872314
-0.1628418 -0.9319763 -0.12445068
0.5506439 0.19628906 -0.076812744
0.5866852 0.34106445 -0.09024048
0.25071716 -0.13967896 -0.012664795
-0.026000977 -0.34980774 0.024597168
-0.016235352 -0.33148193 -0.023651123
0.09738159 -0.385849 -0.07740784
0.08088684 -0.53186035 -0.12200928
-0.03883362 -0.6711273 -0.12506104
0.02835083 -0.70228577 -0.13850403
0.34783936 -0.5410156 -0.1794281
0.6905365 -0.06454468 -0.23257446
0.69114685 0.2054596 -0.26739502
0.333786 0.072280884 -0.1611023
0.07356262 -0.09263611 -0.096954346
0.12181091 -0.22213745 -0.1794281
0.3191223 -0.28445435 -0.23562622
0.4480133 -0.31988525 -0.18431091
0.41992188 -0.27894592 -0.09513855
0.26843262 -0.16410828 -0.04748535
0.14076233 -0.06942749 -0.101242065
0.12121582 -0.09692383 -0.1965332
0.16824341 -0.24046326 -0.23074341
0.22077942 -0.34065247 -0.20141602
0.24398804 -0.36019897 -0.18493652
0.29042053 -0.31378174 -0.1953125
0.36250305 -0.17449951 -0.19592285
0.4272461 0.041137695 -0.14460754
0.32096863 -0.0730896 -0.14338684
0.20245361 -0.18548584 -0.23869324
0.16275024 -0.2190857 -0.37857056
0.14076233 -0.22703552 -0.42988586
0.057678223 -0.17266846 -0.40911865
-0.21598816 -0.11584473 -0.33947754
-0.5085907 -0.09202576 -0.28266907
-0.4621582 -0.17388916 -0.2783966
-0.12373352 -0.37425232 -0.19104004
0.27453613 -0.34248352 -0.09817505
0.5188904 -0.12745667 -0.20204163
0.3240204 -0.19160461 -0.40301514
-0.1335144 -0.27345276 -0.5740509
-0.3271637 -0.24229431 -0.7237091
-0.23553467 -0.19160461 -0.73349
-0.17445374 -0.12072754 -0.5312805
-0.259964 -0.14517212 -0.37062073
-0.2294159 -0.3021698 -0.3254242
0.026519775 -0.50619507 -0.24723816
0.3117981 -0.478714 -0.1965332
0.4461975 -0.34921265 -0.2124176
0.27209473 -0.36203003 -0.22525024
-0.065704346 -0.4347229 -0.24601746
-0.19644165 -0.47381592 -0.21852112
-0.015014648 -0.4322815 -0.1635437
0.13954163 -0.24291992 -0.13116455
0.074783325 -0.059646606 -0.10185242
-0.106033325 0.008758545 -0.08352661
-0.16345215 0.056411743 -0.12628174
-0.016235352 0.1083374 -0.23318481
0.013092041 0.13825989 -0.2783966
-0.20376587 0.12237549 -0.1794281
-0.3296051 0.09916687 -0.08291626
-0.20437622 0.10343933 -0.013885498
0.05218506 0.14743042 0.025817871
0.15480042 0.16758728 0.02949524
0.082107544 0.12237549 0.025817871
0.01612854 0.04724121 -0.0034942627
-0.053497314 0.016082764 -0.020599365
-0.18299866 0.02708435 -0.037094116
-0.28805542 0.003250122 -0.07496643
-0.2514038 -0.02545166 -0.076812744
-0.028442383 -0.012008667 -0.04748535
0.17312622 0.049682617 -0.017547607
0.15908813 0.12666321 0.040481567
0.04789734 0.11444092 0.07408142
-0.005844116 -0.004058838 0.03437805
-0.03578186 -0.09080505 -0.05848694
-0.085861206 -0.055984497 -0.1464386
-0.102371216 0.012420654 -0.18981934
-0.06387329 0.05885315 -0.17088318
0.0045318604 0.06739807 -0.10795593
0.043624878 0.07962036 -0.072525024
0.010650635 0.100997925 -0.07130432
-0.030273438 0.08572388 -0.06947327
-0.04798889 -0.0022277832 -0.08106995
-0.09320068 -0.07736206 -0.085357666
-0.15794373 -0.054763794 -0.07496643
-0.18605042 0.0008087158 -0.06274414
-0.07487488 0.0423584 -0.044418335
0.050338745 0.07472229 -0.029769897
0.01612854 0.045410156 -0.021209717
-0.10784912 -0.024230957 -0.010223389
-0.17504883 -0.071258545 -0.0022735596
-0.13658142 -0.04988098 -0.012664795
0.06317139 -0.03277588 -0.030380249
0.025299072 -0.050491333 -0.05053711
-0.0834198 -0.052322388 -0.07374573
-0.13412476 -0.0059051514 -0.088409424
-0.05960083 0.041748047 -0.076812744
0.06561279 0.030136108 -0.031600952
0.11204529 -0.034606934 0.022766113
0.06011963 -0.06881714 0.014831543
-0.03883362 -0.060256958 -0.041381836
-0.09320068 -0.04866028 -0.05114746
-0.030273438 -0.06086731 -0.012664795
0.079055786 -0.0718689 0.02154541
0.08944702 -0.074920654 0.039871216
0.02407837 -0.02911377 0.027648926
-0.03517151 -0.021774292 0.0032196045
-0.052886963 -0.06515503 -0.012054443
-0.044937134 -0.10240173 -0.025497437
-0.036392212 -0.119506836 -0.031600952
-0.022949219 -0.09080505 -0.033432007
-0.029663086 -0.052322388 -0.016937256
-0.042495728 -0.051712036 0.003829956
-0.060821533 -0.088974 -0.0053253174
-0.07548523 -0.12501526 -0.026107788
-0.08892822 -0.12867737 -0.043823242
-0.06387329 -0.1060791 -0.04197693
-0.011947632 -0.05781555 -0.039535522
-0.0040130615 -0.014450073 -0.04626465
-0.04737854 0.011810303 -0.07559204
-0.08830261 0.011810303 -0.104904175
-0.057769775 -0.009567261 -0.10795593
-0.00035095215 -0.012619019 -0.10673523
-0.0027923584 -0.006500244 -0.09817505
-0.032714844 0.0050964355 -0.089019775
-0.049209595 0.0093688965 -0.07740784
-0.026611328 -0.005279541 -0.06764221
0.021636963 0.0008087158 -0.06336975
0.038131714 -0.0046844482 -0.051757812
0.055236816 -0.030334473 -0.046875
0.03996277 -0.039489746 -0.051757812
-0.021728516 -0.015670776 -0.04260254
-0.04676819 0.023422241 -0.024871826
-0.030273438 0.038085938 -0.01876831
-0.030273438 0.027694702 -0.017547607
-0.040664673 -0.0028533936 -0.015716553
-0.022338867 -0.019943237 -0.0077819824
-0.007675171 -0.0059051514 -0.00044250488
-0.0070648193 0.038085938 -0.0077819824
-0.006454468 0.06434631 -0.012664795
0.025299072 0.06983948 -0.010223389
0.06561279 0.07044983 -0.010223389
0.078445435 0.06983948 0.002609253
0.054626465 0.06373596 0.010543823
0.043014526 -0.006500244 -0.016937256
0.02407837 -0.008346558 -0.012054443
0.061340332 0.0014343262 0.011169434
0.10348511 -0.0413208 0.027038574
0.06378174 -0.03704834 0.008102417
-0.004623413 0.069229126 -0.02243042
-0.008285522 0.04724121 -0.035873413
-0.018066406 -0.021774292 0.005050659
-0.07426453 -0.088974 0.051483154
-0.11885071 -0.11462402 0.06430054
-0.08892822 -0.067596436 0.030715942
-0.021118164 -0.0034484863 0.014221191
0.021636963 0.0063171387 0.03437805
0.055847168 0.031967163 0.068573
0.08822632 0.06678772 0.09484863
0.094329834 0.0900116 0.107055664
0.07600403 0.11199951 0.107055664
0.055847168 0.11199951 0.091781616
0.035690308 0.0753479 0.08079529
0.023468018 0.05517578 0.09056091
0.01612854 0.08267212 0.107666016
0.021636963 0.10160828 0.111328125
0.06011963 0.10771179 0.12171936
0.08761597 0.128479 0.16447449
0.062561035 0.16758728 0.25427246
0.046676636 0.20057678 0.31903076
0.05645752 0.19934082 0.33857727
0.07783508 0.19018555 0.38500977
0.09005737 0.22073364 0.5096283
0.09188843 0.2756958 0.64767456
0.04484558 0.3380127 0.782074
-0.040664673 0.3551178 0.93907166
-0.15550232 0.3355713 1.1156158
-0.2843933 0.3734436 1.2157898
-0.38336182 0.36184692 1.2732086
-0.3821411 0.33251953 1.3196411
-0.2489624 0.3710022 1.3116913
-0.025390625 0.48217773 1.2646484
0.17131042 0.6086426 1.2713776
0.20062256 0.5744324 1.3159637
0.07173157 0.47790527 1.380722
-0.12680054 0.35816956 1.5487213
-0.05104065 0.5108948 1.5945282
0.014907837 0.7631836 1.5981903
0.02835083 0.88597107 1.5884094
0.030792236 0.8303833 1.6012573
0.091278076 0.7595215 1.6134644
0.15786743 0.83587646 1.5792542
0.15968323 0.92567444 1.5132904
0.115097046 0.9299469 1.4577026
0.08822632 0.9226227 1.431427
0.094940186 0.92445374 1.4515839
0.087005615 0.92323303 1.4717407
0.03201294 0.92933655 1.4760132
-0.061431885 0.9543915 1.4350891
-0.11029053 0.9250641 1.4204254
-0.062042236 0.8413696 1.4613647
0.0033111572 0.71858215 1.507782
0.06561279 0.34596252 1.562149
0.12547302 0.09182739 1.5181732
0.04057312 0.31785583 1.3593445
-0.048599243 0.49806213 1.3562927
-0.16833496 0.74790955 1.3776703
-0.18421936 0.77233887 1.4350891
-0.12739563 0.84381104 1.5010681
0.0027160645 0.8786316 1.5969696
0.090667725 0.8878021 1.6440125
0.102890015 0.87435913 1.6421814
0.061340332 0.74057007 1.5810852
0.06990051 0.6617737 1.4912872
0.086380005 0.7167511 1.429596
-0.061431885 0.76745605 1.3245239
-0.28805542 0.8120575 1.2206726
-0.30639648 0.9262848 1.2255554
-0.14205933 1.115036 1.3532257
-0.026000977 1.3245697 1.4454803
-0.0821991 1.2714233 1.4589233
-0.24836731 0.9556122 1.3966064
-0.31860352 0.55914307 1.2780914
-0.24836731 0.25248718 1.2463226
-0.17199707 0.1920166 1.3049774
-0.131073 0.40092468 1.363617
-0.19644165 0.6495514 1.3373566
-0.28929138 0.7314148 1.209671
-0.23858643 0.48034668 1.1131592
-0.026000977 0.021575928 1.1070557
0.12854004 -0.26428223 1.1070557
0.06561279 -0.23130798 1.066742
-0.054718018 0.053344727 0.94332886
-0.17749023 0.36611938 0.78756714
-0.24591064 0.47729492 0.71121216
-0.12680054 0.4180298 0.7240448
0.070510864 0.3184662 0.80467224
0.099823 0.2775421 0.8565979
-0.0052337646 0.3722229 0.8016205
-0.1616211 0.5133362 0.73197937
-0.2746277 0.47546387 0.7234192
-0.22392273 0.2561493 0.7221985
-0.105407715 0.081451416 0.71487427
-0.06265259 0.08816528 0.6886139
-0.08097839 0.20484924 0.6201935
-0.11947632 0.23478699 0.55055237
-0.117630005 0.16880798 0.52978516
-0.045547485 0.11381531 0.5218506
0.02041626 0.10343933 0.48823547
0.0002746582 0.10282898 0.43815613
-0.08830261 0.11566162 0.39294434
-0.15979004 0.08572388 0.35751343
-0.09625244 0.06983948 0.29458618
0.06929016 0.109558105 0.2536621
0.25315857 0.24333191 0.30741882
0.28858948 0.31236267 0.38989258
0.11326599 0.2054596 0.39050293
-0.1335144 0.013031006 0.29336548
-0.2770691 -0.107299805 0.16325378
-0.2953949 -0.08653259 0.10217285
-0.22453308 0.0014343262 0.10949707
-0.073654175 0.1443634 0.15898132
0.05218506 0.25860596 0.22251892
0.14503479 0.3209076 0.25733948
0.18962097 0.3221283 0.27137756
0.09921265 0.22073364 0.26161194
-0.13168335 0.10221863 0.1693573
-0.32655334 0.011199951 -0.00044250488
-0.38885498 -0.019943237 -0.11039734
-0.33265686 -0.016281128 -0.08413696
-0.15672302 -0.026046753 -0.032211304
-0.04676819 -0.052322388 -0.0041046143
-0.1347351 -0.1402893 0.009933472
-0.20071411 -0.17510986 -0.02671814
-0.029052734 -0.02911377 -0.13606262
0.17802429 0.09916687 -0.26312256
0.24398804 0.10771179 -0.27593994
0.17741394 -0.0077209473 -0.3229828
0.114486694 0.06739807 -0.33825684
0.106552124 0.1242218 -0.31137085
0.179245 0.05029297 -0.27656555
0.24032593 -0.022384644 -0.23379517
0.2470398 0.00021362305 -0.21058655
0.19329834 0.057022095 -0.22891235
0.12915039 0.09855652 -0.2649536
0.10411072 0.1101532 -0.27656555
0.1181488 0.093673706 -0.26800537
0.1474762 0.11871338 -0.27349854
0.1499176 0.19018555 -0.26312256
0.079055786 0.1590271 -0.23684692
-0.081588745 -0.08409119 -0.18309021
-0.25386047 -0.3522644 -0.15560913
-0.4621582 -0.5104675 -0.16783142
-0.5794525 -0.4176178 -0.19592285
-0.4249115 -0.19221497 -0.24235535
-0.12069702 0.040527344 -0.22525024
0.08088684 0.20118713 -0.10185242
0.06990051 0.2054596 0.005050659
-0.073654175 0.060073853 0.07223511
-0.18177795 -0.15556335 0.119277954
-0.121292114 -0.25756836 0.18035889
0.010650635 -0.23252869 0.23899841
0.09799194 -0.13417053 0.27566528
0.12243652 -0.059646606 0.263443
0.03996277 -0.026672363 0.22007751
-0.069381714 0.05885315 0.19380188
-0.057769775 0.15414429 0.18035889
0.043624878 0.19140625 0.16081238
0.04484558 0.13032532 0.13699341
-0.056549072 0.053955078 0.12294006
-0.13168335 0.002029419 0.12477112
-0.11947632 -0.004058838 0.1510315
-0.05899048 0.014251709 0.17120361
-0.033340454 0.03930664 0.15715027
-0.03578186 0.08023071 0.09239197
-0.04798889 0.060684204 0.018493652
-0.06265259 -0.042541504 -0.013885498
-0.057769775 -0.054153442 -0.012054443
-0.026611328 -0.006500244 0.008712769
0.05340576 0.012420654 0.038650513
0.19451904 -0.022384644 0.06491089
0.37165833 0.007537842 0.087509155
0.4608612 0.0741272 0.044143677
0.25743103 -0.15312195 -0.07374573
-0.12069702 -0.256958 -0.228302
-0.6136627 -0.23191833 -0.37124634
-1.0345459 -0.1048584 -0.40423584
-0.9435272 0.3093109 -0.36940002
-0.24346924 0.6092377 -0.20448303
0.48895264 0.5628052 0.10949707
0.8157654 0.13337708 0.38684082
0.763855 -0.2887268 0.5273285
0.4278717 -0.46832275 0.4778595
-0.004623413 -0.49276733 0.1828003
-0.35647583 -0.25146484 -0.29794312
-0.441391 0.17796326 -0.6632385
-0.19459534 0.2861023 -0.6650696
0.1499176 0.1260376 -0.3914032
0.30508423 -0.06454468 -0.12934875
0.23300171 -0.12928772 -0.09085083
0.1181488 -0.079193115 -0.11161804
0.12915039 -0.009567261 -0.07559204
0.18351746 -0.0022277832 0.016052246
0.18412781 -0.050491333 0.07896423
0.09799194 -0.09385681 0.087509155
0.050338745 -0.033996582 0.060012817
0.16030884 0.072280884 0.044143677
0.28797913 0.11381531 0.04660034
0.28858948 0.057632446 0.03315735
0.20123291 0.004470825 0.030090332
0.12669373 0.05885315 0.059417725
0.15664673 0.1431427 0.10888672
0.3264618 0.25065613 0.16142273
0.38632202 0.17979431 0.1675415
0.03630066 -0.18243408 0.11378479
-0.32226562 -0.040100098 0.03804016
-0.40168762 0.08328247 0.047195435
-0.0821991 -0.3192749 0.23596191
0.21284485 -0.8403473 0.3495636
0.15235901 -1.1347809 0.25
0.04484558 -0.91304016 0.038650513
0.079055786 -0.29789734 -0.23869324
0.05218506 0.29891968 -0.4219513
-0.2129364 0.32641602 -0.2649536
-0.6100006 0.077178955 -0.05419922
-0.7926483 -0.21969604 0.044143677
-0.6429901 -0.4200592 0.05026245
-0.2642517 -0.24841309 0.06918335
0.17375183 0.3905487 0.09729004
0.22566223 0.36428833 -0.02243042
0.1474762 -0.17877197 -0.07374573
0.3130188 0.05517578 -0.25457764
0.2971344 0.12176514 -0.3559723
0.09310913 -0.11035156 -0.28816223
-0.1005249 -0.24780273 -0.22280884
-0.13534546 -0.14212036 -0.20385742
-0.077316284 0.0050964355 -0.18003845
0.0045318604 0.07778931 -0.14216614
-0.037002563 -0.012008667 -0.10551453
-0.22209167 -0.09263611 -0.084747314
-0.28805542 -0.06637573 -0.052978516
-0.2312622 0.06617737 0.018493652
-0.17749023 0.13948059 0.095443726
-0.25752258 0.03440857 0.083847046
-0.40046692 -0.19282532 -0.024276733
-0.3748169 -0.14639282 -0.076812744
-0.23370361 0.19812012 0.003829956
-0.10847473 0.4736328 0.12049866
-0.058380127 0.53715515 0.22862244
-0.16833496 0.4479828 0.25978088
-0.34121704 0.27876282 0.19075012
-0.4438324 0.12176514 0.08018494
-0.43650818 0.031967163 0.063079834
-0.3735962 0.028305054 0.10827637
-0.33815002 -0.04988098 0.14677429
-0.31311035 -0.26490784 0.1516571
-0.2654724 -0.4359436 0.119888306
-0.2318573 -0.36264038 0.040481567
-0.22880554 -0.10546875 -0.01449585
-0.20071411 0.08694458 0.01361084
-0.18849182 0.07350159 0.068573
-0.20437622 -0.12745667 0.09422302
-0.1787262 -0.29360962 0.09300232
-0.15979004 -0.3021698 0.11071777
-0.20681763 -0.17266846 0.14736938
-0.2825775 -0.111572266 0.1638794
-0.28805542 -0.16900635 0.107055664
-0.23858643 -0.20625305 0.059417725
-0.23553467 -0.17816162 0.03437805
-0.26057434 -0.10180664 0.00077819824
-0.26791382 -0.03765869 -0.0028839111
-0.25569153 -0.012619019 0.01727295
-0.23248291 -0.012008667 0.0178833
-0.20986938 -0.012619019 0.022155762
-0.1347351 -0.03765869 0.019104004
-0.056549072 -0.05293274 0.0044403076
-0.06997681 0.0063171387 0.014221191
-0.12617493 0.031967163 0.03437805
-0.1005249 -0.021774292 0.030090332
-0.038223267 -0.07797241 0.0178833
-0.07243347 -0.052322388 0.02949524
-0.13290405 -0.052322388 0.047821045
-0.12557983 -0.05781555 0.008102417
-0.09320068 0.014862061 -0.052368164
-0.017456055 0.07106018 -0.049316406
0.054626465 0.0435791 0.014221191
0.043014526 0.0093688965 0.052703857
-0.036392212 -0.022994995 0.027648926
-0.09503174 -0.05293274 -0.029159546
-0.07182312 -0.06881714 -0.05053711
-0.018066406 -0.07675171 -0.029159546
-0.00340271 -0.041931152 0.011169434
-0.00340271 0.005706787 0.019104004
-0.008895874 0.022201538 0.00077819824
-0.012573242 0.020355225 -0.009613037
-0.010116577 0.013031006 -0.0132751465
-0.006454468 0.020355225 -0.010223389
-0.025390625 0.046020508 0.0074920654
-0.049209595 0.03440857 0.0074920654
-0.05104065 0.004470825 -0.011444092
-0.03944397 -0.0028533936 -0.01876831
-0.034561157 0.012420654 -0.026107788
-0.044937134 0.028305054 -0.03404236
-0.033935547 0.021575928 -0.024871826
-0.0040130615 0.0050964355 -0.008392334
-0.014389038 -0.018722534 0.0019989014
-0.041275024 -0.01689148 -0.018157959
-0.049209595 0.0093688965 -0.036483765
-0.040664673 0.044799805 -0.02305603
-0.04310608 0.045410156 0.008102417
-0.04676819 0.036239624 0.0337677
-0.025390625 0.035629272 0.04597473
0.008804321 0.025863647 0.047195435
0.013687134 -0.01322937 0.04475403
-0.01133728 -0.017501831 0.039871216
-0.042495728 0.0026550293 0.024597168
-0.061431885 0.014862061 0.0074920654
-0.052886963 0.025253296 0.003829956
-0.03211975 0.023422241 0.005050659
-0.045547485 0.009979248 0.012390137
-0.056549072 -0.0059051514 0.020324707
-0.027832031 -0.018112183 0.011169434
-0.050430298 -0.03704834 -0.009613037
-0.0663147 -0.012619019 -0.024871826
-0.048599243 0.03930664 -0.024871826
-0.013793945 0.05517578 -0.005935669
0.012466431 0.013031006 0.022766113
0.010025024 -0.034606934 0.039871216
-0.0015716553 -0.038879395 0.03437805
0.007598877 0.014251709 0.014831543
0.009429932 0.039916992 0.008102417
0.006378174 0.026473999 0.016052246
0.017974854 0.003250122 0.020324707
0.01612854 -0.017501831 0.016052246
-0.005844116 -0.015670776 0.008102417
-0.018066406 0.011810303 0.0032196045
-0.026000977 0.024032593 -0.0041046143
-0.05166626 0.004470825 -0.012054443
-0.056549072 0.013641357 -0.013885498
-0.04737854 0.02281189 -0.004714966
-0.05166626 0.0435791 -0.007171631
-0.09442139 0.07595825 0.0062713623
-0.1481781 0.064956665 0.040481567
-0.12617493 0.08572388 0.04109192
0.03996277 -0.059646606 0.027038574
0.11204529 -0.087753296 0.0337677
0.055236816 0.0026550293 0.014831543
-0.10296631 0.08328247 0.0032196045
-0.2129364 0.20118713 -0.03404236
-0.08892822 0.15048218 -0.08779907
0.13710022 -0.15371704 -0.010223389
0.2293396 -0.29055786 0.05331421
0.12609863 -0.11584473 0.02520752
-0.05593872 0.117492676 -0.012664795
-0.13534546 0.12788391 -0.029769897
-0.07182312 0.017318726 -0.02305603
0.06378174 -0.0004119873 0.01727295
0.15480042 0.017318726 0.054534912
0.14379883 0.012420654 0.060638428
0.08578491 0.028305054 0.05757141
0.058288574 0.069229126 0.04475403
0.08088684 0.077178955 0.042312622
0.115097046 0.035629272 0.05819702
0.12915039 0.033798218 0.07284546
0.11204529 0.041137695 0.07652283
0.094940186 0.019760132 0.07408142
0.094940186 0.016693115 0.043533325
0.10838318 0.055786133 0.016662598
0.11143494 0.06251526 0.008102417
0.12121582 0.069229126 -0.012664795
0.114486694 0.07350159 -0.029769897
0.07722473 0.058242798 -0.03831482
0.038131714 0.05090332 -0.049316406
0.043624878 0.05517578 -0.048095703
0.08944702 0.040527344 -0.040756226
0.15298462 0.04724121 -0.03526306
0.14808655 0.040527344 -0.0132751465
0.102890015 0.058242798 -0.0065612793
0.06439209 0.07778931 -0.0053253174
0.04484558 0.08023071 0.019714355
0.049118042 0.06617737 0.04597473
0.05706787 0.052124023 0.050857544
0.07417297 0.0423584 0.036819458
0.11021423 0.05456543 0.03253174
0.13647461 0.0594635 0.039871216
0.11265564 0.035629272 0.028869629
0.054016113 0.033798218 0.003829956
-0.00035095215 0.057022095 -0.026107788
-0.026000977 0.07778931 -0.05053711
0.0045318604 0.09916687 -0.062149048
0.1474762 0.13214111 -0.109802246
0.11204529 0.03440857 -0.06764221
0.049743652 0.05029297 -0.045043945
0.015533447 0.052124023 -0.051757812
0.0014953613 0.045410156 -0.035873413
0.037521362 0.036239624 0.0056610107
0.1169281 -0.0016326904 0.047195435
0.14808655 -0.034606934 0.06185913
0.12792969 -0.018112183 0.042312622
0.078445435 0.032577515 0.014831543
0.012466431 0.025863647 0.010543823
-0.034561157 -0.016281128 0.00016784668
-0.05166626 -0.011383057 -0.009002686
-0.02722168 -0.0101623535 -0.016326904
0.011245728 -0.0101623535 -0.016326904
0.023468018 -0.012619019 0.00077819824
0.012466431 -0.034606934 0.016052246
0.02835083 -0.0413208 0.020324707
0.045455933 -0.019943237 0.023986816
-0.010116577 -0.03704834 0.03804016
