-135.24475 -106.5155 69.70978
-135.5484 -106.52466 69.7113
-134.99298 -108.13751 69.706726
-137.05139 -106.12793 67.48505
-137.4054 -107.62329 67.9306
-136.18164 -107.43561 68.07709
-136.90796 -106.4209 67.78259
-138.7024 -105.43518 68.5318
-137.76703 -104.81415 67.1936
-139.1388 -104.8584 67.4942
-138.65356 -103.9505 68.089294
-140.46478 -103.411865 69.58008
-139.4043 -103.678894 67.34619
-140.448 -102.967834 68.836975
-140.93018 -103.87421 67.20276
-143.01147 -102.45819 66.615295
-140.85693 -101.49689 67.95044
-141.14075 -100.912476 67.80243
-141.44745 -100.920105 68.54706
-140.54413 -101.190186 68.69202
-141.69617 -99.298096 67.359924
-143.08319 -99.78485 68.70117
-143.40057 -100.23956 68.255615
-143.40057 -100.23956 68.255615
-141.67023 -98.55652 66.61987
-144.41833 -98.78845 67.9657
-143.50128 -98.609924 68.55621
-143.97888 -99.368286 67.81311
-144.58618 -99.38812 67.81464
-143.06335 -99.18976 68.7027
-142.42554 -98.27881 68.10913
-142.08832 -97.232056 67.811584
-140.38696 -96.284485 68.99719
-140.65094 -94.958496 69.44885
-140.56091 -96.73157 71.52557
-138.86108 -95.93964 70.48187
-139.15558 -95.64972 70.77789
-139.66827 -97.59979 68.25104
-139.4867 -96.702576 68.84613
-140.39307 -96.58508 67.51099
-140.76843 -98.67096 68.99567
-142.27905 -98.42377 68.255615
-143.04657 -98.74573 67.515564
-142.16309 -99.6109 67.06543
-141.71753 -99.89166 68.10303
-143.06183 -99.18976 68.25714
-142.64526 -100.51422 67.21344
-143.12744 -101.27258 67.51099
-141.43066 -100.62561 66.615295
-143.40057 -100.23956 68.255615
-142.3523 -100.80414 66.76483
-141.60461 -101.22528 66.763306
-143.1366 -101.5686 67.50946
-141.60309 -101.22528 66.467285
-141.15295 -101.35956 67.059326
-140.5487 -101.48926 66.75873
-141.78162 -101.97296 67.35535
-140.8844 -102.54059 65.71808
-140.73944 -102.68402 67.056274
-140.73181 -102.38495 67.79938
-141.65955 -102.85797 67.95044
-141.20331 -102.993774 66.61072
-142.57355 -103.0365 67.06085
-140.60516 -103.27301 66.459656
-139.86511 -103.84064 67.19971
-142.63153 -104.82025 67.0578
-140.77454 -103.72162 67.79785
-140.62347 -103.86658 66.459656
-140.76233 -103.4256 66.311646
-140.7608 -103.427124 65.86456
-141.568 -104.78516 67.35077
-140.80505 -104.763794 66.607666
-141.74652 -105.68237 66.75568
-141.32233 -106.5567 68.09082
-141.03851 -107.2937 66.45508
-141.77856 -106.72302 66.45813
-141.62445 -106.56738 67.34772
-141.60156 -105.82428 67.34924
-141.07513 -108.3313 67.93976
-139.95514 -106.666565 66.74957
-140.7669 -108.32214 67.1936
-142.22565 -106.28815 68.24188
-140.78217 -108.769226 67.19208
-141.7923 -107.01752 67.94281
-141.7923 -107.01752 67.94281
-141.39099 -108.636475 68.5318
-139.2395 -107.977295 68.2312
-140.80505 -109.35974 68.97583
-140.89813 -107.585144 67.344666
-140.15198 -108.15582 66.300964
-139.54315 -108.13751 66.596985
-140.75165 -107.72858 67.93823
-140.48157 -108.758545 67.93671
-141.31012 -106.111145 68.8324
-139.84222 -107.84607 68.08472
-138.76495 -107.51953 67.04254
-139.95819 -106.66351 68.23578
-140.41595 -106.677246 68.68286
-139.7995 -106.5094 68.08777
-140.58228 -107.12891 68.533325
-139.2334 -107.67822 69.42139
-139.94293 -106.21796 67.492676
-139.66217 -106.95038 68.23425
-139.50348 -106.79932 67.78717
-140.56091 -106.53381 68.089294
-140.56854 -106.832886 67.79022
-141.00189 -105.95093 68.98193
-140.41595 -106.67572 68.98041
-141.00647 -106.251526 67.19818
-140.53955 -105.79071 68.8324
-139.83154 -107.551575 67.7887
-141.00647 -106.251526 67.19818
-139.91241 -105.17731 68.68286
-139.89868 -104.88129 67.19818
-140.38391 -105.63507 69.429016
-140.38391 -105.63507 69.429016
-140.9668 -104.914856 67.94586
-140.9668 -104.914856 67.94586
-139.91089 -105.17731 68.237305
-139.55078 -103.533936 67.19971
-141.38947 -103.88794 67.94891
-139.76593 -105.46875 68.089294
-141.7221 -104.637146 70.17517
-140.4831 -104.00696 69.28253
-140.95764 -104.61731 68.24188
-139.85138 -103.24402 68.98346
-140.02533 -103.993225 68.83392
-140.36713 -105.19104 68.23883
-139.87122 -103.837585 69.43054
-139.12048 -104.11377 69.72351
-140.36102 -104.89197 69.43054
-140.02686 -103.9917 69.57855
-139.17084 -105.5954 70.91217
-140.4892 -104.45709 66.30859
-139.87427 -104.13971 67.19818
-139.72168 -103.982544 69.57855
-138.79547 -103.50647 68.98041
-139.8941 -104.582214 68.98193
-140.63568 -104.16412 67.49725
-140.30914 -103.25775 69.43207
-140.03601 -104.44031 67.34619
-139.41803 -103.97339 69.27948
-138.84125 -104.844666 69.721985
-138.22174 -104.67987 68.08624
-139.46228 -105.459595 68.08777
-139.43787 -104.71954 67.344666
-139.60266 -105.16968 67.196655
-140.87067 -106.53992 70.02258
-139.151 -105.15442 68.681335
-139.76593 -105.46875 68.089294
-140.4007 -106.23016 68.237305
-140.0589 -105.03235 68.83087
-141.44745 -105.670166 68.68744
-140.02686 -103.9917 69.281006
-138.55591 -105.58014 68.67981
-138.56506 -105.87616 68.23273
-139.07623 -107.52411 69.27338
-139.63013 -105.911255 67.93976
-138.91144 -107.22504 67.4881
-140.51514 -105.04761 68.53638
-139.50653 -106.79779 68.826294
-138.74664 -106.77185 69.5694
-139.59808 -104.870605 68.68439
-138.13171 -106.60858 67.93518
-138.26294 -106.01807 67.785645
-139.97192 -106.95648 70.166016
-138.57574 -106.173706 68.67828
-139.18457 -106.19354 68.67981
-139.07166 -107.52716 67.34009
-139.64081 -106.20575 68.97888
-138.53302 -104.83551 68.97888
-139.0503 -106.78253 68.53027
-139.9704 -106.95801 69.42444
-137.80365 -105.851746 68.2312
-139.47754 -106.05774 66.60004
-138.84277 -105.14526 67.1936
-138.84277 -105.14526 67.1936
-138.68866 -104.989624 68.5318
-137.90588 -104.374695 67.34161
-137.60071 -104.36401 67.78717
-140.03754 -104.43878 68.09082
-139.37988 -102.93579 67.7948
-140.33356 -104.15344 67.944336
-139.71558 -103.98712 67.0517
-139.39514 -103.38135 67.793274
-141.4978 -102.70691 66.3147
-139.71558 -103.98712 67.0517
-142.52777 -101.701355 65.87219
-142.07458 -101.838684 64.98108
-143.61877 -102.4765 66.319275
-142.65747 -100.81177 67.50946
-144.66248 -102.06909 64.09454
-144.68079 -102.51312 65.13367
-145.28961 -102.38037 66.474915
-146.17004 -101.519775 65.1413
-146.7987 -101.98059 67.518616
-148.32306 -102.178955 66.33301
-148.91357 -101.753235 64.99786
-148.88306 -100.71106 66.48712
-149.07227 -101.90582 65.59143
-148.73657 -100.85449 66.33606
-149.51782 -101.623535 65.148926
-151.19629 -101.67389 67.085266
-152.70386 -101.275635 66.345215
-153.50952 -102.786255 65.89813
-153.32489 -101.89209 64.263916
-152.56958 -101.864624 66.789246
-153.78723 -102.056885 64.41345
-153.78723 -102.056885 64.41345
-154.25415 -102.36664 65.15961
-155.15137 -101.94855 64.567566
-156.25305 -103.022766 65.01465
-156.18591 -100.94299 65.019226
-157.55463 -100.98419 65.76538
-156.48041 -100.653076 65.76233
-157.84302 -100.398254 66.36047
-158.61053 -100.71869 66.06445
-158.92029 -100.87891 65.91644
-159.07745 -101.031494 66.06598
-160.27374 -100.479126 64.43329
-159.20258 -100.14496 65.91797
-161.12213 -103.32489 64.13422
-160.44617 -101.075745 65.02991
-161.67297 -101.41144 65.03143
-161.72943 -103.193665 65.3244
-161.26556 -102.882385 65.32593
-160.43701 -100.7782 65.02991
-161.36475 -101.25122 65.92102
-161.8103 -100.97046 65.182495
-162.32605 -102.91901 63.545227
-161.39221 -102.29492 63.69171
-161.99646 -102.16522 63.545227
-162.89368 -101.59912 64.43787
-165.30304 -100.93231 63.85193
-163.09662 -103.237915 63.842773
-166.01105 -104.07257 63.55133
-166.97083 -105.58777 63.40332
-167.7002 -104.56848 64.445496
-166.03699 -104.96521 63.104248
-168.31512 -104.7348 64.59808
-168.36243 -106.06995 66.526794
-168.66302 -106.08215 65.338135
-168.85223 -107.42645 63.404846
-169.04907 -108.61664 65.03754
-169.60449 -107.003784 64.445496
-170.85724 -108.23059 63.853455
-171.46606 -108.099365 65.19318
-171.14868 -107.79419 64.44855
-172.06421 -107.969666 63.856506
-172.37854 -108.27789 63.858032
-170.66803 -107.03583 64.15253
-173.92578 -109.06677 65.04974
-172.71881 -109.324646 65.34271
-174.18823 -107.73926 65.35034
-172.3587 -107.684326 64.305115
-173.26965 -107.562256 64.45465
-173.6206 -108.906555 65.93933
-173.59924 -108.16345 66.38794
-174.17603 -107.29065 66.093445
-174.38507 -108.92639 67.874146
-174.26605 -110.11505 66.08887
-174.96338 -108.055115 67.282104
-174.96338 -108.055115 67.282104
-174.96338 -108.055115 67.282104
-174.96338 -108.055115 67.282104
-176.06049 -109.12933 66.54205
-177.25525 -108.273315 68.18085
-175.88196 -108.23364 67.13562
-177.26746 -108.7204 67.43622
-177.26746 -108.7204 67.43622
-177.2644 -108.721924 66.69464
-177.75726 -109.77478 67.43317
-177.15454 -109.90448 68.02826
-177.79083 -110.81543 67.43164
-178.28369 -112.0163 67.58118
-179.62799 -111.16638 68.18085
-177.98004 -112.00714 67.58118
-178.44543 -112.168884 68.621826
-179.216 -112.490845 68.91937
-178.2074 -114.2395 68.61725
-177.16522 -114.949036 68.16864
-179.3274 -116.05682 67.874146
-177.94342 -115.56854 68.16864
-178.25165 -115.57617 69.65637
-176.62201 -117.16156 67.2699
-177.68555 -117.196655 66.53137
-177.47803 -115.25574 68.16864
-177.7237 -118.23273 68.31207
-177.42767 -118.52112 67.2699
-176.6449 -117.7536 68.30902
-176.46637 -116.856384 68.60809
-176.35803 -118.18695 69.49921
-178.14941 -117.20734 68.76068
-178.58887 -116.62445 69.65485
-178.92151 -117.52777 68.76221
-178.01056 -117.648315 68.16559
-175.0122 -118.888855 68.896484
-177.06909 -116.72821 68.01758
-177.12555 -118.51196 67.567444
-177.12555 -118.51196 67.567444
-178.63007 -117.96265 68.907166
-177.25677 -117.62085 70.391846
-178.31879 -117.655945 69.65332
-179.22974 -117.53693 69.80286
-177.74506 -118.82477 69.05365
-178.65753 -118.7027 70.095825
-178.00293 -117.35077 68.907166
-177.4002 -117.47894 69.50226
-177.65045 -120.45288 70.38727
-176.86615 -119.68536 70.8313
-177.44598 -118.81256 70.53833
-179.1153 -118.71643 70.83893
-178.3783 -119.436646 70.391846
-178.36609 -118.98956 71.136475
-179.46625 -120.062256 71.8811
-178.71857 -120.484924 71.57898
-179.86603 -118.4433 70.39642
-178.98407 -119.303894 71.28601
-180.49774 -119.055176 71.884155
-179.45251 -119.766235 70.83893
-180.02625 -118.59589 71.29059
-179.84467 -117.700195 71.14258
-179.86603 -118.44177 70.84198
-179.12598 -119.01398 71.138
-178.60107 -116.91742 70.840454
-178.32489 -117.65137 71.88263
-178.29742 -116.90979 70.3949
-178.92914 -117.52167 72.032166
-179.32587 -120.3537 72.473145
-179.46625 -120.06378 71.58356
-179.12903 -119.010925 72.62421
-176.89667 -120.425415 73.06061
-178.27759 -120.91522 72.47009
-177.51465 -120.89081 72.021484
-177.80914 -120.60394 72.02301
-176.92871 -121.46454 72.613525
-177.68707 -121.48895 71.873474
-177.69928 -121.78497 73.06213
-176.3382 -122.039795 73.057556
-176.37177 -123.07892 73.054504
-176.48315 -121.89789 72.01843
-176.06354 -122.92175 72.758484
-178.27148 -120.918274 70.24078
-177.29187 -123.40698 72.01691
-175.6134 -123.05603 73.350525
-178.13263 -121.0556 73.80524
-177.45209 -123.558044 73.057556
-178.13568 -121.05408 74.549866
-179.35944 -121.39282 72.47009
-176.89362 -120.42694 71.87195
-176.61285 -121.0083 74.09973
-178.4378 -121.066284 73.36273
-177.18048 -119.841 72.46857
-176.73645 -120.27283 72.46704
-176.41754 -119.81659 71.72394
-177.6352 -119.703674 74.10431
-179.43115 -119.02313 71.13953
-179.09698 -117.970276 73.07129
-178.66364 -118.69812 72.62268
-178.26385 -120.31708 73.957825
-177.75269 -118.82019 71.728516
-177.75269 -118.82019 71.728516
-178.09601 -120.01953 71.876526
-176.71356 -119.529724 72.76459
-178.53394 -119.28558 73.95935
-181.2378 -118.4845 71.59119
-178.43018 -120.76721 74.10431
-179.26636 -118.573 71.28754
-179.16412 -120.051575 73.06824
-179.16412 -120.051575 73.06824
-179.58374 -118.8736 73.516846
-179.92706 -120.07294 73.81134
-180.3772 -119.940186 72.4762
-179.66461 -121.398926 73.51227
-179.48456 -120.50476 73.809814
-180.2414 -120.529175 72.62421
-178.54156 -119.584656 73.51227
-179.29688 -119.31 73.96088
-180.06439 -119.63196 73.516846
-179.01154 -119.89441 74.2569
-179.49219 -120.80231 73.06824
-178.60718 -121.66443 72.76611
-179.49524 -120.80078 74.10736
-180.09033 -120.373535 74.25995
-179.64783 -120.95642 73.21625
-180.13 -121.71173 72.77069
-178.57056 -120.62683 72.024536
-179.52576 -121.84296 73.06671
-178.76587 -121.81854 73.361206
-178.62854 -122.41058 72.021484
-177.88849 -122.97974 73.20862
-179.10767 -123.01636 73.21167
-179.10767 -123.01636 73.21167
-179.66461 -121.398926 73.51227
-179.07104 -121.67511 74.99695
-178.80249 -122.854614 74.54834
-178.48663 -122.55249 73.35968
-177.91443 -123.71979 73.50464
-176.37329 -123.07739 73.79608
-175.61035 -123.05603 72.60742
-178.36456 -123.435974 74.694824
-177.06451 -125.62256 73.794556
-178.36914 -123.73657 72.465515
-178.68347 -124.04175 73.20709
-178.52173 -123.58856 74.84436
-177.97852 -125.80261 72.75696
-178.8681 -124.93591 74.54376
-178.57513 -125.22278 74.84131
-178.70026 -124.487305 74.24774
-177.97546 -125.502014 74.98779
-178.30048 -126.25427 73.79608
-180.11017 -125.71564 74.84436
-178.61938 -126.71051 73.79608
-179.81873 -126.15204 74.6933
-179.81873 -126.15204 74.6933
-179.81873 -126.15204 74.6933
-178.93372 -127.01721 74.09363
-179.36096 -125.98877 75.582886
-179.20074 -125.83771 74.246216
-180.12238 -126.01166 76.031494
-179.55933 -127.48108 74.69025
-179.54254 -126.88599 75.43335
-179.69055 -126.74103 75.582886
-179.55627 -127.482605 73.50159
-178.63159 -127.00653 74.83826
-180.18646 -128.09296 74.83978
-178.49121 -127.449036 74.243164
-179.91028 -128.97491 74.68872
-179.4342 -128.36761 74.83826
-179.96368 -130.6076 75.42877
-180.26276 -130.47028 74.53766
-179.91486 -128.97186 76.47247
-179.53644 -131.48651 75.27771
-177.25372 -131.41632 74.82605
-180.61981 -131.96106 77.06299
-178.03802 -132.18079 75.27313
-180.46875 -132.10907 74.98169
-181.41174 -133.02765 76.02234
-178.85284 -133.99048 73.783875
-177.89307 -132.62634 73.19031
-178.09448 -133.96454 74.52698
-179.02374 -134.43756 75.71564
-176.9455 -136.15723 74.22333
-177.82288 -134.9945 74.82147
-176.47552 -135.69641 74.2218
-179.54865 -136.52954 76.15967
-176.09406 -138.06 73.77014
-176.98059 -137.19482 74.66736
-178.09143 -138.56506 75.704956
-177.20642 -139.42871 75.25787
-176.57776 -138.81378 75.40588
-176.25732 -138.51318 73.17505
-176.46332 -139.99939 74.51172
-177.2232 -140.0238 74.513245
-177.2232 -140.0238 74.513245
-177.36816 -139.88037 74.217224
-176.04828 -141.32233 74.65668
-175.57831 -140.86304 74.65515
-175.12817 -140.99579 75.24872
-174.54834 -141.87012 74.94812
-173.59772 -140.65094 75.24719
-176.5274 -142.08069 73.76404
-174.9466 -140.55328 70.19653
-174.5224 -141.27808 73.16589
-174.59412 -143.35632 74.64905
-174.5346 -141.5741 73.46344
-173.32153 -141.68396 73.75488
-173.16284 -141.53137 73.16284
-174.57428 -142.91382 72.41974
-172.84393 -140.9256 74.798584
-175.0122 -142.33093 73.46344
-173.12622 -140.49225 71.67816
-172.70355 -141.51917 71.97266
-173.75946 -141.25519 72.421265
-170.86487 -141.16669 70.928955
-171.02203 -141.3208 71.07849
-172.49146 -139.58282 72.27173
-171.74988 -140.30304 70.78247
-171.3028 -140.43427 72.71423
-171.7987 -141.63666 73.010254
-171.94977 -141.79535 71.2265
-172.46399 -138.84277 71.08612
-170.69702 -140.56702 71.821594
-170.95184 -139.24408 69.59534
-170.68939 -140.26947 72.265625
-170.68939 -140.26947 72.265625
-170.98694 -140.28168 70.03937
-171.24176 -138.65356 71.676636
-168.97278 -139.03046 70.48035
-168.63708 -137.9776 71.67053
-169.00787 -140.06653 71.66748
-170.47424 -138.63525 69.000244
-170.50323 -139.37683 70.484924
-168.66608 -139.0213 70.1828
-170.02411 -138.61694 71.22803
-170.55054 -136.11298 70.34149
-169.41223 -138.60016 70.18585
-170.46814 -138.3377 70.1889
-170.28198 -137.1399 71.528625
-168.91937 -137.24518 72.41516
-170.3247 -138.47656 71.824646
-169.82727 -137.42676 69.29779
-167.91382 -139.29749 69.4397
-168.1427 -136.92932 69.740295
-169.54803 -138.16223 68.84766
-170.40253 -136.25641 70.4895
-171.22345 -138.05847 71.676636
-168.60962 -137.23907 70.4834
-169.5282 -137.41455 70.780945
-167.96265 -136.03058 70.780945
-168.44482 -136.78894 70.33539
-167.98401 -136.77673 69.592285
-169.04907 -136.80878 69.29779
-169.36798 -137.26501 69.4458
-168.02063 -137.8128 70.77789
-168.12744 -136.48376 69.444275
-169.07043 -137.40082 70.33539
-168.57452 -136.19995 69.74182
-168.49976 -138.4201 71.82007
-167.69714 -137.36115 68.844604
-168.00537 -137.36725 70.77789
-167.41943 -138.09357 69.58771
-168.74542 -136.7981 70.03937
-168.56842 -135.90088 70.93353
-166.76941 -136.8866 68.99414
-166.95557 -137.78076 70.329285
-167.8772 -138.25989 68.25104
-167.01202 -134.81445 70.4834
-167.88635 -138.25378 71.96655
-167.99164 -137.07428 68.84613
-168.45245 -137.08496 70.03784
-167.6651 -136.32202 68.55011
-167.39655 -137.34894 70.03479
-169.07196 -137.39929 71.08002
-167.41028 -137.79602 69.29169
-168.91327 -137.24976 69.740295
-167.48352 -135.42328 68.99719
-167.87567 -137.95624 71.22345
-166.92963 -137.03766 70.033264
-167.08679 -137.1933 69.73572
-167.68799 -137.0636 68.548584
-167.09747 -137.48932 69.73572
-167.0456 -135.8551 70.48187
-167.36145 -136.31287 68.55011
-168.45245 -137.08496 70.03784
-167.80243 -135.88104 68.99872
-167.80243 -135.88104 68.99872
-167.34619 -135.71472 70.33386
-167.07764 -136.89575 69.73724
-166.93726 -137.33673 69.58771
-167.06085 -136.45172 68.696594
-167.68036 -136.76605 69.29321
-167.84058 -136.91864 70.4834
-166.93115 -137.03613 70.77484
-167.56439 -137.94861 68.992615
-165.71655 -137.15057 69.732666
-168.00232 -137.3703 69.29321
-167.38892 -137.05139 70.33081
-167.56744 -137.94708 70.181274
-166.1911 -137.75787 69.288635
-167.1112 -137.93488 69.73419
-167.48962 -135.42023 70.93048
-167.48962 -135.42023 70.93048
-167.48962 -135.42023 70.93048
-167.48962 -135.42023 70.93048
-168.4967 -138.42316 70.33234
-167.97028 -136.33118 69.29474
-167.83752 -136.92017 69.444275
-168.88123 -136.20758 70.484924
-167.64984 -135.72388 70.33386
-168.73016 -136.35406 69.296265
-168.1427 -136.92932 69.740295
-166.77246 -136.8866 69.73724
-168.17169 -137.96997 68.25104
-167.50488 -136.16791 68.25256
-167.0639 -136.4502 69.73724
-168.75305 -137.09564 69.592285
-168.75305 -137.09564 69.592285
-168.72253 -136.055 70.336914
-167.37671 -136.7569 69.29321
-168.08624 -135.14404 70.1889
-167.03186 -135.40802 70.48187
-166.8747 -135.2539 70.77789
-167.79022 -135.43396 69.4458
-169.06738 -137.40234 69.59381
-168.02063 -137.8128 70.77789
-166.76178 -136.43799 70.92743
-168.08014 -134.84497 71.67511
-168.45703 -137.08344 71.52405
-168.11218 -135.88715 71.22803
-167.38892 -137.04987 70.77637
-167.83905 -136.92017 69.740295
-166.96167 -138.07983 69.58618
-168.41125 -135.74829 70.336914
-168.4433 -136.78894 70.03937
-169.05212 -136.80725 70.336914
-167.8482 -137.21619 70.184326
-169.55566 -138.15613 71.821594
-169.66705 -136.97357 70.93506
-169.45038 -139.63623 71.96808
-170.75043 -137.60223 70.487976
-169.82574 -137.12463 72.26868
-169.0857 -137.84485 70.780945
-171.37299 -137.91504 72.27173
-172.70508 -136.92017 70.791626
-173.0362 -137.66937 71.68274
-172.56775 -137.36115 71.23566
-174.2157 -136.52039 71.83685
-174.07074 -136.6623 73.17352
-175.84991 -135.38513 71.24939
-174.9588 -135.94818 72.58301
-176.93024 -135.71014 73.480225
-178.685 -133.6914 71.70563
-177.63824 -134.1034 72.7417
-179.44183 -133.4137 73.490906
-179.60968 -134.01642 72.59827
-179.39758 -132.07855 73.194885
-181.66504 -131.55365 74.54071
-180.56488 -130.48096 74.0921
-182.23572 -130.38635 74.246216
-182.83234 -130.10712 74.24927
-183.1482 -130.26123 75.58594
-183.99811 -128.35846 75.74005
-184.56268 -127.04315 74.70398
-184.52454 -125.701904 76.49078
-185.85815 -124.85809 74.861145
-186.14502 -124.12109 76.34888
-184.89838 -123.19183 76.197815
-186.21674 -121.902466 73.23151
-186.92169 -120.14313 72.79053
-185.66284 -118.91937 72.34192
-186.32965 -115.82031 74.1333
-185.00977 -117.411804 73.53363
-185.87341 -115.80505 74.8764
-183.70514 -114.69879 73.0896
-183.9798 -113.6673 74.13025
-184.81293 -111.17096 73.98987
-182.2464 -112.13684 69.82117
-183.5846 -110.987854 71.90704
-183.5846 -110.987854 71.90704
-182.4707 -109.46808 71.90704
-182.89795 -108.59375 71.01898
-181.49261 -107.51343 69.82727
-179.92859 -106.12793 69.825745
-177.19116 -106.19049 69.37256
-178.96576 -104.61426 69.38019
-175.73395 -103.47595 68.629456
-175.13428 -103.904724 67.289734
-175.4242 -103.31879 68.333435
-173.97461 -100.74921 68.77899
-172.15881 -101.13983 67.585754
-172.15729 -101.14136 66.84265
-172.12372 -100.10071 66.84418
-170.44067 -99.75128 66.69159
-168.28003 -98.64502 67.430115
-166.6214 -99.18976 66.08887
-165.82642 -98.12622 66.08734
-165.31067 -96.1792 67.13104
-163.6612 -97.01843 65.34119
-162.59003 -96.68732 66.52985
-162.43744 -96.832275 65.190125
-159.38263 -96.29059 65.62958
-159.82513 -96.00983 64.888
-159.18884 -95.1004 64.29291
-157.96051 -94.61212 66.67023
-156.4148 -93.82324 65.626526
-155.96313 -93.96057 65.02991
-155.96008 -93.65845 67.55676
-154.41895 -93.31665 65.02838
-153.69263 -94.33441 65.0238
-153.69263 -94.33441 65.0238
-154.15344 -94.34509 66.511536
-152.77252 -94.00635 65.615845
-154.01611 -94.78607 66.36047
-151.51672 -92.78107 65.763855
-152.76337 -93.7088 65.61737
-153.07312 -93.86749 65.763855
-151.58386 -94.859314 66.05682
-150.00153 -97.78137 64.85901
-150.87585 -96.62018 64.567566
-149.78027 -95.54596 66.05072
-149.69482 -97.47162 67.08832
-150.91095 -97.66235 65.0116
-148.63739 -97.735596 66.63971
-148.6618 -98.47717 66.63818
-147.995 -96.82617 65.30151
-147.72797 -97.854614 66.48865
-148.63281 -97.435 68.125916
-148.14758 -96.68121 66.34216
-148.7732 -97.29614 66.04462
-146.94672 -97.239685 66.04004
-147.2641 -97.54486 66.78467
-145.71686 -96.90399 64.84985
-146.65222 -97.52655 65.74249
-145.85114 -96.16394 66.78314
-148.59161 -96.40045 65.15503
-146.17462 -96.76514 67.2287
-146.34247 -97.36786 65.59296
-146.16241 -96.47064 66.04004
-145.85571 -96.46301 65.29541
-146.31805 -96.624756 65.59448
-146.08154 -98.69537 65.88745
-145.16602 -98.516846 66.48102
-145.44373 -97.784424 65.73944
-145.45746 -98.22998 66.03546
-145.78857 -98.98224 66.62903
-146.02356 -96.91162 65.8905
-145.14008 -97.77527 65.737915
-145.16296 -98.5199 65.29083
-145.16296 -98.5199 65.29083
-145.16296 -98.5199 65.29083
-145.76874 -98.38867 65.885925
-146.64154 -97.23053 65.296936
-145.7779 -98.68622 65.589905
-146.31805 -96.624756 65.8905
-146.54083 -94.11011 65.00702
-147.15576 -94.12537 67.533875
-145.58563 -92.44232 68.573
-145.17822 -94.21234 66.33911
-143.8263 -94.46411 68.85986
-141.87012 -95.295715 67.21954
-144.29321 -95.07904 66.03851
-143.09998 -95.784 65.14282
-142.96875 -96.369934 66.77551
-144.7525 -95.09125 66.78314
-144.78302 -96.1319 65.74097
-144.45801 -95.529175 65.88745
-145.24841 -96.29059 67.82074
-144.32678 -96.118164 65.73944
-144.31458 -95.67108 66.48407
-144.33594 -96.414185 65.737915
-144.33594 -96.414185 65.737915
-144.22455 -97.59827 67.074585
-143.8858 -96.546936 66.33148
-144.37103 -97.454834 66.48102
-142.33856 -95.75806 65.58685
-142.51709 -96.65527 65.28778
-142.24854 -97.68524 66.02783
-142.87872 -98.29712 66.32538
-140.56244 -97.18628 66.32233
-141.95862 -98.12012 66.47339
-141.00342 -96.75293 66.6214
-143.10303 -95.780945 66.62903
-142.19818 -96.0495 66.47797
-141.97845 -98.713684 66.47339
-140.56244 -97.18628 66.32233
-139.49432 -97.154236 65.87219
-141.07056 -98.83423 66.61682
-139.81018 -97.45941 66.319275
-141.01715 -97.20154 65.57922
-141.00342 -96.75293 66.32385
-140.28778 -98.2193 65.130615
-140.42053 -97.63031 65.28015
-141.52374 -98.698425 66.76788
-141.51154 -98.40393 65.727234
-138.99231 -100.40283 66.46271
-140.64331 -99.8642 64.83154
-140.58228 -97.78137 67.06543
-141.97998 -98.713684 66.76941
-142.18292 -100.35553 65.5777
-141.05682 -98.54126 64.38751
-140.74707 -98.384094 64.2395
-140.74707 -98.384094 64.2395
-142.87567 -98.30017 65.13672
-142.09442 -97.53113 66.622925
-140.44647 -98.37189 65.72418
-142.09442 -97.53113 66.32538
-139.57672 -99.83215 64.38141
-141.48102 -97.36328 66.76941
-140.54718 -96.7392 66.32385
-142.03949 -95.747375 67.07153
-141.99524 -94.410706 66.329956
-142.1402 -94.26575 66.48102
-142.02881 -95.451355 67.07153
-140.9607 -95.417786 66.32538
-141.87012 -95.295715 67.21954
-142.92908 -95.033264 67.96875
-142.16766 -95.00885 67.518616
-141.29028 -96.16852 67.06848
-142.01965 -95.15381 67.07306
-143.24799 -95.63904 65.73639
-142.20276 -96.04797 67.96417
-143.07251 -94.740295 67.37213
-142.79327 -95.47272 68.855286
-142.79327 -95.47272 68.855286
-143.37463 -94.74945 67.819214
-143.54553 -95.34912 66.778564
-143.44025 -96.8277 67.81616
-142.34619 -95.75348 68.855286
-142.23633 -97.08862 67.96112
-142.22107 -96.64154 67.96265
-143.6203 -97.42584 69.747925
-144.22302 -97.59827 66.62903
-143.13812 -96.81854 67.81616
-143.94684 -98.32764 67.36755
-143.42804 -96.5332 66.6275
-143.47534 -97.86835 68.11218
-143.4967 -98.612976 67.07001
-142.61017 -99.47815 66.026306
-143.24799 -100.3891 65.87677
-143.96057 -98.92578 65.87982
-143.97736 -99.36981 67.07001
-143.06946 -99.49036 67.21649
-145.37659 -100.45471 65.58533
-143.40668 -100.54016 66.76941
-143.39905 -100.24109 67.51251
-145.5246 -100.30975 65.73486
-145.0592 -100.0 65.58533
-143.58215 -101.4389 65.13367
-146.02356 -101.66168 66.02936
-144.9524 -101.33057 66.77246
-145.90454 -102.54822 67.06848
-145.24078 -100.89569 66.02936
-146.3562 -102.41394 66.77399
-146.18225 -101.81427 66.62598
-146.01593 -101.364136 66.47797
-146.80786 -102.430725 65.28931
-146.50726 -102.56958 65.138245
-147.08862 -101.69525 65.73486
-148.30322 -101.58539 65.88745
-149.26758 -103.09601 67.52319
-147.435 -103.04413 64.993286
-148.2544 -100.102234 65.1474
-148.27881 -100.842285 65.88745
-148.27881 -100.842285 65.88745
-148.55347 -99.96033 66.04004
-149.71161 -102.81525 66.78009
-149.55444 -102.66113 66.63208
-150.03662 -103.57056 65.293884
-149.86115 -102.97394 63.661194
-150.4364 -101.79901 66.041565
-151.15967 -100.63629 65.600586
-150.16785 -102.98157 64.84985
-150.00153 -102.53143 64.55536
-151.8158 -102.14081 66.04462
-151.08643 -103.15857 65.29846
-150.16022 -102.68402 65.1474
-150.20447 -104.019165 65.88745
-150.62714 -102.993774 65.8905
-149.1272 -103.689575 64.845276
-151.65558 -101.989746 64.408875
-150.52338 -104.47388 66.48407
-151.52435 -102.578735 65.29999
-151.12915 -104.496765 64.99939
-149.59259 -104.000854 64.8468
-150.9964 -105.085754 64.84833
-150.95673 -103.74603 65.88898
-150.66681 -104.333496 64.40277
-150.52032 -104.47693 64.99786
-151.25732 -103.75824 64.4043
-150.23956 -105.05829 66.33301
-150.70953 -105.8197 62.91504
-150.99335 -105.08728 63.659668
-152.47192 -103.79791 63.368225
-152.52686 -105.4306 64.4043
-152.52686 -105.4306 64.4043
-152.17743 -103.930664 65.74402
-152.7893 -104.10156 64.85443
-152.6474 -104.54559 63.812256
-152.8122 -104.84619 64.40582
-152.94342 -104.25568 64.260864
-152.71759 -106.622314 65.29541
-152.71759 -106.622314 65.29541
-152.71759 -106.622314 65.29541
-152.71759 -106.622314 65.29541
-152.94647 -104.25415 65.00549
-152.70538 -106.326294 64.25476
-151.65863 -107.040405 62.319946
-153.44086 -105.60913 63.07068
-152.81525 -104.84314 65.59601
-153.75214 -105.61371 66.49017
-154.47845 -104.600525 65.00702
-152.95563 -104.55322 65.00397
-153.12653 -105.15137 64.85443
-155.27191 -105.66406 65.30304
-154.47235 -104.60358 63.075256
-155.3894 -104.47693 66.34827
-153.13568 -105.44739 64.852905
-154.49219 -105.04608 64.56146
-155.84412 -104.644775 63.82141
-154.81873 -105.64575 66.789246
-154.79584 -105.05524 65.304565
-155.70374 -104.93469 65.15808
-158.58002 -104.57916 64.86969
-158.52814 -102.94495 64.871216
-158.37708 -102.78931 66.508484
-159.34448 -104.60205 65.61432
-156.29578 -104.359436 65.30914
-157.38525 -105.13611 65.31067
-158.10242 -103.82233 65.31372
-159.0393 -104.592896 65.61432
-160.26001 -104.782104 65.02228
-160.39124 -104.04053 65.91339
-161.00311 -104.208374 65.32135
-160.18524 -102.40326 65.76843
-159.12018 -102.36969 66.06293
-161.39679 -102.293396 65.17792
-158.6853 -103.097534 65.02075
-162.07123 -104.23889 66.51459
-160.26154 -104.78058 65.763855
-162.21771 -104.09546 66.36505
-161.13586 -103.61786 65.91644
-159.50165 -104.756165 66.059875
-160.29053 -105.822754 64.27612
-161.00159 -104.208374 64.57977
-160.4065 -104.63867 64.427185
-162.05902 -103.94592 65.3244
-161.31897 -104.51355 65.76843
-162.82043 -103.97034 65.02991
-162.9837 -104.422 64.43329
-162.39319 -104.84619 65.76843
-159.63898 -104.31366 65.911865
-162.68158 -104.408264 65.623474
-163.24768 -103.09296 65.18097
-161.75537 -103.93524 66.06598
-161.75537 -103.93524 66.06598
-162.06665 -104.24194 64.582825
-162.68005 -104.40979 65.17792
-160.53772 -103.89862 65.319824
-161.17401 -104.65546 67.40112
-163.08746 -102.941895 64.289856
-163.58185 -103.9917 65.77301
-163.06915 -102.19269 66.52069
-162.04224 -103.50037 64.58435
-162.25891 -105.43518 65.91644
-162.04834 -103.497314 66.81213
-161.90338 -103.637695 68.15033
-164.1922 -104.01001 66.519165
-162.0575 -103.94592 64.582825
-161.39984 -102.290344 66.36658
-161.3266 -104.81415 65.02533
-162.31842 -102.46735 66.51764
-161.68976 -101.85394 66.51764
-161.85303 -102.30713 65.17944
-163.1073 -103.533936 64.5874
-161.39984 -102.290344 66.36658
-163.70392 -103.10516 65.92407
-162.65717 -103.66516 65.92102
-162.31537 -102.4704 65.32745
-161.8454 -102.00806 65.92255
-162.01172 -102.45972 65.77301
-162.60376 -102.03247 65.182495
-163.1012 -103.23486 66.07208
-160.8139 -103.01514 65.62042
-162.62512 -102.62451 66.36963
-161.70044 -102.14996 66.81213
-161.86218 -102.301025 68.59741
-161.86218 -102.301025 68.59741
-162.8067 -103.523254 66.07056
-161.85303 -102.30713 65.17944
-161.43036 -103.334045 65.17639
-162.33215 -102.91443 65.77301
-162.9425 -103.0838 65.17944
-163.68866 -102.65961 65.62958
-162.64648 -103.37067 65.17944
-162.78687 -102.93121 65.32898
-164.65454 -104.322815 65.330505
-162.33978 -103.211975 65.32593
-162.34436 -103.2074 67.25769
-162.94403 -103.082275 65.92102
-162.3764 -104.24805 66.51459
-160.51636 -103.152466 66.511536
-162.00562 -102.15759 67.25922
-162.77466 -102.482605 66.519165
-162.78992 -102.92816 66.519165
-162.18414 -103.056335 66.66412
-162.96234 -103.67584 65.92102
-163.53302 -102.50702 65.77606
-162.91656 -102.3407 64.88342
-162.01324 -102.45819 66.51764
-163.68866 -102.65961 65.62958
-161.42426 -103.03345 66.6626
-162.18414 -103.056335 66.36658
-162.16583 -102.61383 65.17944
-162.1582 -102.31476 65.625
-162.04529 -103.49884 66.06903
-161.88812 -103.34625 65.623474
-161.92322 -104.38385 66.6626
-162.0102 -102.46124 65.32745
-162.65411 -103.66669 64.8819
-162.16736 -102.612305 65.625
-163.1134 -103.53088 66.815186
-162.91962 -102.33917 65.92255
-160.8017 -102.568054 67.108154
-162.91656 -102.3407 64.88342
-162.95319 -103.37982 65.92102
-164.44092 -102.388 65.18555
-162.83264 -104.263306 66.51611
-160.22491 -103.43933 67.99774
-163.68866 -102.65961 65.62958
-163.26904 -103.68347 66.667175
-163.25989 -103.38745 66.36963
-163.84125 -102.51312 67.263794
-162.64801 -103.36914 65.625
-162.31537 -102.4704 65.32745
-163.5849 -103.98865 67.25922
-161.32355 -104.5105 67.552185
-163.11035 -103.53241 65.774536
-164.48517 -103.723145 65.62958
-161.7569 -103.933716 66.51306
-162.67548 -104.10919 67.10968
-163.12561 -103.97797 65.77301
-163.1546 -104.86908 66.51611
-162.18262 -103.05786 65.919495
-163.24768 -103.09296 65.18097
-163.8855 -104.00238 65.32898
-162.33978 -103.211975 65.32593
-163.26752 -103.685 65.626526
-161.89728 -103.64227 65.623474
-161.89728 -103.64227 65.623474
-162.32758 -102.91748 64.286804
-162.68005 -104.40979 65.17792
-162.63885 -103.071594 65.625
-162.84943 -104.86145 66.067505
-162.82196 -103.96881 66.06903
-162.83875 -104.5639 65.32593
-161.78284 -104.82788 66.06445
-162.23602 -104.69055 66.36505
-161.35406 -105.55267 66.511536
-161.16791 -104.660034 65.17334
-160.12573 -105.36957 64.87274
-160.12573 -105.36957 64.87274
-160.12573 -105.36957 64.87274
-159.34448 -104.60205 65.91034
-159.9701 -105.21698 64.575195
-159.9701 -105.21698 64.575195
-161.05194 -105.84564 64.27765
-158.67462 -107.39899 66.64734
-159.99146 -105.80902 65.7608
-158.18176 -106.196594 66.796875
-158.18787 -106.49567 65.01312
-158.51746 -107.247925 65.756226
-155.93872 -107.46307 66.04614
-157.78351 -108.26721 64.26544
-154.72412 -107.577515 64.40582
-153.03802 -107.07703 66.04004
-153.03802 -107.07703 66.04004
-154.41132 -107.26929 65.15045
-152.15454 -107.93915 65.885925
-152.59705 -107.50885 65.88745
-152.59705 -107.50885 65.88745
-150.37079 -109.21936 65.582275
-150.0351 -108.16803 66.62445
-148.38257 -109.01184 64.2395
-148.84949 -109.020996 67.95807
-146.19904 -107.159424 65.72266
-145.62378 -108.02765 67.8009
-145.80383 -108.924866 67.20581
-144.9173 -109.79004 66.31012
-144.4809 -110.217285 68.24036
-142.49878 -110.006714 68.08777
-142.67273 -110.90546 66.45203
-142.3523 -110.45227 66.004944
-141.0492 -112.33978 67.03949
-141.47644 -111.31134 68.52722
-141.1438 -110.409546 68.67676
-140.29236 -112.31232 68.818665
-139.21661 -111.98273 68.522644
-139.24255 -112.72278 69.56177
-139.73083 -113.78021 68.51959
-139.86359 -113.1897 68.66913
-140.03754 -113.786316 70.007324
-137.32452 -114.44397 70.443726
-137.48627 -114.74304 70.739746
-137.0758 -116.22009 69.69757
-137.19482 -115.02991 71.780396
-138.02338 -117.13104 72.96753
-136.34491 -116.93268 72.369385
-135.90393 -117.51404 71.17767
-136.49902 -117.085266 71.77582
-135.64758 -118.99109 71.17462
-135.44159 -117.35077 70.729065
-136.00464 -120.63446 71.61865
-135.62317 -118.24951 71.17462
-133.98895 -119.38324 71.46759
-134.58557 -118.95599 72.361755
-134.95789 -121.04492 72.654724
-135.99854 -120.33386 72.6593
-135.5362 -120.17059 72.509766
-135.82611 -119.73724 72.213745
-137.2406 -121.11664 72.66083
-135.26611 -121.20209 72.9538
-135.25238 -120.755005 73.6969
-133.96606 -123.38867 72.351074
-135.02502 -123.12317 73.394775
-134.73969 -123.70911 73.0957
-135.48889 -123.435974 72.35565
-135.46753 -122.691345 73.098755
-135.02197 -123.12622 72.354126
-135.0296 -123.12164 74.88098
-133.97064 -123.38562 73.83728
-134.88007 -123.265076 74.435425
-134.58405 -123.55499 73.98529
-135.36987 -124.31793 74.435425
-133.26721 -125.146484 73.8327
-134.78088 -124.74213 76.06659
-134.47418 -124.73297 75.32196
-134.80835 -125.78735 74.1333
-134.04999 -125.75989 75.31891
-133.7555 -126.049805 74.87335
-133.61359 -126.34125 75.16937
-133.61359 -126.34125 75.16937
-133.33435 -127.07214 76.057434
-133.94165 -126.94092 77.39868
-134.1629 -129.1748 76.353455
-133.35114 -127.516174 77.09656
-133.63495 -126.93329 76.21002
-132.28302 -127.48566 75.6073
-133.19397 -127.36206 76.94855
-133.79364 -127.08435 77.09808
-133.02155 -126.763916 76.80206
-134.26361 -127.394104 78.437805
-133.38165 -128.55835 76.353455
-132.95288 -129.43573 75.90485
-132.17316 -128.66821 76.64795
-133.08563 -128.84674 75.6073
-132.93457 -128.68958 77.690125
-133.6792 -128.42102 75.16632
-132.93152 -128.6911 76.20392
-133.67157 -127.97241 77.69318
-131.41327 -128.64227 77.38953
-133.11157 -129.58527 77.093506
-133.2489 -128.99628 77.690125
-132.82166 -129.87213 77.83508
-133.06427 -128.10059 77.09503
-133.99811 -128.72467 76.65253
-132.47833 -128.67584 77.39258
-133.40149 -129.15192 76.35193
-134.77936 -129.49371 75.46234
-135.08606 -129.49982 76.95007
-133.2901 -130.48553 75.16174
-132.96204 -129.73175 75.45624
-132.96204 -129.73175 75.45624
-134.758 -128.74908 76.208496
-133.41675 -129.59747 76.797485
-134.2926 -128.4378 76.65405
-134.00116 -129.02527 74.71924
-134.23462 -126.9577 72.94159
-134.51233 -126.07422 73.38867
-135.74524 -126.708984 72.20001
-134.79614 -125.49286 72.647095
-134.55048 -127.11182 74.871826
-134.56879 -127.8595 72.64252
-133.83026 -128.57819 73.08502
-135.0296 -128.02124 73.68164
-135.67657 -129.22821 72.64252
-134.8938 -128.61328 72.34497
-136.50513 -126.73187 72.50061
-135.86578 -125.8255 70.866394
-135.45227 -126.99432 73.68622
-135.92987 -127.60315 73.38867
-133.92334 -126.649475 73.97919
-133.18787 -127.36664 74.42322
-134.51385 -126.07422 73.83423
-134.20563 -125.91553 74.42932
-132.98187 -126.031494 70.86029
-133.88672 -125.61188 72.94159
-132.8659 -126.91498 73.23456
-131.76727 -125.842285 73.23456
-132.22351 -126.00708 71.89636
-132.05414 -125.25787 73.23456
-131.7337 -124.80011 72.93854
-132.9773 -125.730896 73.08807
-132.09686 -126.59454 73.23303
-133.28857 -125.738525 74.871826
-133.29468 -126.0376 73.83118
-131.33545 -126.5686 73.67554
-130.07507 -125.042725 75.31128
-130.96771 -124.47815 74.71924
-129.65698 -126.36871 73.37494
-131.44073 -125.0885 74.12567
-131.7215 -124.505615 72.19391
-132.35931 -125.2655 73.97766
-131.44989 -125.38605 73.8266
-131.73828 -124.79706 74.72229
-129.49829 -126.21918 72.18475
-128.75824 -126.786804 73.2254
-130.40466 -125.94452 74.56665
-130.86395 -125.95825 75.31128
-132.37762 -125.860596 73.97766
-132.37762 -125.860596 73.97766
-132.37762 -125.860596 73.97766
-130.59998 -127.28729 73.97003
-130.54504 -125.50354 74.71771
-130.1178 -126.38092 74.86267
-130.83344 -125.07019 74.124146
-131.44989 -125.38605 73.8266
-130.97534 -124.77722 73.23303
-130.92499 -123.14148 74.72229
-130.20477 -124.45526 73.97308
-131.14929 -125.37384 75.312805
-131.15845 -125.97351 71.89484
-130.98907 -125.22278 73.67554
-131.44073 -125.0885 74.12567
-131.44073 -125.0885 74.12567
-132.60193 -123.342896 73.83423
-131.98547 -123.1781 72.94159
-132.31049 -123.78082 73.239136
-130.75104 -122.543335 73.384094
-131.4148 -124.3454 73.38257
-131.40411 -124.04938 73.08655
-130.33752 -124.017334 72.34039
-129.8645 -123.40851 73.23303
-132.26471 -122.44415 72.499084
-131.74133 -120.503235 70.866394
-131.57654 -120.05005 71.014404
-130.6778 -120.469666 70.86334
-131.01501 -121.517944 70.86334
-129.42657 -119.39087 70.86182
-133.3847 -119.664 69.97986
-133.06427 -119.210815 69.384766
-132.54242 -116.963196 71.46759
-131.5094 -117.970276 71.01898
-132.38373 -116.81213 70.42694
-133.60138 -116.99982 69.53888
-132.74078 -118.45398 70.8725
-133.75092 -116.85486 70.13245
-132.79266 -115.49072 68.79425
-133.52661 -114.6225 69.244385
-132.66602 -116.378784 68.19916
-134.14917 -115.086365 68.948364
-133.85925 -115.522766 69.54193
-134.46198 -115.39612 68.65234
-132.48901 -115.48004 69.53735
-133.81195 -114.190674 67.76123
-133.81195 -114.190674 67.76123
-132.79266 -115.49072 68.79425
-131.55823 -115.01007 67.90314
-132.59888 -114.29901 68.203735
-131.87408 -115.31372 68.94226
-132.44781 -114.14337 69.98596
-132.83691 -116.978455 67.30652
-131.43463 -115.89661 67.752075
-132.01752 -114.871216 70.28046
-132.00226 -114.57672 68.05267
-131.90002 -116.05835 69.38782
-130.79224 -114.686584 69.38782
-131.8985 -116.05835 68.940735
-132.93304 -115.04974 69.688416
-130.90515 -113.50403 68.79425
-131.5506 -114.712524 68.644714
-130.44586 -113.18817 71.17157
-130.59082 -113.04321 70.72449
-130.91583 -113.80005 69.23981
-130.94635 -114.8407 68.04962
-131.64215 -112.78534 68.79578
-131.48346 -112.63275 68.64929
-131.073 -113.95264 69.68536
-131.37817 -114.112854 68.05267
-131.08063 -114.25018 69.38934
-131.80084 -112.934875 70.13397
-133.34503 -113.72833 68.948364
-130.9143 -113.801575 68.496704
-131.36139 -113.51776 68.499756
-130.46265 -113.93585 68.64319
-131.51703 -113.671875 68.94379
-131.52466 -113.96942 68.20068
-131.38123 -114.11133 69.24133
-129.64325 -112.12921 68.19916
-130.91278 -113.801575 68.05115
-130.13 -113.03253 68.496704
-131.9809 -113.83362 69.540405
-132.88727 -113.7146 68.94684
-131.64062 -112.78534 68.0542
-129.99878 -113.62152 70.12787
-132.53479 -112.21771 68.94989
-130.09796 -111.99341 68.49823
-132.52411 -111.920166 68.94989
-130.12848 -113.03253 68.05115
-130.60455 -113.79547 66.563416
-131.49261 -112.92877 68.647766
-132.25555 -112.95166 68.64929
-132.38068 -112.0636 69.54346
-131.51703 -113.6734 68.64624
-131.39954 -114.85748 67.0105
-130.09949 -111.99188 69.24133
-131.4621 -111.8866 70.1355
-131.7749 -112.194824 68.94684
-131.32782 -112.47711 68.50128
-131.90765 -111.45477 70.28656
-129.92859 -111.543274 68.64624
-131.92291 -112.05139 68.79883
-131.95343 -113.090515 68.055725
-130.01099 -113.916016 71.16852
-131.9809 -113.83362 69.24286
-131.82983 -113.9801 67.90466
-131.82983 -113.9801 67.90466
-129.81415 -112.727356 68.04962
-131.78864 -112.64038 68.94684
-131.64368 -112.78381 69.24286
-131.79779 -112.93793 68.647766
-131.95648 -113.08899 69.244385
-131.99005 -114.131165 69.24286
-132.45544 -114.593506 67.012024
-132.74231 -113.85651 69.244385
-133.22144 -114.61487 68.50128
-131.83136 -113.97705 68.94379
-133.2489 -115.50598 68.499756
-132.43866 -113.845825 69.98596
-131.70166 -114.56604 69.53735
-131.45142 -116.189575 70.277405
-131.59637 -116.049194 69.68384
-132.93152 -115.04974 69.392395
-130.6778 -115.87219 68.49213
-130.80139 -114.982605 69.38782
-131.87866 -115.312195 70.42847
-132.65076 -115.78369 69.68689
-132.39288 -117.10968 70.129395
-133.58154 -116.25519 70.72754
-132.69196 -117.12036 68.94226
-131.62689 -117.08984 68.64166
-131.48193 -117.230225 69.23523
-132.70416 -117.41638 69.68384
-132.88574 -118.31207 69.97986
-131.90155 -116.05835 69.68384
-132.53632 -116.96625 69.53583
-132.83081 -116.52832 70.27893
-132.83081 -116.52832 70.27893
-132.83081 -116.52832 70.27893
-132.48138 -115.182495 69.984436
-131.61926 -116.79077 69.68231
-131.90765 -116.35437 68.93921
-132.70416 -117.41638 69.68384
-133.30994 -117.28668 69.98291
-131.7627 -116.4978 69.236755
-131.9107 -116.35437 69.68231
-131.71082 -114.86359 69.23981
-132.69958 -117.41791 68.19763
-132.10297 -117.54608 70.27588
-131.94427 -117.39197 70.12634
-131.427 -115.44342 70.72296
-130.2414 -116.448975 69.2337
-131.99615 -119.1803 67.89551
-132.56836 -118.00842 68.78967
-131.5033 -117.97485 68.78815
-132.05566 -116.21246 68.496704
-132.06482 -116.508484 68.7912
-132.41882 -117.84973 70.8725
-133.28247 -116.54663 68.49823
-132.35474 -116.07361 68.19916
-132.10144 -117.54608 69.97986
-133.57849 -116.25824 69.540405
