-0.1651001 4.1443634 9.454041
-0.44267273 3.9720917 9.157333
-0.38763428 4.043869 9.025726
-0.25125122 4.19223 9.212372
-0.26560974 4.285553 9.343979
-0.275177 4.19223 8.903687
-0.29670715 4.204193 8.985046
-0.26081848 4.2424774 9.171692
-0.18424988 4.2113647 9.059235
-0.13639832 4.1563263 9.078369
-0.14356995 4.1276245 9.171692
-0.25842285 4.1491547 9.334396
-0.31106567 4.2424774 9.382263
-0.29431152 4.158722 9.188446
-0.105285645 3.9864502 9.219543
-0.055038452 4.0534363 9.439682
-0.052642822 4.0989075 9.384644
-0.13639832 4.0055847 9.399002
-0.19621277 4.0390778 8.874985
-0.100494385 4.1036835 9.090332
-0.3134613 4.067795 9.037689
-0.46420288 4.065399 8.997009
-0.50727844 4.043869 9.133408
0.29910278 4.043869 9.121445
0.0143585205 4.216156 9.399002
-0.35414124 3.9936218 9.456436
-0.39959717 3.974472 9.272186
-0.31585693 4.031906 9.078369
-0.29431152 3.9553375 9.0759735
-0.41156006 3.9266205 9.300903
-0.35891724 3.907486 9.434906
-0.28953552 3.9218292 9.501892
-0.24885559 3.900299 9.468399
-0.24885559 3.8763733 9.296112
-0.43070984 3.9098663 9.013763
-0.59103394 3.8763733 8.951553
-0.7513428 3.9194489 9.001801
-0.899704 3.9601288 9.087936
-1.0217285 3.9768677 8.8989105
-1.2681885 4.0343018 8.721832
-1.4763641 4.165909 8.4179535
-1.5553284 4.2640076 8.025528
-1.6319122 4.388443 8.252853
-1.5912323 4.3381805 8.745773
-1.6366882 4.2065887 8.714661
-1.6390839 4.19223 8.082962
-1.7084808 4.165909 7.463211
-1.689331 4.1443634 7.594818
-1.3567352 4.0007935 7.9489594
-1.138977 3.8332977 8.389236
-1.0241241 3.7112732 8.752945
-1.0432739 3.4073792 9.030518
-1.1964111 3.2733765 9.343979
-1.138977 3.110672 9.413361
-1.2466583 3.036499 9.238693
-1.2203369 3.053238 8.855835
-0.95474243 3.172882 8.578262
-0.5862427 3.0771637 8.547165
-0.63409424 2.9934235 8.860626
-0.7154541 2.8570251 9.743576
-0.37327576 2.7350006 9.784256
-0.3062744 2.9527435 9.030518
-0.45942688 3.3188477 8.803192
-0.279953 3.2326965 9.049652
-0.086135864 3.1130676 9.621536
-0.0047912598 3.0652008 10.112076
0.25602722 2.9623108 10.334595
0.42114258 3.1345978 10.387238
0.3900299 3.1369934 10.27478
0.36610413 2.9168549 9.999603
0.4019928 3.0029907 9.745972
0.43070984 3.184845 9.664612
0.46180725 3.1585236 9.877579
0.5024872 3.0508423 10.157532
0.44267273 3.1011047 10.305893
0.5623169 3.041275 10.10968
0.7393799 3.0556335 9.856033
0.76330566 3.069992 9.750748
0.653244 2.9240265 9.982849
0.3637085 2.7589264 10.286743
0.44984436 2.7014923 10.600204
0.63409424 2.6656036 10.506882
0.55992126 2.6081696 9.9062805
0.4402771 2.6081696 9.564117
0.3014984 2.6488495 9.633499
0.24406433 2.526825 9.860825
0.34457397 2.5698853 10.229324
0.5407715 2.6727905 10.313065
0.43310547 2.6488495 10.13121
0.20817566 2.5866394 9.930222
0.13160706 2.6033936 9.963715
0.447464 2.6823578 10.179062
0.79441833 2.6943207 10.37767
0.68434143 2.600998 10.29393
0.5790558 2.526825 10.016357
0.5096741 2.498108 9.872787
0.50727844 2.4191437 9.939789
0.6077728 2.3617096 9.96611
0.6508484 2.4765778 10.229324
0.76330566 2.3665009 10.363312
0.6628113 2.3066864 10.248459
0.5120697 2.3234253 10.10968
0.71066284 2.3234253 10.092926
0.8039856 2.3473663 10.143173
0.8111725 2.354538 10.21257
0.92362976 2.3401794 10.243668
0.7680969 2.3162537 10.155136
0.64845276 2.2636108 10.025925
0.67237854 2.3449707 9.997208
0.75852966 2.3090668 9.848862
0.6125641 2.3330078 9.777069
0.59820557 2.2947235 9.750748
0.62213135 2.210968 9.724426
0.5024872 2.2564392 9.808182
0.49771118 2.2636108 9.9015045
0.5383911 2.2181396 9.956543
0.5407715 2.2420807 9.949356
0.5886383 2.3665009 9.999603
0.62931824 2.3282166 10.059433
0.64845276 2.2899323 10.069
0.63648987 2.3066864 9.968506
0.67237854 2.3042908 9.836899
0.41635132 2.2875366 9.856033
0.2679901 2.1966095 9.9015045
0.33738708 2.1966095 9.870392
0.43788147 2.2301178 9.853638
0.52163696 2.182251 9.846466
0.3900299 2.1152496 9.812973
0.21296692 2.0362854 9.951752
0.18664551 2.0267181 10.080963
0.18664551 2.0721893 10.229324
0.25125122 2.0482635 10.205383
0.29193115 2.100891 10.045074
0.32781982 2.1678925 9.841675
0.42114258 2.2372894 9.836899
0.38763428 2.244461 10.138397
0.4091797 2.2014008 10.272385
0.447464 2.2779694 10.133606
0.45703125 2.273178 9.846466
0.3756714 2.292328 9.765106
0.4785614 2.2492523 9.96611
0.48812866 2.1966095 10.1479645
0.39482117 2.1966095 10.174286
0.3900299 2.1726837 10.183853
0.44506836 2.148758 10.224533
0.3637085 2.1296082 10.236496
0.33738708 2.210968 10.114456
0.35653687 2.177475 9.848862
0.37088013 2.3090668 9.777069
0.38523865 2.148758 9.841675
0.43788147 2.1559296 9.879959
0.4283142 2.1678925 9.853638
0.39720154 2.2707825 10.80838
0.25842285 2.2348938 9.9756775
0.19142151 2.297104 9.310471
0.3517456 2.5220337 9.073578
0.6125641 2.100891 9.564117
0.033493042 1.9573364 10.167099
0.105285645 2.239685 10.8012085
1.0169525 2.2253265 10.892136
1.1892395 2.1343994 10.518845
0.6460571 2.3521423 9.82254
0.33259583 2.321045 9.262619
0.31585693 2.3617096 9.477966
0.53359985 2.3018951 10.260422
0.59820557 2.2372894 10.78685
0.5886383 2.268402 10.566711
0.59580994 2.3114624 10.107285
0.6077728 2.3497467 9.805786
0.6149597 2.3928223 9.710068
0.58384705 2.416748 9.753143
0.5144501 2.3976135 9.875183
0.4402771 2.3473663 9.937393
0.22732544 2.376068 10.169495
0.16989136 2.285141 10.1766815
0.1531372 2.3928223 9.827316
0.1651001 2.4741821 9.623932
0.29431152 2.5028992 9.810577
0.4139557 2.519638 10.136002
0.39720154 2.5435638 10.365707
0.447464 2.4717865 10.344177
0.4283142 2.490921 10.279572
0.44506836 2.4646149 10.102493
0.47138977 2.4382935 9.951752
0.4905243 2.4717865 9.973282
0.55513 2.5363922 10.138397
0.6699829 2.5627136 10.301102
0.68196106 2.5292206 10.411179
0.59820557 2.4550323 10.327423
0.30389404 2.4311066 10.195816
-0.007171631 2.4023895 10.260422
0.026321411 2.4382935 10.344177
0.3517456 2.5770721 10.313065
0.58384705 2.5962067 10.167099
0.46180725 2.5818634 10.1814575
0.24645996 2.5531464 10.31546
0.279953 2.6943207 10.451843
0.33738708 2.5794678 10.325027
0.22492981 2.560318 10.001999
0.32063293 2.6057892 9.566513
0.28953552 2.6608124 9.339188
0.117248535 2.6033936 9.497116
-0.22253418 2.6679993 9.786652
-0.088531494 2.720642 10.023529
0.4019928 2.8953094 9.9062805
0.89730835 2.9120636 9.346359
0.8518524 3.0795593 8.989838
0.55752563 3.2925262 9.131012
0.42114258 3.213562 9.434906
0.55513 3.2996979 9.9039
1.105484 3.4002075 9.750748
1.450058 3.4815521 9.540192
2.2707825 4.443466 9.358322
2.3473663 3.2374878 9.408585
-0.009567261 2.9718933 8.738586
0.26560974 3.637085 8.951553
1.1557312 3.259018 8.843872
1.4476624 3.3020935 9.394226
1.3974152 3.3427734 9.647858
1.3686981 2.9838562 9.643082
1.1988068 2.572281 9.410965
1.0097656 2.5100708 9.360718
1.2586212 2.6392822 9.509079
1.4644012 2.7708893 9.461227
1.5385895 2.6967163 9.937393
1.1126556 2.9216309 9.973282
1.0887299 3.2781677 9.970886
0.9882355 3.3666992 9.76033
1.0528412 3.180069 9.047256
0.55513 3.0939178 8.671585
0.6699829 3.0915222 8.73381
0.37327576 3.2494507 8.975479
-0.052642822 2.7062836 9.791428
-0.107681274 2.7158508 10.267609
0.08135986 2.8881378 9.805786
-0.22013855 2.9886322 9.363113
-0.67237854 2.7302094 9.3511505
-1.2322998 2.651245 9.305695
-1.1270142 2.6488495 8.853439
0.16989136 2.5507507 9.138184
-0.39720154 2.567505 9.300903
-1.0121613 2.6105652 9.360718
-1.3997955 3.122635 9.140579
-1.7850494 3.517456 9.04248
-1.7204437 3.6227264 8.863022
-1.3471527 3.5102692 8.970688
-1.0145569 3.385849 9.43251
-1.2346954 3.3643036 9.726822
-1.4117584 2.9479523 9.994827
-1.2394867 2.6105652 10.222137
-1.1940155 2.5770721 10.279572
-1.2610168 2.7086792 9.985245
-1.3184509 2.6488495 9.406189
-1.6821594 2.6129608 9.095123
-1.5553284 2.646469 8.903687
-1.2658081 2.589035 9.293716
-1.2562256 2.5172424 9.3511505
-1.6534424 2.4933167 9.193222
-2.0602264 2.560318 9.367905
-2.1726837 2.6368866 9.76033
-1.6223297 2.3736877 10.506882
-0.99780273 2.0123596 11.011765
-0.85902405 1.7539368 10.892136
-0.9451599 1.4572296 10.449463
-0.7657013 1.3471527 10.169495
-0.31585693 1.2322998 9.815353
-0.31825256 1.1006927 9.308075
-0.8685913 1.311264 8.968292
-1.2873383 1.4787598 8.913269
-1.3567352 1.7515411 8.8367
-1.4333038 1.8448639 8.803192
-1.6079712 1.7970123 8.719452
-1.7204437 1.9788666 8.834305
-1.832901 2.1966095 9.537796
-1.5266266 2.2037964 9.712463
-1.2514496 2.2468567 9.659821
-1.4380798 2.2827454 9.7986145
-1.7276154 2.376068 9.985245
-1.2705841 2.663208 10.13121
-0.99302673 2.6943207 10.052246
-1.0695953 2.703888 9.516251
-1.1892395 2.8139648 9.408585
-1.1652985 2.8115692 9.399002
-1.1940155 2.8187408 9.667007
-1.5074768 3.0053864 9.990036
-1.1605225 2.761322 9.67897
-0.7896271 2.6943207 10.21257
-0.59580994 2.6990967 10.389633
-0.830307 3.0460663 9.734009
-0.4857483 2.7541351 8.705093
-0.16270447 2.3042908 8.599808
0.0765686 2.778061 9.848862
-0.31585693 3.0771637 10.167099
-0.6652069 3.4408722 9.923035
-1.1557312 3.534195 10.413559
-1.311264 3.2805634 10.8059845
-0.928421 3.2901306 10.741379
-0.31106567 2.6440735 10.724625
0.447464 1.9860382 10.731812
0.28234863 1.3830566 12.739395
0.72262573 1.4309082 10.846664
0.33259583 2.3641052 9.643082
-0.06939697 2.3306122 10.018753
0.4737854 1.9381866 10.128815
1.179657 1.7419739 10.29631
0.90927124 1.3758698 11.698517
0.0143585205 0.69392395 12.775284
-0.5886383 0.24406433 13.150955
-0.653244 0.75613403 12.681961
-0.6699829 1.8855438 9.961319
-0.14117432 2.9144592 7.0588226
0.81355286 3.069992 5.6661987
1.2251282 2.9359894 6.4989014
0.77526855 2.1918182 9.310471
-0.3397827 1.450058 11.516663
-0.7776642 1.4476624 11.830109
-0.830307 1.7730865 10.880173
-0.447464 1.9477539 9.856033
0.21534729 1.9262238 8.829514
0.7728882 2.0315094 8.121246
1.0001984 2.321045 8.307877
0.91645813 2.2827454 8.867798
0.79441833 2.222931 9.109482
0.4905243 2.297104 9.255432
0.36131287 2.514862 9.3511505
0.34695435 2.5914307 9.418152
0.23928833 2.6608124 9.619141
-0.011962891 2.8402863 10.09053
-0.1603241 3.0341034 9.992432
-0.29193115 3.3714905 9.51387
-0.5359955 3.4002075 9.712463
-1.0743713 3.069992 10.329819
-0.9786682 2.802002 10.777267
-0.5144501 2.9886322 11.212769
-0.5144501 2.806778 10.554749
-0.9403839 2.1846466 10.947159
-1.1174469 1.5936127 12.588638
-1.0480499 0.62931824 13.607986
-0.45942688 0.21534729 12.619751
0.24885559 0.42591858 10.09053
0.624527 0.8039856 8.157135
-0.550354 0.95474243 8.688339
-2.2875366 0.9714813 9.858429
-3.0580292 0.99780273 10.655243
-2.4550323 0.90448 10.298706
-1.0528412 0.94755554 9.207581
-0.06460571 0.9140625 8.396408
0.3134613 0.98583984 8.085342
0.24406433 1.2179413 8.047058
-0.3517456 1.586441 8.214554
-0.68434143 2.0841522 8.044662
-0.73698425 2.416748 8.001602
-0.8805542 2.617752 8.3198395
-1.3782654 3.110672 8.774475
-1.0480499 3.0029907 9.030518
-0.49771118 2.773285 9.422943
-0.107681274 2.5770721 9.377472
-0.098098755 2.7924194 9.6263275
-0.33738708 3.1896362 9.671783
-0.18664551 3.4121704 9.777069
-0.23928833 3.2303162 10.159927
-0.30389404 2.995819 10.734207
-0.105285645 2.9312134 11.289337
0.38285828 3.0053864 10.48056
0.5790558 2.4622192 10.504486
0.5862427 2.038681 11.059631
0.6963043 1.9716797 11.593231
0.22732544 1.5314026 12.732208
-0.35653687 0.899704 13.653442
-0.30389404 0.6197357 12.650848
0.112457275 0.9403839 10.389633
0.5312042 1.5050812 8.370087
0.4139557 1.9932251 7.6331024
0.086135864 2.074585 8.666809
-0.46420288 1.6103668 10.698303
-0.69392395 1.2059784 11.349152
-0.6388855 1.0624084 9.621536
-0.41635132 1.1365967 8.458633
-0.44267273 1.3830566 8.786438
-0.40678406 1.5720825 9.793823
0.0023956299 1.3543396 9.841675
0.49531555 1.5912323 8.618942
0.4737854 2.0003967 7.4392853
0.23210144 2.4430695 7.417755
-0.39482117 2.5914307 8.499313
-0.39720154 2.526825 9.154938
-0.15553284 2.5076752 9.635895
0.06700134 2.4837494 10.138397
0.023925781 2.4669952 10.442276
-0.38046265 2.3282166 11.057236
-0.80877686 2.165512 11.571686
-0.67477417 2.1343994 11.696121
-0.5407715 2.1248322 11.452057
-0.62213135 1.6725769 12.880569
-0.39242554 1.1605225 12.835098
-0.33499146 0.9308014 13.050461
-1.0073853 0.7680969 13.706085
-0.9451599 0.69869995 12.586243
0.13400269 0.6891327 9.552155
0.9906311 0.7680969 6.924835
0.8925171 0.9882355 6.5970154
-0.46420288 1.2873383 7.915451
-1.9836426 1.524231 9.8033905
-2.5220337 1.249054 11.26062
-1.7946167 0.7298126 11.540588
-0.830307 0.27278137 10.494919
-0.46899414 0.42352295 9.006592
-0.74894714 1.4356995 8.049454
-0.94277954 2.0195465 7.523041
-1.0576324 2.4191437 7.3459625
-1.0552368 2.6823578 8.082962
-1.1006927 2.8785706 8.843872
-0.94755554 2.7876434 9.542572
-0.91166687 2.5698853 10.174286
-0.84706116 2.5005035 10.511673
-0.54556274 2.725418 10.5308075
-0.5934143 2.8522491 10.322632
-1.0576324 3.0843506 10.157532
-1.3615112 3.2231293 10.406387
-1.1174469 2.9742737 11.119446
-0.39482117 2.5770721 11.358734
0.34695435 2.120041 10.420746
0.34457397 2.3042908 9.470795
-0.37088013 2.7637177 9.315262
-1.1700897 2.7493591 11.394623
-1.3878326 2.1990051 13.978867
-0.94277954 1.0097656 13.524231
-0.07417297 0.5479584 10.564316
0.41156006 1.5098724 8.262421
-0.36610413 1.4404755 9.915863
-0.55274963 1.4428711 11.028519
-0.5479584 1.3543396 11.286942
-0.75852966 1.3040924 9.949356
-1.2849426 1.8472595 8.066208
-1.6749725 2.9981995 7.511078
-0.73698425 2.8330994 7.9082794
0.057434082 2.1343994 8.295914
0.45942688 2.0291138 8.118851
0.14596558 2.5651093 8.0686035
-0.47138977 3.0580292 8.405991
-0.62213135 3.1537476 9.303299
-0.28474426 2.9910278 9.887146
0.088531494 2.5698853 9.908676
0.2632141 2.292328 10.016357
-0.279953 2.4191437 10.332214
-0.90448 2.691925 10.722244
-0.5144501 2.5938263 10.516449
0.011962891 2.7421722 9.853638
-0.112457275 2.773285 8.963516
-0.2632141 2.5746765 10.844269
-0.8422699 1.6725769 12.775284
-1.2227325 1.138977 13.584061
-1.2562256 1.0504456 12.299103
-0.18664551 1.2059784 9.710068
0.81355286 1.2514496 7.862808
0.17945862 1.2753754 8.324631
-1.2705841 0.93559265 10.291534
-1.7970123 0.5264282 11.746368
-1.3447723 0.40438843 11.492722
-0.5048828 0.6053772 9.949356
0.090927124 0.9523468 9.099899
0.102890015 1.1030884 8.817551
-0.17228699 1.4021912 8.551941
-0.24885559 1.6127625 8.231308
-0.29910278 1.6797638 8.461029
-0.5024872 1.8592224 9.080765
-1.1030884 1.8496552 9.439682
-1.3663025 1.4644012 9.61676
-1.2418823 1.2681885 9.815353
-1.1988068 1.586441 9.561722
-1.529007 1.9286194 9.219543
-1.1724854 1.8185425 9.243469
-1.3256226 1.8352966 9.784256
-1.5960083 1.6319122 10.246063
-1.804184 1.414154 10.54039
-1.7443695 1.3639069 10.691132
-1.5625153 1.6845398 10.892136
-1.4691925 1.804184 10.621735
-1.5098724 1.689331 11.377869
-1.2897339 1.7754669 11.401794
-0.37327576 1.758728 9.339188
0.062210083 1.5888367 9.430115
-0.117248535 1.1485596 9.824936
0.062210083 1.0959167 10.990234
0.105285645 1.1294098 11.870789
0.19381714 1.0959167 11.119446
0.4905243 1.2873383 8.817551
0.4737854 1.8903351 7.6378937
-0.06700134 2.100891 8.5208435
-0.42114258 1.7371826 10.226929
-0.64845276 1.2873383 11.002197
-0.87815857 0.8231354 10.56192
-0.3900299 0.5790558 10.609772
-0.026321411 0.6412811 11.385056
0.07417297 0.72024536 11.6362915
-0.17468262 0.9954071 10.815552
-0.5766754 1.5361938 8.963516
-0.85902405 1.9884338 7.6737823
-0.70588684 1.935791 8.169098
-0.4785614 1.483551 9.690933
-0.47138977 1.1222382 10.554749
-0.79441833 1.1222382 10.4231415
-1.0097656 1.4739838 10.10968
-1.1509552 1.5026855 10.174286
-1.0576324 1.426117 10.6026
-0.8638153 1.2514496 10.564316
-0.49531555 1.2705841 9.836899
-0.33499146 1.5314026 8.707489
-0.9499512 1.6414795 7.9537354
-1.7156525 1.7228394 9.554535
-1.3830566 1.1940155 11.71048
-0.052642822 0.35891724 11.846863
0.74417114 0.112457275 10.435104
0.5694885 0.6077728 9.166901
-0.25842285 1.1844482 9.104691
-0.97387695 1.4811554 9.889542
-1.3256226 1.4021912 10.865814
-1.4787598 1.1078796 10.707886
-1.7611237 1.2012024 9.544968
-1.9525452 1.701294 8.889343
-1.8257294 1.5912323 9.477966
-1.2179413 0.7298126 10.832306
-0.99302673 0.59580994 10.887344
-0.7465668 0.55513 10.291534
-0.6125641 0.727417 9.78186
-0.5359955 0.8279114 9.726822
-0.91166687 1.036087 9.382263
-0.3397827 0.6963043 8.985046
-0.5288086 0.9714813 8.930008
-0.9403839 1.1916199 9.286545
-1.0624084 1.5194397 9.190826
-0.94755554 1.5026855 9.889542
-0.7896271 1.1078796 10.370499
-0.62213135 1.1102753 9.980469
-0.5240326 1.2538452 9.676575
-0.70588684 1.249054 9.999603
-0.92123413 1.2035828 9.999603
-1.036087 1.0983124 10.169495
-1.3088684 1.1988068 10.301102
-1.2681885 1.1365967 10.018753
-1.1988068 0.8374939 9.908676
-0.55513 0.5144501 10.17189
-0.279953 0.5288086 10.954346
-0.2679901 0.29193115 10.755737
-0.6029968 0.55752563 9.836899
-1.3878326 1.2849426 9.963715
-1.7515411 1.5625153 10.815552
-1.5816498 1.4021912 11.234299
-1.1437683 1.071991 10.671997
-0.5862427 0.84706116 9.870392
-0.42352295 0.91645813 9.820145
-0.5096741 1.0408783 10.334595
-0.70588684 0.7992096 10.861023
-0.83987427 0.67477417 11.303696
-1.0600128 0.5407715 11.511871
-1.138977 0.8111725 10.894516
-1.1605225 1.0815582 10.454239
-0.8518524 1.138977 9.762711
-0.7680969 1.2299042 9.477966
-0.99302673 1.2059784 10.107285
-0.7130585 0.92362976 10.648056
-0.33738708 0.68196106 10.679169
-0.1986084 0.7680969 10.535599
-0.35653687 0.899704 10.35614
-0.42352295 0.95474243 10.243668
-0.47616577 0.91645813 10.229324
-0.5407715 0.933197 10.557129
-0.37806702 0.9020996 10.272385
-0.3637085 0.9954071 10.054642
-0.45703125 0.9762726 10.317856
-0.66041565 1.0624084 10.317856
-0.73698425 1.2610168 10.073776
-0.4905243 1.1270142 10.030716
-0.38046265 0.9667053 10.236496
-0.4283142 0.99780273 10.124039
-0.447464 1.0624084 9.805786
-0.47138977 1.0480499 9.939789
-0.50727844 1.0480499 10.420746
-0.41874695 1.0241241 10.145569
-0.43310547 1.0983124 9.858429
-0.5240326 1.1605225 9.834503
-0.5288086 1.1318054 10.143173
-0.48335266 1.031311 10.1814575
-0.44267273 1.071991 9.784256
-0.4905243 1.2251282 9.698105
-0.45463562 1.0983124 10.121643
-0.3397827 1.0695953 10.162323
-0.26081848 1.0337067 10.085754
-0.13877869 0.9690857 10.267609
-0.050247192 0.9260254 10.255646
-0.102890015 1.0265198 9.994827
-0.16749573 1.1222382 9.970886
-0.28234863 1.1246338 10.241287
-0.3637085 1.0839539 10.461426
-0.34457397 1.0528412 10.348953
-0.24885559 1.0959167 10.231705
-0.24406433 1.076767 10.255646
-0.27757263 1.0456696 10.327423
-0.3134613 1.0217285 10.43988
-0.098098755 0.8757782 10.31546
0.31585693 0.3517456 10.025925
0.35891724 1.4165497 9.150162
-1.036087 1.1820526 11.674576
-1.3878326 1.2322998 11.870789
-0.9068756 1.071991 10.549957
0.275177 0.71784973 8.630905
0.7992096 1.3471527 7.5469666
-1.0241241 1.5433655 11.1840515
-1.306488 0.830307 13.009781
-0.27757263 0.4402771 11.107483
0.37327576 0.7465668 9.334396
0.1531372 1.1365967 9.358322
-0.39720154 1.2562256 10.482956
-0.21057129 0.9643097 10.260422
-0.12921143 0.9379883 10.248459
0.023925781 0.8757782 10.435104
-0.007171631 1.0001984 10.537994
-0.026321411 1.0049896 10.339386
0.0765686 0.9786682 10.071396
0.105285645 0.96191406 9.997208
0.047851562 0.96191406 10.329819
0.16989136 0.87338257 10.571487
0.22970581 0.8638153 10.490128
0.0143585205 1.0480499 10.305893
-0.1603241 1.1533356 10.042679
-0.107681274 1.179657 10.040283
0.13160706 1.1509552 10.128815
0.3134613 1.1270142 10.059433
0.20100403 1.146164 10.229324
0.01914978 1.2634125 10.143173
-0.08135986 1.4069824 9.762711
0.093322754 1.3686981 9.755539
0.2033844 1.2059784 10.073776
-0.011962891 1.2179413 10.21257
-0.25842285 1.3615112 10.291534
-0.3014984 1.3639069 10.195816
-0.119644165 1.2394867 9.994827
-0.1603241 1.0983124 10.224533
-0.38285828 1.1724854 10.155136
-0.6269226 1.4476624 10.535599
-0.8422699 1.208374 10.865814
-0.9714813 1.1078796 10.482956
-0.70588684 1.0480499 10.214966
-0.24406433 0.7537384 10.2508545
0.093322754 0.42591858 10.255646
0.2536316 0.53359985 10.700699
-0.06460571 0.8661957 11.050049
-0.43070984 1.0289154 10.861023
-0.6915283 0.9834442 10.1814575
-0.78723145 0.9140625 9.671783
-0.61735535 0.7537384 9.114258
-0.17468262 0.7417755 8.8989105
0.3397827 0.8685913 9.992432
0.5264282 0.5742798 10.595413
0.7800598 0.5024872 10.612167
0.87815857 0.75613403 10.6336975
0.84706116 0.90927124 10.523636
0.7537384 1.3375854 10.504486
0.24885559 1.6486511 10.430313
-0.1483612 1.4620209 10.360916
-0.35891724 1.1270142 10.750946
-0.55752563 1.1413727 10.68634
-0.5431671 1.385437 9.88475
-0.36610413 1.5026855 9.2482605
-0.17706299 1.4524384 8.975479
-0.0143585205 1.1365967 9.052048
0.14356995 0.928421 9.298508
-0.090927124 0.9140625 9.592819
-0.0765686 0.9882355 9.7005005
0.098098755 0.93559265 9.875183
0.088531494 0.6699829 9.978073
0.22732544 0.4737854 9.832108
0.37327576 0.6388855 9.588043
0.55752563 0.8111725 9.600006
0.55752563 1.0193481 9.657425
0.39482117 0.8566284 9.867996
0.46420288 0.59580994 9.824936
0.6197357 0.8231354 9.856033
0.39482117 1.1174469 10.054642
0.16989136 1.0695953 9.963715
0.22492981 0.6771698 10.083359
0.3062744 0.550354 10.411179
0.3900299 1.0145569 10.389633
0.35891724 1.3423767 10.174286
0.27278137 1.426117 10.1814575
0.50727844 1.0983124 10.255646
1.0528412 1.1246338 9.611969
1.5960083 1.3710938 8.657227
1.8065796 1.7706909 8.963516
1.7276154 1.8687897 10.121643
1.2658081 1.7419739 10.365707
0.9188385 2.0482635 9.96611
0.4737854 2.3234253 9.363113
0.37806702 2.182251 9.958923
0.20578003 1.7180481 11.246262
0.21057129 1.4715881 11.885147
0.3014984 1.4739838 11.32045
0.447464 1.5361938 9.736389
0.5670929 1.799408 8.528015
1.3782654 1.7180481 8.743378
1.3399811 1.4955139 9.28894
1.306488 1.6988983 9.827316
1.0408783 1.7970123 9.930222
0.98106384 1.7324066 9.657425
1.1533356 1.6869354 9.504288
1.1892395 1.5936127 9.631119
1.3997955 1.2681885 10.447067
1.414154 1.0384827 10.715057
1.2466583 1.1485596 10.461426
1.2275238 1.421341 10.1527405
1.4763641 1.4452667 9.887146
1.4620209 1.4883423 9.6263275
1.4165497 1.529007 9.5282135
1.426117 1.5457611 9.365509
1.076767 1.5696869 9.243469
0.78245544 1.6175537 9.561722
0.77049255 1.6199341 9.808182
0.76091003 1.5720825 9.846466
0.57188416 1.6510468 9.923035
0.67477417 1.7826538 9.930222
0.76330566 1.6701965 9.7005005
0.7298126 1.6462555 9.552155
0.899704 1.7658997 9.750748
0.7920227 1.7491608 10.2341
0.6125641 1.6031952 10.41835
0.8374939 1.6079712 10.205383
1.1940155 1.5457611 10.009171
1.4237366 1.5936127 9.611969
1.8879395 1.0001984 9.198013
1.1102753 1.9333954 9.178864
0.18664551 2.1128693 9.786652
0.40438843 1.3639069 10.492523
0.43070984 0.75852966 10.956741
0.67477417 0.5886383 10.851456
0.9690857 0.44267273 10.710281
0.99780273 0.33021545 10.485352
0.92123413 0.62213135 10.2508545
0.54556274 0.89730835 10.372879
0.124420166 1.0815582 10.588242
-0.009567261 1.179657 10.4279175
0.071777344 1.2107697 10.030716
-0.12921143 1.3639069 10.116852
-0.45703125 1.6486511 10.222137
-0.5312042 1.8568268 10.100098
-0.49531555 1.9669037 9.896713
-0.28953552 1.9238281 9.600006
-0.17468262 1.8017883 9.372681
-0.0023956299 1.6988983 9.487549
0.14356995 1.7371826 9.757935
0.32063293 1.8687897 9.67897
0.41874695 2.0195465 9.367905
0.22732544 2.136795 9.209976
-0.033493042 2.2492523 9.442078
-0.1268158 2.1032867 9.769897
-0.18424988 2.009964 9.96611
-0.35891724 2.0841522 10.097717
-0.7298126 2.1631165 9.9062805
-0.91645813 2.371292 9.592819
-0.76330566 2.3593292 9.415756
-0.5407715 2.2061768 9.327225
-0.33499146 2.1631165 9.497116
-0.33259583 2.2420807 9.824936
-0.37088013 2.3904266 9.7986145
-0.21057129 2.5244293 9.544968
-0.275177 2.6990967 9.57608
-0.44984436 2.8594208 9.853638
-0.31585693 2.8666077 10.114456
-0.18664551 2.7996063 10.322632
-0.26081848 2.7804565 10.380066
-0.42591858 2.868988 10.334595
-0.37088013 2.8737793 10.21257
-0.27038574 2.7397766 10.001999
-0.28234863 2.8498535 9.67897
-0.38763428 3.0723877 9.157333
-0.5264282 3.2614136 8.803192
-0.7657013 3.4360962 8.965912
-0.6771698 3.3020935 9.779465
-0.3517456 2.9335938 10.27478
-0.047851562 2.6560364 10.09053
0.050247192 2.7517395 9.927826
-0.100494385 2.9216309 9.944565
-0.3014984 3.0628204 10.157532
-0.25842285 3.0029907 10.487747
-0.110076904 2.7637177 10.9088745
0.21774292 2.5292206 10.868195
0.67237854 2.395218 10.262817
0.7393799 2.3114624 9.867996
0.5670929 2.7182465 9.853638
0.17228699 2.675171 10.547562
-0.66041565 2.0626068 11.621933
-0.9308014 1.9190369 12.406784
-0.6460571 1.7658997 12.930817
0.16749573 1.4285126 12.191437
0.9714813 1.3399811 9.827316
1.0815582 1.627121 7.819748
0.7393799 2.1320038 7.235901
0.22013855 2.2564392 8.056641
-0.011962891 1.9716797 9.506683
0.07896423 1.3974152 10.222137
-0.0382843 1.4596252 9.839294
-0.22013855 1.8640137 9.506683
-0.055038452 2.165512 9.202789
0.33738708 2.120041 8.604584
0.7728882 2.2205353 7.9465637
0.6891327 2.490921 7.8843536
0.052642822 2.8211365 8.8367
-0.36610413 3.0341034 9.729218
-0.16989136 2.9312134 9.808182
0.1531372 2.8905334 9.437286
0.1531372 3.0963135 9.358322
0.04307556 3.1130676 9.872787
-0.36131287 2.7900238 10.990234
-0.96191406 2.6871338 12.153152
-0.933197 2.6679993 12.715454
-0.275177 2.7397766 11.602798
-0.41635132 2.5866394 9.999603
-0.68196106 2.7397766 10.604996
-0.76091003 2.5292206 11.557327
-0.31106567 1.5888367 11.79422
0.29670715 0.825531 11.949753
0.5048828 1.0911255 11.2582245
0.117248535 1.5768738 9.454041
-0.6508484 1.5361938 8.3198395
-1.758728 1.6630096 9.102295
-2.136795 1.5816498 10.985443
-1.8759766 1.0504456 12.10051
-1.0432739 0.7728882 11.349152
-0.550354 1.1700897 9.025726
-0.33499146 1.8999023 7.1521454
-0.22013855 2.2085724 6.3792725
-0.1531372 2.354538 6.7286224
-0.32063293 2.4765778 7.7982025
-0.41635132 2.6321106 9.262619
-0.4665985 2.6153564 10.243668
-0.4737854 2.4382935 10.277176
-0.46899414 2.4430695 9.968506
-0.64845276 2.6990967 10.095322
-0.7393799 2.7589264 10.411179
-0.4785614 2.7445679 10.31546
-0.29910278 2.9647064 9.611969
-0.3254242 3.349945 9.068802
-0.43788147 3.5892334 9.245865
-0.5288086 3.6466675 10.126419
0.16989136 3.940979 10.588242
0.5383911 3.2279205 9.951752
1.0743713 2.7110748 9.693329
1.4333038 2.5818634 9.533005
0.91645813 2.2205353 10.085754
0.100494385 1.9860382 12.050262
0.28474426 2.342575 12.18425
0.94755554 2.5579224 9.899109
1.3830566 2.5292206 7.5373993
1.1724854 2.670395 6.7621155
0.17468262 2.399994 8.461029
-0.5096741 2.1583252 10.389633
-0.68673706 1.861618 10.64328
-0.6963043 2.120041 9.095123
-0.6915283 2.5866394 7.8963165
-0.5623169 2.794815 7.9250336
-0.08375549 2.8259277 8.427521
0.04067993 2.864212 8.616562
0.0143585205 3.0556335 8.506485
-0.18185425 3.1250305 9.030518
-0.40678406 3.1202393 9.812973
-0.2368927 3.110672 10.210175
-0.023925781 2.9599152 10.0785675
-0.009567261 3.0460663 9.635895
-0.117248535 3.2662048 9.092728
-0.15792847 3.3882294 9.011368
-0.16270447 3.098709 10.231705
0.03111267 2.526825 11.550156
0.9308014 2.560318 11.79422
0.78723145 2.7972107 10.2341
-0.028717041 3.1082764 10.640884
-0.72502136 2.3497467 12.507278
-0.3134613 0.9906311 14.285156
0.45463562 0.48812866 13.268204
0.8661957 1.0839539 10.045074
0.18902588 1.5433655 8.001602
-1.0959167 1.6821594 8.401199
-1.9740753 1.7108612 10.207779
-2.1511536 1.7252197 11.172089
-1.5792694 1.7419739 10.224533
-0.87338257 2.1942139 8.566299
-0.5814514 2.5746765 7.578064
-0.26081848 2.7589264 7.532608
-0.035888672 2.646469 8.291138
0.25842285 2.3449707 8.949158
0.2536316 2.1559296 9.176468
-0.17706299 2.4191437 9.159729
-0.550354 2.9024963 9.198013
-0.8829498 3.184845 8.772095
-0.61016846 3.0197449 8.764908
-0.08135986 2.6847534 9.023331
0.20100403 2.567505 9.382263
0.19381714 2.7350006 9.824936
0.06939697 2.835495 10.35614
-0.021530151 2.8091736 10.56192
0.15074158 2.8378906 10.571487
0.52163696 3.0053864 10.169495
0.5359955 2.6990967 10.2508545
0.2679901 2.486145 11.186447
0.33021545 2.1320038 11.746368
0.117248535 1.3686981 12.804001
0.035888672 1.076767 13.179672
0.5096741 1.3663025 11.787048
0.8231354 1.454834 9.894318
1.0576324 1.3495483 8.298309
0.7082825 1.4476624 7.8915253
-0.06460571 1.3639069 9.119049
-0.30867004 1.1892395 10.413559
-0.3900299 0.87338257 10.473389
-0.43310547 0.6699829 9.944565
-0.5001068 0.9834442 9.710068
-0.6006012 1.3639069 9.717255
-0.37088013 1.7874451 9.224335
-0.3062744 2.1942139 8.398804
-0.2416687 2.3282166 7.7455597
-0.03111267 2.388031 8.008774
-0.090927124 2.3401794 9.32962
-0.21057129 2.2612152 10.504486
-0.21774292 2.1559296 10.913666
-0.110076904 2.2324982 10.537994
-0.16270447 2.3449707 10.116852
-0.4857483 2.4669952 10.1479645
-0.830307 2.4813538 10.810776
-0.7657013 2.1726837 11.839691
-0.38763428 2.2468567 11.964111
-0.45703125 2.1894379 10.157532
-0.94755554 2.2588196 10.157532
-1.2035828 2.0267181 11.3013
-0.71784973 1.1605225 13.062424
0.0023956299 0.68434143 13.39502
0.47138977 1.2394867 11.511871
0.07417297 1.7228394 8.827118
-0.6412811 2.1032867 7.276581
-1.3710938 2.170288 8.740982
-1.6678009 1.9932251 11.246262
-1.5433655 1.5314026 12.016754
-1.4476624 0.9499512 10.717453
-1.3351898 1.3639069 9.011368
-0.83509827 2.3306122 8.169098
-0.37327576 2.7134552 8.111664
-0.3134613 2.4502563 8.379669
-0.4857483 2.3593292 8.539978
-0.46899414 2.5100708 8.551941
-0.5120697 2.7804565 8.767303
-0.49771118 2.9934235 8.743378
-0.88534546 2.691925 8.965912
-1.4237366 2.4933167 9.020935
-1.2729797 2.4358978 9.188446
-0.8494568 2.5627136 9.49472
-1.1126556 2.703888 9.47319
-1.3902283 2.6321106 9.67897
-1.6151581 2.5818634 10.057037
-1.6223297 2.7182465 10.652847
-1.450058 2.761322 10.968704
-1.1437683 2.938385 10.731812
-0.8829498 3.0843506 9.992432
-0.55513 3.1178436 8.702698
-0.5024872 3.0675964 9.76033
-0.48095703 2.5172424 11.212769
-0.39959717 2.2037964 11.270203
-0.76091003 1.8664093 11.251053
-0.79681396 1.8687897 11.617157
-0.29670715 1.9621124 10.84906
0.14117432 2.3377838 8.606979
0.43310547 2.600998 6.623337
0.29431152 3.0388794 6.1878357
-0.45942688 2.8163452 7.668991
-1.2873383 2.5770721 10.004395
-1.1365967 2.0291138 12.004791
-0.72502136 1.4404755 12.160324
-0.5383911 1.3639069 10.470993
-0.5096741 1.9573364 8.451447
-0.39959717 2.4622192 8.070984
-0.16749573 2.4550323 9.209976
-0.028717041 2.6608124 9.887146
-0.17228699 2.7756805 9.882355
-0.38763428 2.9024963 9.655045
-0.35891724 3.0508423 9.559326
-0.34934998 3.2207336 9.619141
-0.4355011 3.402588 9.554535
-0.31585693 3.2279205 10.045074
-0.22492981 2.9934235 10.5260315
-0.20100403 2.9862366 10.616959
-0.34695435 3.098709 10.138397
-0.6077728 3.2374878 9.736389
-0.5862427 3.1920319 9.949356
-0.38046265 2.9838562 10.468597
-0.550354 3.225525 10.329819
-1.0695953 3.012558 9.095123
-1.6486511 3.4337006 8.683548
-1.6988983 3.2733765 9.896713
-0.34695435 1.7946167 11.660233
0.7896271 1.0480499 11.913864
0.66041565 1.3902283 10.70549
-0.21296692 2.325821 9.305695
-1.1365967 3.0173492 8.3198395
-1.6701965 3.1345978 8.011169
-1.9692993 2.720642 8.446671
-2.0985107 2.0841522 9.923035
-1.6654053 1.5314026 11.559723
-0.89730835 1.3878326 11.50708
-0.06700134 1.6486511 10.133606
0.06460571 1.9405823 8.8989105
0.21296692 2.0578308 8.260025
0.31585693 2.0362854 8.740982
0.19381714 1.7970123 9.3511505
-0.0023956299 1.5457611 9.525833
0.13400269 1.7276154 9.284149
0.15553284 1.7874451 9.190826
-0.071777344 1.655838 9.6263275
-0.15553284 1.701294 9.997208
-0.14596558 1.8185425 9.94696
-0.2632141 1.9214325 10.059433
-0.24885559 2.033905 10.035492
-0.0382843 2.033905 9.774673
0.110076904 2.0171509 9.681366
0.107681274 1.976471 9.805786
0.13400269 2.153534 9.767502
-0.15074158 2.1463623 9.877579
-0.4019928 1.8113708 10.813171
-0.107681274 1.7371826 11.030914
-0.0382843 1.6845398 10.700699
-0.023925781 1.7539368 10.095322
-0.088531494 1.9884338 9.669403
-0.2632141 2.100891 9.365509
-0.3134613 2.067398 9.372681
-0.29193115 1.9860382 10.004395
-0.39959717 1.9477539 10.777267
-0.6699829 1.9549408 10.963913
-1.0480499 2.2348938 10.506882
-1.071991 2.428711 9.542572
-0.72024536 2.297104 9.0711975
-0.30389404 1.8975067 9.382263
-0.100494385 1.7060852 9.808182
-0.21057129 1.6127625 10.203003
-0.43788147 1.8544312 9.985245
-0.49531555 2.0075836 9.662216
-0.4283142 1.8113708 9.8033905
-0.37327576 1.7395782 9.958923
-0.5407715 1.8161469 10.406387
-0.66760254 1.8233337 10.535599
-0.7657013 1.9549408 10.19104
-0.825531 2.1032867 9.937393
-0.7992096 2.0721893 9.932602
-0.7657013 1.9956207 10.205383
-0.6460571 1.9094696 10.5260315
-0.49291992 1.7706909 10.736603
-0.53359985 1.7970123 10.492523
-0.7010956 2.067398 9.918243
-0.64367676 2.1104736 9.602402
-0.48095703 2.0602264 9.647858
-0.43070984 2.0865479 9.817749
-0.34457397 2.067398 9.800995
-0.37327576 2.1224365 9.932602
-0.5024872 2.2205353 9.970886
-0.5096741 2.285141 9.767502
-0.4091797 2.268402 9.738785
-0.39720154 2.2564392 9.805786
-0.25842285 2.239685 9.877579
-0.16270447 2.1439667 10.112076
-0.119644165 2.1870422 10.045074
-0.14596558 2.2372894 9.769897
-0.32302856 2.3784637 9.676575
-0.42591858 2.4406738 9.762711
-0.35653687 2.3617096 9.791428
-0.35653687 2.376068 9.84407
-0.39720154 2.4071808 9.848862
-0.37806702 2.383255 9.753143
-0.4355011 2.3282166 9.815353
-0.5024872 2.2947235 9.896713
-0.5144501 2.2707825 9.808182
-0.5144501 2.2492523 9.858429
-0.5096741 2.210968 10.018753
-0.36131287 2.0626068 10.2341
-0.39482117 2.096115 10.059433
-0.4091797 2.1391907 9.899109
-0.33499146 2.0769653 10.021149
-0.25842285 2.050644 10.1766815
-0.26081848 2.1248322 10.138397
-0.21057129 2.1296082 9.9062805
-0.19621277 2.1224365 9.796219
-0.34457397 2.170288 9.970886
-0.34695435 2.1391907 10.102493
-0.37327576 2.153534 10.085754
-0.36610413 2.2348938 9.920639
-0.34695435 2.222931 9.777069
-0.35891724 2.251648 9.76033
-0.42352295 2.2133636 9.851257
-0.35891724 2.1104736 9.951752
-0.21296692 2.009964 9.915863
-0.27038574 2.0075836 9.958923
-0.38763428 2.079361 10.001999
-0.3637085 2.0697937 9.990036
-0.34934998 2.1248322 9.765106
-0.36131287 2.1846466 9.6957245
-0.33021545 2.1032867 9.867996
-0.38523865 2.1104736 10.040283
-0.43310547 2.1798553 9.949356
-0.35414124 2.1870422 9.769897
-0.33738708 2.141571 9.858429
-0.37327576 2.1846466 9.920639
-0.38285828 2.165512 9.94696
-0.35653687 2.108078 10.04747
-0.32063293 2.0769653 9.961319
-0.33738708 2.1439667 9.796219
-0.37088013 2.1272125 9.865616
-0.43070984 2.1128693 9.973282
-0.44984436 2.1272125 9.918243
-0.4785614 2.1607208 9.860825
-0.4665985 2.1391907 9.927826
-0.45942688 2.1583252 9.96611
-0.53359985 2.2181396 9.851257
-0.5647125 2.2324982 9.757935
-0.5431671 2.2492523 9.738785
-0.45224 2.1463623 9.805786
-0.48095703 2.1870422 9.793823
-0.49531555 2.1846466 9.84407
-0.43070984 2.1343994 9.860825
-0.47616577 2.1750793 9.82254
-0.5001068 2.170288 9.872787
-0.4019928 2.0889282 9.961319
-0.3756714 2.0602264 10.136002
-0.3637085 2.0913239 10.121643
-0.37327576 2.2157593 9.867996
-0.5647125 2.371292 9.600006
-0.6963043 2.4311066 9.516251
-0.5647125 2.2899323 9.867996
-0.46180725 2.1846466 10.195816
-0.41874695 2.2157593 10.052246
-0.44984436 2.2253265 9.772293
-0.45703125 2.2205353 9.633499
-0.5431671 2.1966095 9.78186
-0.5024872 2.1391907 9.824936
-0.447464 2.0985107 9.74118
-0.5001068 2.1176453 9.681366
-0.5766754 2.1607208 9.753143
-0.5862427 2.0985107 9.846466
-0.5120697 2.0075836 10.040283
-0.44506836 1.9860382 10.157532
-0.46420288 2.0147552 10.066605
-0.5120697 2.0626068 9.882355
-0.653244 2.1391907 9.817749
-0.7417755 2.1990051 9.791428
-0.6316986 2.1391907 9.930222
-0.62213135 2.0937195 10.042679
-0.6269226 2.074585 10.059433
-0.5886383 2.0267181 10.071396
-0.5670929 2.0267181 10.1479645
-0.6125641 2.0195465 10.205383
-0.63648987 2.074585 10.037888
-0.68196106 2.136795 9.815353
-0.72024536 2.170288 9.810577
-0.6915283 2.1583252 9.899109
-0.6269226 2.1056824 10.054642
-0.58384705 2.0362854 10.080963
-0.6125641 2.045868 9.939789
-0.6125641 2.0315094 9.94696
-0.5814514 1.9621124 10.138397
-0.5814514 1.9597168 10.219742
-0.550354 1.9669037 10.100098
-0.5288086 1.9405823 9.958923
-0.55992126 1.9573364 9.896713
-0.59580994 1.9669037 9.899109
-0.61735535 1.9908295 9.829712
-0.61735535 2.0195465 9.789032
-0.6029968 1.9621124 10.073776
-0.62213135 2.0003967 10.186249
-0.4905243 1.8687897 10.1814575
-0.28234863 1.7658997 9.676575
-0.33499146 2.1870422 9.609573
-0.7728882 2.2779694 9.982849
-0.8446655 2.1894379 10.042679
-0.7154541 2.0985107 9.676575
-0.6628113 2.1056824 9.832108
-0.5934143 2.1296082 9.889542
-0.4665985 2.0482635 9.994827
-0.7800598 2.0171509 10.985443
-0.55992126 1.8999023 11.016556
-0.39242554 1.8855438 10.229324
-0.32781982 1.976471 9.394226
-0.5001068 2.1846466 9.047256
-0.57188416 2.1990051 9.387039
-0.51924133 2.045868 9.973282
-0.41156006 1.9740753 10.281952
-0.4905243 1.9477539 10.37767
-0.53359985 1.9740753 9.937393
-0.49771118 2.045868 9.461227
-0.47616577 2.0315094 9.566513
-0.4905243 1.9740753 9.94696
-0.5240326 1.9238281 10.19104
-0.5431671 1.8951111 10.167099
-0.6125641 1.9214325 10.04747
-0.6628113 1.964508 9.951752
-0.68196106 1.931015 10.085754
-0.7346039 1.8903351 10.231705
-0.9379883 1.9453583 10.231705
-1.0456696 2.0147552 10.001999
-0.91645813 1.9262238 9.918243
-0.8949127 1.8592224 10.045074
-0.7537384 1.7970123 10.360916
-0.5694885 1.6127625 10.3992
-0.65802 1.6678009 10.286743
-0.87098694 1.804184 10.133606
-1.1174469 1.9716797 9.738785
-1.1006927 2.0075836 9.655045
-0.92362976 1.7874451 10.126419
-0.72262573 1.6821594 10.325027
-0.6628113 1.6582336 10.13121
-0.90927124 1.8520508 9.879959
-1.1126556 1.9956207 9.573685
-1.002594 1.9716797 9.5282135
-0.84706116 1.8472595 9.628723
-0.9643097 1.8999023 9.750748
-1.2634125 2.0315094 9.836899
-1.483551 2.0482635 9.817749
-1.4883423 2.0697937 9.963715
-1.2131653 1.8783722 10.033112
-1.036087 1.8257294 9.793823
-1.146164 1.8711853 9.726822
-1.1892395 1.8831482 9.891922
-1.3758698 1.8807526 9.985245
-1.421341 1.8999023 10.1479645
-1.1916199 1.6630096 10.468597
-1.2107697 1.660614 10.478165
-1.4069824 1.8879395 10.057037
-1.524231 1.9573364 9.762711
-1.5122681 1.9932251 9.834503
-1.4644012 1.8999023 9.98764
-1.414154 1.9118652 10.052246
-1.5744781 2.0315094 10.10968
-1.6366882 2.045868 10.27478
-1.5026855 1.9525452 10.375275
-1.174881 1.9812622 10.236496
-1.105484 2.108078 10.071396
-1.1198425 2.1966095 10.0785675
-0.8111725 2.0985107 10.085754
-0.5814514 2.0291138 10.183853
-0.5001068 2.009964 10.2508545
-0.39720154 1.9860382 10.241287
-0.51924133 2.0650024 10.037888
-0.6125641 2.2348938 10.083359
-0.5742798 2.1966095 10.236496
-0.5742798 2.108078 10.069
-0.6316986 2.141571 9.667007
-0.55992126 2.244461 9.552155
-0.52163696 2.273178 9.487549
-0.447464 2.3593292 9.358322
-0.32302856 2.273178 9.305695
-0.30389404 2.1726837 9.619141
-0.27757263 2.244461 9.867996
-0.21774292 2.3282166 9.762711
-0.2632141 2.428711 9.477966
-0.33021545 2.6990967 9.193222
-0.15553284 2.8713837 9.061615
0.062210083 2.8594208 9.367905
0.17706299 2.7804565 9.659821
0.17228699 2.7493591 9.791428
0.21057129 2.675171 9.662216
-0.026321411 2.7373962 9.690933
0.0143585205 2.794815 9.67897
-0.04547119 2.8737793 9.544968
-0.33499146 2.967102 9.600006
-0.17945862 2.9910278 9.516251
0.4283142 2.7996063 9.128616
0.8039856 2.7230377 8.673981
0.41635132 2.5794678 9.032898
-0.20817566 2.4311066 10.669601
-0.124420166 2.0769653 11.959335
0.29193115 2.009964 11.626724
0.33738708 2.376068 10.413559
0.052642822 2.823532 9.363113
0.021530151 3.1322021 8.958725
0.20100403 3.0675964 9.056839
0.40678406 2.8857422 9.511475
0.5240326 2.7637177 9.67897
0.83987427 2.7278137 9.487549
0.84706116 2.7086792 9.18605
0.66760254 2.725418 9.176468
0.70588684 2.567505 9.451645
0.70588684 2.2492523 10.023529
0.72262573 2.2253265 10.5308075
0.8518524 2.3306122 10.604996
0.9954071 2.4813538 10.0785675
0.9451599 2.7397766 9.267395
0.8566284 2.9934235 8.7960205
0.95951843 2.9886322 8.882156
1.2969055 2.8522491 9.176468
1.4524384 2.7565308 9.308075
1.450058 2.7756805 9.47319
1.3758698 2.8139648 9.444473
1.3351898 2.9981995 9.418152
1.4667969 3.103485 9.3703
1.5266266 3.1369934 9.480362
1.5194397 3.3116608 9.360718
1.3639069 3.4073792 9.322433
1.2753754 3.591629 9.052048
1.1964111 3.8022003 8.769699
0.97387695 3.912262 8.793625
0.74417114 4.0462646 8.913269
0.6388855 4.125229 9.111862
0.58384705 4.2233276 9.504288
0.5168457 4.1324005 10.2508545
0.5431671 3.8859406 10.899307
0.899704 3.8620148 11.021347
0.98583984 3.9936218 10.004395
0.5001068 4.0055847 9.269791
-0.04067993 3.8572235 9.681366
-0.29193115 3.000595 11.468796
0.17945862 2.0267181 12.784851
1.0001984 1.5673065 12.028717
1.0001984 2.0650024 10.380066
0.13877869 2.7062836 9.066406
-0.39482117 3.488739 8.0686035
-0.93559265 3.5820618 7.903488
-1.935791 3.144165 8.719452
-2.170288 2.8713837 10.463806
-1.4715881 2.2540436 11.578873
-0.4785614 1.758728 11.016556
0.119644165 2.0362854 9.466003
-0.086135864 2.4382935 8.204987
-0.28953552 2.7086792 7.6331024
-0.20100403 2.8713837 7.9298096
0.27278137 2.6823578 7.9992065
0.51924133 2.8522491 7.7001038
0.16270447 3.2494507 7.676178
-0.3900299 3.5700989 8.042282
-0.6412811 3.5772705 8.714661
-0.29670715 3.397812 9.171692
0.12921143 3.1130676 9.451645
0.31825256 2.9024963 9.521042
0.23449707 2.995819 9.489929
-0.021530151 3.2231293 9.49472
0.04547119 3.402588 9.437286
0.18664551 3.5365906 9.621536
0.31106567 3.5365906 10.164719
0.33738708 3.6993103 10.088135
-0.0023956299 3.7710876 9.84407
0.07417297 4.043869 10.370499
0.5647125 3.9170532 10.334595
0.52163696 3.0771637 9.958923
0.04547119 2.4646149 10.195816
0.279953 2.153534 12.660431
0.5288086 1.249054 13.820938
0.6077728 0.9068756 12.026321
0.5024872 2.153534 9.762711
0.35891724 2.5531464 8.212173
0.5407715 2.8594208 7.9609222
1.1700897 3.3236237 6.788437
0.4091797 2.8737793 8.640488
-0.124420166 2.148758 8.781662
-0.2679901 2.395218 8.271988
-0.41156006 2.4598236 10.360916
-0.6197357 2.0554352 10.707886
-0.38523865 2.4693909 9.367905
0.04067993 3.172882 7.590027
0.39482117 3.0317078 7.520645
0.65563965 2.5076752 8.932404
0.5096741 2.3784637 10.157532
0.17706299 2.4215393 10.435104
-0.06460571 2.4047852 9.377472
-0.0023956299 2.6943207 8.556732
-0.1531372 2.7493591 9.092728
-0.31106567 2.5459595 10.523636
-0.2033844 2.2779694 11.375473
0.050247192 2.285141 11.121841
-0.19142151 2.3976135 9.710068
-0.5790558 2.4789581 8.135605
-0.67237854 2.5076752 9.437286
-0.5240326 1.5768738 10.4375
-0.2679901 0.90448 10.35614
-0.06939697 1.1676941 11.021347
0.22492981 1.2514496 12.263214
0.5814514 1.0743713 12.961914
0.6891327 0.81355286 12.10051
0.36610413 0.75852966 9.501892
-0.13160706 1.0121613 7.446457
-0.7082825 1.4069824 8.137985
-0.9308014 1.1222382 10.13121
-0.54556274 0.5120697 10.884949
-0.25842285 0.34457397 10.470993
-0.5742798 0.7298126 9.583252
-0.68434143 1.2035828 8.963516
-0.7465668 1.3615112 9.463608
-0.9188385 0.98583984 10.523636
-0.69392395 0.43788147 10.980667
-0.38046265 0.38763428 10.19104
-0.22732544 0.8901367 8.757736
-0.04307556 1.1294098 8.178665
-0.117248535 1.0217285 9.322433
-0.39959717 0.9523468 10.573883
-0.32781982 0.9499512 11.196014
-0.38285828 0.82073975 11.083557
-0.29670715 0.78723145 10.729416
-0.105285645 0.75613403 10.43988
-0.110076904 0.90448 10.159927
-0.21057129 1.0384827 10.009171
-0.37806702 1.0959167 10.140778
-0.5120697 0.9714813 9.856033
-0.77049255 0.7417755 9.547363
-1.3328094 0.87338257 10.052246
-0.69392395 0.87338257 10.748566
-0.059814453 0.38285828 11.052444
0.28474426 0.052642822 11.045273
0.35891724 0.2033844 10.490128
-0.007171631 0.5694885 10.133606
-0.727417 1.208374 10.203003
-0.8039856 1.306488 9.997208
0.03111267 1.002594 9.588043
0.9020996 0.71066284 9.621536
0.94755554 0.67477417 9.951752
0.7298126 0.69869995 10.059433
0.62213135 0.7154541 9.918243
0.22970581 0.6963043 10.339386
-0.13639832 0.7728882 10.640884
-0.14117432 0.8757782 10.2341
-0.3014984 0.9882355 10.468597
-0.29431152 0.8901367 10.84906
-0.055038452 0.7010956 11.140976
0.5096741 0.3254242 10.70549
0.68196106 0.21534729 9.932602
0.55992126 0.2632141 9.623932
0.34695435 0.42352295 9.296112
0.37327576 0.5862427 9.200409
0.6006012 0.49291992 9.169296
0.78723145 0.1483612 9.714859
0.89730835 -0.04067993 10.523636
0.9068756 -0.117248535 10.762909
0.624527 -0.03111267 10.803589
0.46420288 -0.06700134 10.9782715
0.5144501 -0.15553284 11.03331
0.5886383 -0.23928833 11.377869
0.7465668 -0.34934998 11.452057
0.75613403 -0.19381714 11.03331
0.65563965 0.01914978 10.7677
0.7465668 -0.052642822 10.506882
0.74894714 -0.14117432 10.226929
0.7680969 -0.13639832 9.949356
0.9140625 -0.22970581 10.011566
0.825531 -0.2416687 10.2508545
0.6628113 -0.20100403 10.226929
0.5886383 -0.15792847 10.13121
0.46180725 -0.071777344 10.229324
0.5359955 -0.14596558 10.518845
0.75613403 -0.3517456 10.777267
0.83987427 -0.36610413 10.281952
0.653244 -0.2871399 10.095322
0.39242554 -0.16989136 10.004395
0.37088013 -0.18185425 9.882355
0.42114258 -0.2033844 9.7986145
0.34457397 -0.15074158 9.915863
0.31585693 -0.119644165 10.136002
0.31585693 -0.16270447 10.492523
0.279953 -0.19381714 10.442276
0.29193115 -0.17468262 10.432709
0.40678406 -0.21057129 10.231705
0.4355011 -0.16749573 9.96611
0.43788147 -0.19142151 9.896713
0.47616577 -0.23210144 9.94696
0.5168457 -0.32063293 10.0785675
0.54556274 -0.35891724 10.104889
0.5288086 -0.35414124 9.968506
0.44984436 -0.34457397 9.9062805
0.4283142 -0.27757263 9.978073
0.42352295 -0.28953552 10.19342
0.4785614 -0.3062744 10.320251
0.41156006 -0.26081848 10.226929
0.23449707 -0.13400269 10.10968
0.22013855 -0.12921143 10.080963
0.23449707 -0.1483612 10.128815
0.22732544 -0.15792847 10.195816
0.19621277 -0.1531372 10.205383
0.26081848 -0.20100403 10.04747
0.27757263 -0.24645996 10.009171
0.24406433 -0.2679901 10.04747
0.22732544 -0.2368927 10.104889
0.22492981 -0.27038574 10.265213
0.15792847 -0.2632141 10.454239
0.17706299 -0.27038574 10.490128
0.2368927 -0.22732544 10.2508545
0.18902588 -0.17706299 10.013962
0.18902588 -0.17945862 9.937393
0.17945862 -0.19621277 10.09053
0.14356995 -0.20100403 10.265213
0.16749573 -0.19381714 10.145569
0.2033844 -0.22253418 10.102493
0.24406433 -0.24885559 10.210175
0.22732544 -0.22013855 10.246063
0.25842285 -0.23449707 10.140778
0.22492981 -0.24406433 10.102493
0.19142151 -0.2033844 9.98764
0.21296692 -0.18185425 9.954147
0.21057129 -0.21774292 10.186249
0.28953552 -0.3254242 10.372879
0.32063293 -0.3397827 10.339386
0.27038574 -0.31585693 10.207779
0.22492981 -0.29193115 10.088135
0.19381714 -0.26560974 10.052246
0.23449707 -0.31825256 10.1527405
0.2416687 -0.3517456 10.121643
0.20817566 -0.31825256 10.126419
0.19381714 -0.32781982 10.205383
0.1603241 -0.30389404 10.035492
0.119644165 -0.26081848 9.896713
0.13160706 -0.28953552 9.992432
0.086135864 -0.279953 10.207779
0.122039795 -0.2871399 10.31546
0.23928833 -0.33021545 10.246063
0.26081848 -0.34217834 10.167099
0.21774292 -0.3134613 10.140778
0.22732544 -0.32063293 10.064209
0.20817566 -0.30389404 10.059433
0.22013855 -0.279953 10.088135
0.21296692 -0.31106567 10.169495
0.1651001 -0.29431152 10.1766815
0.14117432 -0.25842285 10.145569
0.13400269 -0.25602722 10.186249
0.1651001 -0.33738708 10.31546
0.22492981 -0.33499146 10.308273
0.275177 -0.34695435 10.226929
0.36849976 -0.38523865 10.126419
0.31106567 -0.35414124 10.159927
0.18664551 -0.29670715 10.248459
0.18664551 -0.28953552 10.186249
0.20578003 -0.27278137 10.10968
0.22732544 -0.279953 10.207779
0.32302856 -0.32302856 10.203003
0.3517456 -0.275177 10.042679
0.27278137 -0.26560974 10.054642
0.26560974 -0.2679901 10.069
0.32302856 -0.275177 10.159927
0.33738708 -0.29431152 10.267609
0.23210144 -0.25842285 10.31546
0.23210144 -0.22732544 10.195816
0.27038574 -0.2368927 10.066605
0.27038574 -0.22013855 10.011566
0.21057129 -0.19142151 10.102493
0.23210144 -0.20817566 10.138397
0.2416687 -0.17228699 10.159927
0.20817566 -0.17468262 10.207779
0.18902588 -0.119644165 10.09053
0.18185425 -0.107681274 9.990036
0.20578003 -0.13877869 10.205383
0.23449707 -0.15792847 10.102493
0.21057129 -0.098098755 9.968506
0.20578003 -0.124420166 10.0785675
0.275177 -0.18664551 10.164719
0.26081848 -0.14356995 9.958923
0.24645996 -0.050247192 9.647858
0.22970581 -0.057434082 9.796219
0.2536316 -0.15792847 10.133606
0.21774292 -0.122039795 10.100098
0.24406433 -0.13877869 9.973282
0.2632141 -0.17468262 9.970886
0.22253418 -0.14356995 9.827316
0.24645996 -0.114852905 9.841675
0.22970581 -0.2033844 10.04747
0.20578003 -0.17228699 10.3537445
0.22013855 -0.279953 10.734207
0.3134613 -0.33021545 10.49971
0.30867004 -0.34217834 10.167099
0.18902588 -0.28953552 9.942184
0.1603241 -0.29431152 9.731613
0.16989136 -0.3254242 9.604797
0.119644165 -0.34695435 9.51387
0.057434082 -0.31825256 9.332016
0.057434082 -0.33499146 9.475586
0.057434082 -0.39959717 10.052246
-0.035888672 -0.4737854 10.691132
-0.12921143 -0.45463562 10.918457
-0.107681274 -0.4785614 10.817947
-0.03111267 -0.5670929 10.770096
0.059814453 -0.6197357 10.4375
0.0382843 -0.5766754 10.09053
-0.15792847 -0.49531555 10.210175
-0.27278137 -0.45224 10.444672
-0.15074158 -0.447464 10.329819
-0.08135986 -0.5168457 10.348953
-0.071777344 -0.4857483 10.289139
-0.050247192 -0.45942688 10.037888
-0.062210083 -0.41156006 9.894318
-0.08135986 -0.42114258 9.956543
-0.06700134 -0.44984436 10.080963
-0.0143585205 -0.49771118 10.210175
-0.009567261 -0.48812866 10.124039
0.01914978 -0.50727844 10.095322
0.086135864 -0.5670929 10.214966
0.07417297 -0.5934143 10.265213
-0.035888672 -0.49531555 10.167099
-0.086135864 -0.4665985 10.203003
-0.06700134 -0.55992126 10.430313
-0.057434082 -0.59580994 10.557129
-0.0143585205 -0.5312042 10.43988
-0.007171631 -0.5814514 10.368103
-0.021530151 -0.5359955 10.238892
-0.033493042 -0.5359955 10.243668
-0.057434082 -0.5288086 10.207779
-0.119644165 -0.49531555 10.033112
-0.14356995 -0.5024872 9.956543
-0.110076904 -0.5288086 10.011566
-0.086135864 -0.5790558 10.128815
-0.04307556 -0.5886383 10.1479645
-0.01914978 -0.5886383 10.107285
-0.011962891 -0.624527 10.107285
-0.035888672 -0.6412811 10.1814575
-0.033493042 -0.5862427 10.073776
-0.098098755 -0.59103394 10.04747
-0.119644165 -0.5623169 10.13121
-0.098098755 -0.55992126 10.17189
-0.050247192 -0.59580994 10.119247
-0.06700134 -0.5479584 10.037888
-0.06700134 -0.550354 10.02832
-0.093322754 -0.5431671 10.092926
-0.0047912598 -0.5862427 10.009171
-0.026321411 -0.5647125 10.001999
-0.07896423 -0.5431671 10.1527405
-0.052642822 -0.5766754 10.076172
-0.052642822 -0.55513 10.155136
-0.112457275 -0.5694885 10.492523
-0.0765686 -0.5862427 10.52124
0.026321411 -0.6316986 10.341782
0.009567261 -0.5862427 10.169495
-0.03111267 -0.5670929 10.085754
-0.059814453 -0.5120697 10.04985
-0.062210083 -0.5288086 10.092926
-0.102890015 -0.5312042 10.121643
-0.107681274 -0.5312042 10.126419
-0.15074158 -0.5312042 10.10968
-0.14596558 -0.5383911 10.054642
-0.052642822 -0.61735535 9.96611
-0.08135986 -0.62931824 9.923035
-0.055038452 -0.624527 9.817749
-0.08135986 -0.624527 9.92543
-0.12921143 -0.66041565 10.174286
-0.06939697 -0.69392395 10.207779
-0.011962891 -0.6652069 10.042679
-0.086135864 -0.64367676 10.15036
-0.117248535 -0.63409424 10.15036
-0.114852905 -0.63648987 10.112076
-0.13160706 -0.64845276 10.281952
-0.2368927 -0.66041565 10.475784
-0.23449707 -0.65563965 10.301102
-0.18424988 -0.68196106 10.126419
-0.18664551 -0.6963043 10.143173
-0.124420166 -0.72262573 10.033112
-0.122039795 -0.73698425 9.939789
-0.1483612 -0.77049255 9.944565
-0.18664551 -0.7800598 9.958923
-0.2033844 -0.75852966 10.021149
-0.20817566 -0.8183441 10.262817
-0.1603241 -0.8518524 10.348953
-0.17228699 -0.8279114 10.236496
-0.21057129 -0.81355286 10.0785675
-0.23449707 -0.7800598 10.114456
-0.19621277 -0.8374939 10.415955
-0.110076904 -0.87098694 10.229324
-0.1531372 -0.81355286 10.076172
-0.21534729 -0.82073975 10.162323
-0.24406433 -0.83509827 10.155136
-0.22970581 -0.8374939 10.035492
-0.25125122 -0.8685913 10.083359
-0.24645996 -0.87815857 10.188644
-0.22492981 -0.9308014 10.346573
-0.18185425 -0.933197 10.238892
-0.20578003 -0.8925171 10.1479645
-0.27038574 -0.8949127 10.200607
-0.26560974 -0.90448 10.136002
-0.23210144 -0.8901367 9.973282
-0.2871399 -0.83987427 9.999603
-0.3254242 -0.8638153 10.186249
-0.24645996 -0.8925171 10.203003
-0.20100403 -0.9140625 10.15036
-0.2368927 -0.84706116 10.097717
-0.22492981 -0.87338257 10.092926
-0.25842285 -0.87338257 10.169495
-0.27757263 -0.83270264 10.238892
-0.19381714 -0.8422699 10.174286
-0.20817566 -0.85902405 10.286743
-0.27038574 -0.83270264 10.310669
-0.24885559 -0.8374939 10.226929
-0.28953552 -0.80877686 10.339386
-0.23928833 -0.8518524 10.320251
-0.009567261 -0.9499512 10.17189
0.14596558 -0.9451599 9.92543
-0.38523865 -0.7417755 10.289139
-0.63409424 -0.52163696 10.384857
-0.7800598 -0.39482117 10.1814575
-0.99302673 -0.49291992 10.420746
-0.37088013 -0.68673706 10.348953
0.095718384 -0.7920227 9.812973
-0.122039795 -0.9571228 10.559525
-0.3134613 -0.8183441 10.600204
-0.12921143 -0.7657013 10.016357
0.122039795 -0.92362976 9.717255
-0.028717041 -0.7992096 9.997208
-0.447464 -0.7154541 10.600204
-0.25842285 -0.72502136 10.219742
0.057434082 -0.8039856 9.51387
0.04547119 -0.8685913 9.645462
-0.13160706 -0.830307 10.116852
-0.37806702 -0.7154541 10.537994
-0.23210144 -0.80158997 10.339386
-0.06700134 -0.8063812 10.04747
-0.0765686 -0.77049255 10.042679
-0.007171631 -0.8638153 10.210175
0.0382843 -0.8518524 10.095322
-0.047851562 -0.7848511 10.059433
-0.01914978 -0.79681396 10.138397
-0.0382843 -0.80158997 10.188644
-0.19142151 -0.71784973 10.339386
-0.29431152 -0.6149597 10.497314
-0.23928833 -0.5288086 10.516449
-0.13160706 -0.65563965 10.604996
-0.035888672 -0.6149597 10.451843
-0.0047912598 -0.62931824 10.322632
0.095718384 -0.6915283 10.164719
0.110076904 -0.6915283 10.159927
-0.119644165 -0.5120697 10.389633
-0.1483612 -0.5431671 10.506882
0.062210083 -0.62931824 10.241287
0.035888672 -0.59820557 10.054642
-0.34457397 -0.32063293 10.140778
-0.17945862 -0.39242554 10.095322
-0.14356995 -0.38285828 10.107285
-0.25842285 -0.35891724 10.29393
-0.41635132 -0.2368927 10.167099
-0.62931824 -0.047851562 10.011566
-0.68434143 0.055038452 9.923035
-0.5623169 0.090927124 9.777069
-0.3062744 0.011962891 9.824936
-0.2033844 -0.062210083 10.037888
-0.28474426 -0.04307556 10.236496
-0.3637085 0.0143585205 10.207779
-0.3254242 0.023925781 10.02832
-0.3014984 0.062210083 9.918243
-0.37327576 0.0765686 9.908676
-0.32302856 0.050247192 9.896713
-0.36610413 0.047851562 9.944565
-0.5431671 0.19621277 9.956543
-0.5790558 0.23928833 9.920639
-0.6197357 0.2536316 9.9756775
-0.49771118 0.1531372 10.080963
-0.2416687 0.0 10.140778
-0.098098755 -0.08135986 10.2508545
-0.01675415 -0.047851562 10.27478
0.08375549 -0.1268158 10.298706
0.021530151 -0.095718384 10.186249
-0.18664551 0.057434082 10.04985
-0.36849976 0.090927124 10.214966
-0.33499146 0.107681274 10.116852
-0.23449707 0.122039795 9.872787
-0.32063293 0.2368927 9.745972
-0.39959717 0.30867004 9.78186
-0.35653687 0.26081848 9.509079
-0.2632141 -0.011962891 9.9062805
-0.25602722 -0.059814453 10.1527405
-0.41156006 -0.03111267 10.956741
-0.55274963 0.28234863 10.372879
