0.14971924 0.23287964 0.02720642
0.108169556 -0.22892761 0.21961975
-0.028045654 -0.1763916 0.15486145
-0.21313477 -0.017562866 0.06628418
-0.36157227 0.18707275 0.049804688
-0.43243408 0.16323853 0.08338928
-0.4996338 -0.05055237 0.060180664
-0.54545593 -0.13240051 -0.0039520264
-0.57354736 -0.096969604 -0.014953613
-0.55400085 -0.009628296 0.043685913
-0.44404602 -0.06765747 0.1395874
0.09899902 0.049621582 0.20373535
0.41360474 0.24021912 0.1554718
0.6994934 0.45401 0.13409424
0.9065857 0.4509735 0.14814758
1.0006561 0.12965393 0.17684937
0.9572754 0.058166504 0.2055664
0.77401733 0.21394348 0.22938538
0.49058533 0.23532104 0.26054382
0.22729492 0.27075195 0.25749207
0.029373169 0.2677002 0.22328186
-0.11355591 0.22921753 0.22572327
-0.25161743 0.1375885 0.23672485
-0.36586 0.054504395 0.24160767
-0.3499756 0.12719727 0.22938538
-0.21923828 0.15713501 0.19883728
-0.08302307 0.1058197 0.19213867
-0.013381958 0.055725098 0.17929077
-0.021942139 0.028244019 0.14692688
-0.015823364 0.10398865 0.1542511
0.007980347 0.18095398 0.15486145
-0.045150757 0.19866943 0.13226318
-0.15205383 0.17973328 0.12921143
-0.24490356 0.08627319 0.137146
-0.29682922 -0.032226562 0.11515808
-0.2736206 -0.02368164 0.07972717
-0.19725037 0.11192322 0.044311523
-0.14350891 0.19439697 0.0388031
-0.11051941 0.19561768 0.08644104
-0.10195923 0.09176636 0.11759949
-0.07141113 0.02519226 0.12677002
0.063583374 -0.0035095215 0.1689148
0.19003296 0.039230347 0.17196655
0.14604187 0.07649231 0.14997864
-0.035980225 0.058166504 0.1542511
-0.25956726 0.08505249 0.17196655
-0.42633057 0.13819885 0.16584778
-0.50390625 0.14491272 0.13409424
-0.5301819 0.10826111 0.096832275
-0.4886322 0.11558533 0.080947876
-0.37623596 0.12231445 0.09378052
-0.24124146 0.14125061 0.120651245
-0.12884521 0.18217468 0.12309265
-0.047592163 0.11680603 0.087677
0.02142334 0.10154724 0.060180664
0.103897095 0.10154724 0.037582397
0.18269348 -0.07254028 0.04675293
0.24562073 -0.068878174 0.05834961
0.18574524 0.04534912 -0.01739502
-0.20030212 0.2823639 -0.20187378
-0.39700317 0.18951416 -0.275177
-0.52407837 0.02029419 -0.21836853
-0.5259094 0.063064575 -0.07481384
-0.4513855 0.098480225 0.030258179
-0.31210327 0.025787354 0.043685913
-0.104400635 -0.052993774 0.025985718
0.12832642 -0.15867615 0.0015411377
0.3219757 -0.18312073 -0.018615723
0.38061523 -0.11225891 -0.022888184
0.17292786 -0.07070923 -0.021057129
-0.19969177 -0.07437134 0.0045928955
-0.4703064 -0.10614014 0.0045928955
-0.5259094 -0.18127441 -0.022888184
-0.454422 -0.16783142 -0.051589966
-0.37989807 -0.065826416 -0.0448761
-0.3866272 -0.016342163 -0.0021209717
-0.4489441 -0.01939392 0.003982544
-0.4330597 -0.02734375 0.0027618408
-0.3353119 -0.033447266 0.02658081
-0.24490356 -0.113479614 0.080947876
-0.17282104 -0.20143127 0.108444214
-0.16487122 -0.11773682 0.059570312
-0.2919464 0.014801025 -0.008224487
-0.4208374 0.0025787354 -0.005783081
-0.4159546 -0.0597229 0.023544312
-0.3243103 -0.065216064 0.016815186
-0.22169495 -0.085372925 -0.005783081
-0.157547 -0.11225891 0.0021514893
-0.13739014 -0.054214478 -0.029006958
-0.1404419 0.014801025 -0.04548645
-0.1404419 -0.010238647 0.021087646
-0.13555908 -0.011459351 0.044311523
-0.17404175 0.011749268 0.021697998
-0.2565155 0.02885437 -0.0027313232
-0.3243103 0.10154724 -0.031448364
-0.3090515 0.06489563 0.013153076
-0.20092773 -0.0957489 0.07362366
-0.048812866 -0.17700195 0.049179077
0.017150879 -0.10675049 -0.06625366
-0.064086914 0.0398407 -0.1560669
-0.12394714 0.10826111 -0.091308594
-0.05430603 0.11009216 0.025985718
0.0037231445 0.08016968 0.06994629
-0.03475952 0.098480225 0.08155823
-0.12150574 0.14430237 -0.004562378
-0.21435547 0.10948181 -0.052215576
-0.22535706 -0.0035095215 0.036361694
-0.108078 -0.0756073 0.09072876
0.04647827 -0.06338501 0.060180664
0.03303528 -0.00047302246 -0.07847595
-0.09341431 -0.022460938 -0.047927856
-0.17831421 -0.016342163 -0.031448364
-0.18504333 -0.016342163 -0.028381348
-0.12333679 -0.01878357 -0.043045044
-0.05064392 -0.06338501 -0.038772583
0.0030975342 -0.15257263 -0.019836426
0.05014038 -0.1947174 -0.014343262
0.092285156 -0.057876587 -0.059539795
0.08618164 0.055114746 -0.08580017
0.035476685 0.047790527 -0.043655396
-0.022537231 -0.010848999 0.0045928955
-0.05491638 -0.03527832 0.0113220215
-0.039642334 -0.009017944 -0.014953613
-0.01399231 0.013580322 -0.029006958
-0.004837036 0.005645752 -0.024108887
-0.006668091 -0.015731812 -0.01739502
-0.01399231 -0.013290405 -0.019226074
-0.017654419 -0.00047302246 -0.021057129
-0.007888794 0.009307861 -0.0063934326
0.011047363 0.021530151 -0.0063934326
0.01776123 -0.005355835 -0.023498535
0.0049438477 -0.068878174 -0.01373291
-0.020721436 -0.057876587 -0.018005371
-0.05369568 0.004425049 -0.047927856
0.0018920898 0.015411377 -0.059539795
0.026306152 0.00076293945 -0.05404663
-0.0005493164 0.005645752 -0.022888184
-0.03842163 0.034347534 -0.015563965
-0.043930054 0.03251648 -0.008224487
-0.024993896 0.03312683 0.00032043457
-0.014602661 0.03312683 -0.000289917
-0.0017700195 0.031295776 0.0027618408
0.02571106 0.030685425 0.0070343018
0.020202637 0.03312683 0.014373779
-0.019500732 0.020904541 0.016815186
-0.042099 0.0037994385 0.0113220215
-0.020095825 -0.016342163 0.009490967
-0.019500732 0.011749268 0.008270264
-0.04698181 0.021530151 0.01071167
-0.072631836 -0.029785156 -0.004562378
-0.09768677 -0.018173218 -0.015563965
-0.1282196 -0.01878357 -0.021057129
-0.0084991455 -0.05848694 -0.02532959
0.022033691 -0.036499023 -0.031448364
0.014709473 0.018463135 -0.04121399
-0.024383545 0.019683838 -0.034500122
-0.043930054 -0.022460938 -0.021057129
-0.017654419 -0.0438385 -0.019836426
0.02508545 -0.049331665 -0.024108887
0.04586792 -0.042007446 -0.021057129
0.023269653 -0.034057617 -0.0076141357
-0.016433716 -0.030395508 -0.004562378
-0.03904724 -0.024902344 -0.016784668
-0.028045654 -0.029174805 -0.020446777
0.0055389404 -0.036499023 -0.008224487
0.035476685 -0.042007446 0.016815186
0.05014038 -0.028564453 0.018035889
0.017150879 -0.0016937256 0.0070343018
-0.055526733 0.058166504 0.008880615
-0.06652832 0.05267334 0.008270264
-0.05064392 0.027023315 0.013153076
-0.014602661 0.030685425 0.013153076
0.012268066 0.026412964 -0.0015106201
0.014709473 0.02456665 -0.0015106201
0.0030975342 0.030075073 0.0027618408
-0.009109497 0.027633667 0.007659912
-0.007888794 0.023345947 0.014984131
0.00920105 0.014190674 0.008880615
0.019592285 -0.021240234 0.0070343018
0.026931763 -0.05177307 -0.005783081
0.036697388 -0.024276733 -0.020446777
0.039749146 -0.018173218 -0.035720825
0.05441284 -0.0438385 -0.044265747
0.08312988 -0.10675049 -0.019836426
0.18818665 -0.18739319 -0.01373291
0.21263123 -0.14891052 -0.0015106201
0.17170715 -0.113479614 0.0070343018
0.16375732 0.0019836426 0.014373779
-0.061035156 0.28297424 -0.018005371
-0.28094482 0.39720154 -0.0778656
-0.236969 0.08016968 -0.0051727295
-0.012771606 -0.26496887 0.019256592
0.28042603 -0.07987976 0.007659912
0.45025635 0.13024902 0.014984131
0.4459839 0.19439697 -0.02532959
0.32870483 0.2029419 -0.007003784
0.24195862 0.11743164 0.02658081
0.22363281 0.023345947 -0.063812256
0.2877655 0.034347534 -0.09008789
0.3708496 -0.009628296 -0.11941528
0.4398651 0.005645752 -0.13774109
0.4985199 0.063064575 -0.0949707
0.5253906 0.16874695 -0.020446777
0.5131836 0.23348999 -0.004562378
0.50279236 0.2835846 -0.060150146
0.5058441 0.20906067 -0.07237244
0.5492096 0.07711792 -0.027160645
0.6665039 0.0032043457 -0.06137085
0.7819519 0.044128418 -0.11878967
0.7929535 0.14920044 -0.1438446
0.69644165 0.13146973 -0.1267395
0.5376129 0.12780762 -0.11878967
0.44230652 0.098480225 -0.14872742
0.49058533 0.09237671 -0.20065308
0.5944214 0.17668152 -0.2776184
0.6048126 0.20845032 -0.3240509
0.49546814 0.14735413 -0.3228302
0.36167908 0.06062317 -0.3032837
0.30670166 -0.049331665 -0.3423767
0.34091187 -0.1275177 -0.41079712
0.42276 -0.06826782 -0.40345764
0.50279236 0.02029419 -0.33137512
0.42276 0.020904541 -0.37290955
0.24745178 -0.07070923 -0.456604
0.139328 -0.18861389 -0.4370575
0.17292786 -0.29612732 -0.341156
0.28227234 -0.30162048 -0.31427002
0.35740662 -0.18005371 -0.37597656
0.35923767 -0.052993774 -0.45111084
0.29875183 -0.12019348 -0.4541626
0.23522949 -0.29917908 -0.42056274
0.21324158 -0.3370514 -0.40286255
0.2388916 -0.18861389 -0.44195557
0.24501038 -0.00047302246 -0.5018158
0.20529175 0.03312683 -0.54029846
0.17292786 -0.17700195 -0.5286865
0.2046814 -0.44578552 -0.52319336
0.3048706 -0.5441437 -0.55374146
0.4013977 -0.4219513 -0.627655
0.39100647 -0.21121216 -0.68200684
0.25784302 -0.12263489 -0.71255493
0.13139343 -0.22465515 -0.72784424
0.13017273 -0.41401672 -0.7504425
0.24501038 -0.5783539 -0.7907562
0.4044342 -0.5972748 -0.8182373
0.5070648 -0.54473877 -0.86039734
0.47529602 -0.5380249 -0.9184265
0.33296204 -0.5575714 -0.9422455
0.18818665 -0.58995056 -0.9538574
0.14360046 -0.5832367 -0.951416
0.18330383 -0.542923 -0.975235
0.2046814 -0.5502472 -1.0045471
0.15948486 -0.55513 -0.93614197
0.09350586 -0.49710083 -0.89276123
0.007980347 -0.4714508 -0.86650085
-0.08973694 -0.53497314 -0.8402252
-0.20581055 -0.6406555 -0.8475647
-0.3053894 -0.67059326 -0.84817505
-0.32859802 -0.54107666 -0.88116455
-0.24429321 -0.3883667 -0.91108704
-0.04270935 -0.22038269 -0.88604736
0.1894226 -0.09147644 -0.8548889
0.3024292 -0.21121216 -0.8237457
0.31037903 -0.28756714 -0.7406616
0.3403015 -0.23258972 -0.57022095
0.4300995 -0.28207397 -0.4553833
0.4325409 -0.5209198 -0.51097107
0.31585693 -0.72128296 -0.6099396
0.20407104 -0.7475586 -0.63375854
0.19613647 -0.7793274 -0.6722412
0.23156738 -0.9711304 -0.81640625
0.19857788 -1.1977692 -1.056488
0.11000061 -1.2490845 -1.2147064
0.055023193 -0.94670105 -1.3161011
0.051361084 -0.50564575 -1.3710785
0.08862305 -0.22221375 -1.3710785
0.22363281 -0.2619171 -1.3161011
0.2841034 -0.33888245 -1.3161011
0.38978577 -0.5123749 -1.3240509
0.5284424 -0.67303467 -1.3057251
0.6371765 -0.6553192 -1.2354736
0.65122986 -0.5844574 -1.1603241
0.578537 -0.4054718 -1.1792755
0.46064758 -0.6382141 -1.2647858
0.28349304 -0.9570923 -1.2684479
0.124053955 -0.8379669 -1.2348633
-0.09341431 -0.841629 -1.2275238
-0.3866272 -0.8984375 -1.2794495
-0.6309662 -0.83184814 -1.3075409
-0.7128296 -0.81230164 -1.0522003
-0.5167389 -0.5453644 -0.63131714
-0.14654541 -0.37919617 -0.4602661
0.2388916 -0.3187256 -0.41262817
0.55288696 -0.18190002 -0.39796448
0.7746277 -0.06338501 -0.4370575
0.8687134 -0.08476257 -0.56777954
0.77401733 -0.05116272 -0.7253876
0.6628418 -0.00047302246 -0.7883148
0.6561279 0.17301941 -0.71318054
0.3354187 0.0899353 -0.6832428
-0.3267517 -0.439682 -0.6612396
-1.2742157 -0.997406 -0.832901
-1.015213 -0.43295288 -0.8524475
-0.3267517 0.2347107 -0.7504425
0.2511139 0.5719147 -0.6832428
0.31219482 -0.17944336 -0.8292389
0.27249146 -0.6113434 -1.2055359
0.5076752 -0.9827423 -1.2232513
0.6689453 -1.3156738 -1.156662
0.45025635 -1.5129852 -1.1780548
0.00982666 -0.93814087 -1.2507477
-0.45687866 -0.09025574 -1.3106079
-0.5167389 0.009307861 -1.211029
-0.056747437 -0.056045532 -1.0742035
0.43927002 -0.18371582 -1.0179901
0.776474 -0.28085327 -0.9080353
0.9059601 -0.4079132 -0.7418823
0.722702 -0.6589813 -0.6740875
0.436203 -0.99923706 -0.51524353
0.25416565 -0.8171997 -0.5079193
0.19674683 -0.32055664 -0.575119
0.052581787 -0.1568451 -0.52563477
-0.223526 -0.39141846 -0.43400574
-0.5411835 -0.5746765 -0.33688354
-0.6908417 -0.28634644 -0.302063
-0.6328125 0.5584717 -0.34481812
-0.5375061 1.1369629 -0.39245605
-0.3854065 0.96043396 -0.38575745
-0.325531 0.20417786 -0.2702942
-0.3108673 -0.6235504 -0.15116882
-0.3066101 -1.062149 -0.19332886
-0.38845825 -0.9497528 -0.4553833
-0.5570526 -0.60217285 -0.65452576
-0.6169281 -0.34132385 -0.5439606
-0.38052368 -0.21853638 -0.40956116
0.0055389404 -0.26802063 -0.43766785
0.24073792 -0.25213623 -0.5409088
0.1405487 -0.2600708 -0.57572937
-0.026824951 -0.2741394 -0.5384674
-0.08241272 -0.2600708 -0.49142456
-0.059814453 -0.16967773 -0.48349
-0.05430603 -0.054214478 -0.50975037
-0.06652832 0.07649231 -0.48898315
-0.1770935 0.0740509 -0.39918518
-0.37989807 -0.09881592 -0.2922821
-0.4684906 -0.2106018 -0.20799255
-0.42266846 -0.20999146 -0.19515991
-0.2870636 -0.1605072 -0.24157715
-0.01399231 -0.09025574 -0.26541138
0.22851562 0.022750854 -0.24830627
0.10450745 -0.1751709 -0.21775818
-0.23023987 -0.4378357 -0.20675659
-0.547287 -0.6791382 -0.26600647
-0.7427521 -0.78115845 -0.35643005
-0.5778351 -0.4372406 -0.38269043
-0.080581665 0.11680603 -0.40896606
0.34152222 0.32511902 -0.48410034
0.386734 0.019683838 -0.51464844
0.092285156 -0.5612488 -0.46087646
-0.21130371 -0.68707275 -0.50364685
-0.32247925 -0.2722931 -0.6355896
-0.28277588 0.13269043 -0.6893463
-0.16061401 0.2359314 -0.6624603
-0.032318115 0.1559143 -0.6294861
0.04647827 -0.029785156 -0.6355896
0.07029724 -0.21243286 -0.6264343
0.09840393 -0.2869568 -0.5910034
0.22668457 -0.24298096 -0.59588623
0.37939453 -0.10797119 -0.638031
0.4190979 0.039230347 -0.6343689
0.45637512 0.118652344 -0.5622864
0.5968628 0.16262817 -0.48349
0.6396332 0.17973328 -0.39186096
0.4655304 0.24876404 -0.28129578
0.103897095 0.3214569 -0.1585083
-0.17953491 0.2677002 0.06384277
-0.07141113 0.41552734 0.1053772
-0.2552948 0.30007935 0.11454773
-0.5259094 0.14125061 0.13470459
-0.6364746 -0.23197937 0.15242004
-0.33042908 -0.47633362 0.1872406
0.26028442 -0.30467224 0.23550415
0.581604 -0.10430908 0.23428345
0.33236694 -0.15318298 0.21534729
-0.115997314 -0.14035034 0.15486145
-0.39640808 -0.089035034 0.09194946
-0.39395142 -0.20266724 0.10722351
-0.1758728 -0.42807007 0.12004089
-0.021316528 -0.62538147 0.022323608
-0.004837036 -0.6595917 -0.15299988
-0.0017700195 -0.387146 -0.21470642
-0.003616333 0.061843872 -0.0778656
0.075790405 0.34466553 0.16462708
0.2242279 0.28175354 0.24343872
0.2706604 0.03251648 0.16036987
0.21446228 -0.15501404 0.022323608
0.14665222 -0.15867615 -0.09436035
-0.005432129 -0.029785156 -0.13957214
-0.13250732 0.13024902 -0.123687744
-0.104400635 0.14797974 -0.11878967
0.067855835 0.14797974 -0.15299988
0.16009521 0.0899353 -0.20309448
0.12893677 0.1375885 -0.20370483
0.04647827 0.33673096 -0.111465454
-0.0060577393 0.66903687 0.043685913
-0.112335205 0.7454071 0.17684937
-0.3353119 0.46806335 0.20007324
-0.5839386 0.004425049 0.04612732
-0.6682434 -0.3431549 -0.159729
-0.4330597 -0.2606964 -0.20614624
0.091674805 0.02456665 -0.067474365
0.5284424 0.07221985 0.0717926
0.5400543 -0.15745544 0.13287354
0.2034607 -0.36576843 0.124313354
-0.17770386 -0.3920288 0.0058135986
-0.352417 -0.19166565 -0.159729
-0.07997131 0.40881348 -0.28129578
-0.047592163 0.5841217 -0.30633545
-0.22718811 0.5688629 -0.37719727
-0.45932007 0.41125488 -0.47554016
-0.5142975 0.22799683 -0.54885864
-0.4177704 0.14125061 -0.5787811
-0.28582764 0.17485046 -0.54029846
-0.24246216 0.29153442 -0.48349
-0.3560791 0.3648224 -0.46699524
-0.533844 0.34773254 -0.44866943
-0.6218109 0.2640381 -0.38757324
-0.5613251 0.1058197 -0.27456665
-0.34753418 -0.021835327 -0.09802246
-0.017044067 -0.02734375 0.11210632
0.21751404 0.09788513 0.3173523
0.09106445 -0.037719727 0.38394165
-0.3230896 -0.18190002 0.3515625
-0.8350067 -0.43112183 0.2568817
-1.1013489 -0.7842102 0.12309265
-0.8081207 -0.65592957 0.092559814
-0.15327454 0.045959473 0.28804016
0.37268066 0.3819275 0.49757385
0.4679718 0.06367493 0.4621277
0.24867249 -0.46655273 0.23916626
-0.072021484 -0.79704285 -0.0448761
-0.3609619 -0.65592957 -0.32221985
-0.32737732 -0.35354614 -0.30267334
-0.22535706 0.028244019 -0.15177917
-0.15205383 0.20111084 -0.028381348
-0.059814453 0.086883545 -0.020446777
0.08984375 -0.13912964 -0.12612915
0.17964172 -0.3578186 -0.26600647
0.09350586 -0.41340637 -0.41629028
-0.08607483 -0.33338928 -0.55496216
-0.1722107 -0.2558136 -0.6392517
-0.112335205 -0.26313782 -0.65086365
-0.0017700195 -0.30467224 -0.6105499
0.047698975 -0.33766174 -0.61421204
0.055023193 -0.3382721 -0.72172546
0.120391846 -0.2893982 -0.8402252
0.24317932 -0.17456055 -0.9239197
0.35006714 -0.05848694 -0.9306488
0.34701538 -0.10491943 -0.89398193
0.20223999 -0.16235352 -0.8952179
-0.06774902 -0.3260498 -0.9673004
-0.39578247 -0.52030945 -1.0699158
-0.57354736 -0.46289062 -1.0491486
-0.467865 -0.21548462 -0.922699
-0.13250732 0.0019836426 -0.81762695
0.2046814 -0.026123047 -0.84695435
0.33296204 -0.3578186 -0.9850006
0.21812439 -0.76771545 -1.1334534
0.01776123 -0.92837524 -1.2311859
-0.1428833 -0.7145691 -1.3045044
-0.40983582 -0.2240448 -1.380249
-0.37135315 -0.32789612 -1.2977753
-0.11418152 -0.3358307 -1.2220306
0.103897095 -0.31628418 -1.2574615
0.107559204 -0.4201355 -1.2715149
-0.041488647 -0.55818176 -1.2427979
-0.17282104 -0.6131592 -1.1829376
-0.17037964 -0.39385986 -1.1084137
-0.10501099 -0.11836243 -1.0540466
-0.060424805 -0.18493652 -1.0228882
0.012268066 -0.27963257 -0.9856262
0.07885742 -0.3083496 -0.9697418
0.120391846 -0.29856873 -0.9605713
0.17048645 -0.2081604 -0.9330902
0.268219 0.08505249 -0.9135437
0.3048706 0.32633972 -0.9654541
0.15460205 0.170578 -1.0192108
-0.23085022 -0.3712616 -1.0925293
-0.56500244 -0.6052246 -1.1096344
-0.5943146 -0.42990112 -1.0723724
-0.4202118 -0.060333252 -0.9978485
-0.19480896 0.24571228 -0.9068146
-0.017654419 0.3348999 -0.8377838
-0.06652832 0.12536621 -0.7815857
-0.3756256 -0.39874268 -0.82740784
-0.54299927 -0.5734558 -0.9984436
-0.26200867 -0.08415222 -0.99417114
-0.26567078 0.037399292 -0.8756561
-0.4550476 -0.13607788 -0.7858734
-0.4306183 -0.2619171 -0.7632599
-0.18626404 -0.19593811 -0.7357788
0.08496094 -0.12324524 -0.71195984
0.09289551 -0.1580658 -0.7589874
-0.22169495 -0.2900238 -0.83229065
-0.4874115 -0.32911682 -0.84573364
-0.4342804 -0.2264862 -0.7962494
-0.13066101 -0.13729858 -0.72294617
0.15216064 -0.18066406 -0.69851685
0.18269348 -0.373703 -0.74554443
0.04219055 -0.4164734 -0.83351135
-0.08912659 -0.21304321 -0.91293335
-0.07446289 0.09298706 -0.92575073
0.042816162 0.32572937 -0.8066406
0.124053955 0.38865662 -0.6105499
0.051971436 0.15957642 -0.45965576
-0.14350891 -0.3260498 -0.5103607
-0.30110168 -0.7133484 -0.86405945
-0.41654968 -0.7622223 -1.3112183
-0.4342804 -0.34927368 -1.4236145
-0.3340912 0.13209534 -1.1438446
-0.23207092 0.24510193 -0.7767029
-0.22535706 -0.046279907 -0.60383606
-0.2540741 -0.44639587 -0.5763397
-0.1746521 -0.55940247 -0.5977173
-0.10256958 -0.3834839 -0.5445709
-0.08302307 -0.3059082 -0.30999756
-0.064086914 -0.3419342 -0.28434753
-0.05430603 -0.28451538 -0.25013733
-0.020095825 -0.112854004 -0.20921326
-0.03475952 0.014190674 -0.17437744
-0.10562134 -0.048110962 -0.13589478
-0.1269989 -0.13302612 -0.103530884
-0.068359375 -0.16111755 -0.056488037
0.03303528 -0.113479614 -0.06137085
0.0574646 -0.014511108 -0.07847595
-0.07080078 -0.010848999 -0.06137085
-0.2259674 -0.036499023 -0.058929443
-0.2723999 -0.0035095215 -0.071136475
-0.16976929 0.110702515 -0.055877686
-0.0029907227 0.23165894 -0.04977417
0.087402344 0.25732422 -0.03327942
0.051971436 0.20783997 -0.039993286
-0.043930054 0.13331604 -0.068099976
-0.11174011 0.10154724 -0.08580017
-0.1404419 0.06367493 -0.08580017
-0.12884521 0.014190674 -0.10231018
-0.068359375 0.08078003 -0.13040161
0.0037231445 0.1546936 -0.11819458
0.02571106 0.1375885 -0.0619812
0.014099121 0.078933716 -0.032058716
0.010421753 0.01663208 -0.050369263
-0.041488647 -0.021240234 -0.08091736
-0.12272644 -0.020019531 -0.083984375
-0.11845398 0.02885437 -0.050994873
-0.03353882 0.062454224 -0.007003784
0.0067596436 0.013580322 0.016204834
-0.03904724 -0.07987976 0.01864624
-0.09829712 -0.12814331 0.006439209
-0.10379028 -0.105529785 -0.025939941
-0.06896973 -0.035888672 -0.055877686
-0.020721436 0.06977844 -0.055877686
0.008605957 0.111328125 -0.031448364
-0.0011749268 0.055114746 -0.0063934326
-0.05859375 0.067337036 -0.0015106201
-0.07997131 0.06550598 -0.0033416748
-0.06225586 0.031906128 0.011932373
-0.047592163 -0.021835327 0.019866943
-0.06225586 -0.044448853 0.00093078613
-0.10379028 0.016021729 -0.027160645
-0.15327454 0.13391113 -0.031448364
-0.18504333 0.25242615 -0.020446777
-0.17953491 0.28663635 0.013763428
-0.13066101 0.2518158 0.041870117
-0.11540222 0.16934204 0.036361694
-0.14595032 0.0398407 0.0033721924
-0.16305542 -0.040161133 -0.014953613
-0.18992615 -0.032226562 -0.01373291
-0.19969177 -0.06765747 -0.021057129
-0.13616943 -0.10797119 -0.022277832
-0.09341431 -0.09515381 -0.012512207
-0.12762451 -0.060333252 -0.013122559
-0.14961243 0.0025787354 -0.048553467
-0.14776611 0.03617859 -0.075424194
-0.15327454 0.011138916 -0.07237244
-0.17892456 -0.06338501 -0.05770874
-0.23023987 -0.14157104 -0.06991577
-0.25039673 -0.16479492 -0.10046387
-0.22047424 -0.13790894 -0.11819458
-0.07752991 -0.13973999 -0.08520508
-0.04698181 -0.13424683 -0.07481384
-0.0592041 -0.09086609 -0.0778656
-0.08729553 -0.07009888 -0.09313965
-0.11355591 -0.060333252 -0.12123108
-0.13616943 -0.049331665 -0.12063599
-0.12884521 -0.029174805 -0.09069824
-0.10501099 -0.037719727 -0.06625366
-0.10134888 -0.06338501 -0.059539795
-0.088516235 -0.06460571 -0.06503296
-0.06774902 -0.078048706 -0.0790863
-0.03475952 -0.06826782 -0.1084137
-0.004211426 -0.0059509277 -0.11697388
-0.031097412 0.022125244 -0.09069824
-0.07080078 0.033737183 -0.06687927
-0.076919556 0.042297363 -0.05831909
-0.07324219 0.020904541 -0.06687927
-0.076309204 -0.0059509277 -0.07725525
-0.06896973 -0.0047302246 -0.07237244
-0.051254272 -0.0035095215 -0.05404663
-0.05369568 -0.005355835 -0.044265747
-0.07752991 -0.00047302246 -0.056488037
-0.0921936 0.019073486 -0.06932068
-0.0952301 0.050231934 -0.071136475
-0.08180237 0.06977844 -0.06321716
-0.056747437 0.031295776 -0.040603638
-0.029876709 0.011749268 0.008270264
-0.040878296 -0.009628296 0.02720642
-0.056137085 -0.01512146 0.015594482
-0.051864624 -0.032836914 -0.0063934326
-0.018875122 -0.013900757 -0.005783081
0.06236267 -0.012069702 0.0058135986
0.018371582 0.00076293945 0.014984131
-0.031097412 0.044128418 0.003982544
-0.025604248 0.016021729 0.00032043457
-0.01399231 -0.009628296 0.009490967
-0.040267944 0.020904541 0.0058135986
-0.055526733 0.045959473 0.0058135986
-0.039642334 0.022750854 0.007659912
-0.003616333 -0.015731812 0.003982544
-0.010940552 -0.024276733 0.00093078613
-0.03842163 0.008682251 -0.008834839
-0.064697266 0.04901123 -0.012512207
-0.064697266 0.044128418 -0.010665894
-0.037200928 0.0062408447 -0.014343262
-0.032318115 0.0013580322 -0.016174316
-0.07141113 0.012969971 -0.0021209717
-0.08302307 0.009307861 0.0113220215
-0.072021484 -0.008407593 0.007659912
-0.08119202 -0.010238647 0.00032043457
-0.10501099 -0.0029144287 0.003982544
-0.116622925 0.0050201416 -0.0021209717
-0.100738525 0.017242432 -0.022277832
-0.018875122 0.027023315 -0.030227661
0.080078125 0.027633667 -0.030227661
0.09472656 -0.0010681152 -0.022888184
0.0055389404 -0.006576538 -0.005783081
-0.08668518 0.019683838 0.0021514893
-0.11723328 0.014801025 0.003982544
-0.05369568 0.005645752 -0.00090026855
0.056854248 0.014801025 -0.019226074
0.03425598 -0.005355835 0.009490967
-0.044540405 0.01663208 0.006439209
-0.09341431 -0.020614624 -0.011886597
-0.10317993 -0.03894043 -0.02532959
-0.08668518 -0.012680054 -0.02532959
-0.056137085 0.0025787354 -0.013122559
-0.032928467 0.0013580322 0.00093078613
-0.023162842 0.0037994385 0.0113220215
-0.04270935 0.0032043457 0.0021514893
-0.08363342 -0.010848999 -0.0076141357
-0.096450806 -0.010238647 -0.0033416748
-0.075683594 0.02519226 0.005218506
-0.0750885 0.05206299 -0.0033416748
-0.104400635 0.042297363 -0.01373291
-0.10134888 0.038619995 -0.011886597
-0.05859375 0.045959473 -0.013122559
-0.03353882 0.042892456 -0.013122559
-0.055526733 0.034957886 0.0045928955
-0.12272644 0.028244019 0.032089233
-0.17831421 -0.027954102 0.04612732
-0.1453247 -0.037109375 0.032699585
-0.022537231 -0.0035095215 -0.00944519
0.031204224 -0.02305603 -0.030822754
0.023864746 -0.005355835 -0.03388977
0.019592285 0.023971558 -0.027160645
0.030593872 0.047180176 -0.018005371
0.04096985 0.049621582 -0.022888184
0.05807495 0.08566284 -0.014953613
0.073349 0.11924744 -0.01373291
0.08067322 0.10398865 -0.03388977
0.056854248 0.070999146 -0.039382935
0.006164551 0.082611084 -0.00944519
-0.044540405 0.06123352 0.033309937
-0.0592041 0.023345947 0.06567383
0.13076782 -0.029785156 0.016815186
0.25906372 -0.17028809 0.0045928955
0.12771606 -0.11529541 0.024139404
-0.09951782 -0.0756073 0.021087646
-0.18260193 -0.12080383 -0.007003784
-0.07080078 -0.01512146 -0.05770874
0.1051178 0.053894043 -0.079696655
0.27798462 -0.03956604 -0.0027313232
0.37451172 -0.045669556 0.025360107
0.27983093 0.026412964 -0.008224487
0.08129883 0.098480225 -0.036331177
-0.084854126 0.1058197 -0.06625366
-0.11723328 0.034957886 -0.07420349
-0.014602661 0.043518066 -0.07054138
0.11732483 0.07771301 -0.09313965
0.14421082 0.057556152 -0.11268616
0.10084534 0.008087158 -0.14506531
0.13505554 0.02885437 -0.19210815
0.18818665 0.04473877 -0.24401855
0.19064331 0.0874939 -0.28373718
0.2205658 0.22738647 -0.29716492
0.30181885 0.36238098 -0.3106079
0.37390137 0.3965912 -0.35458374
0.43315125 0.12109375 -0.36131287
0.5009613 0.045959473 -0.37535095
0.5638733 0.11009216 -0.42300415
0.5907593 0.24510193 -0.48043823
0.5883179 0.35749817 -0.5238037
0.5864868 0.4124756 -0.55496216
0.5852661 0.35017395 -0.5635071
0.5999298 0.2395935 -0.57144165
0.6115265 0.1534729 -0.6099396
0.63168335 0.082611084 -0.65208435
0.6775055 0.050842285 -0.69241333
0.6903229 0.04840088 -0.7253876
0.6078644 -0.05543518 -0.7724304
0.48812866 -0.2252655 -0.88972473
0.4472046 -0.26557922 -0.9984436
0.44108582 -0.20999146 -1.0241089
0.39649963 -0.17822266 -0.93492126
0.46858215 -0.11958313 -0.8255768
0.6335144 -0.06704712 -0.79685974
0.69400024 -0.11103821 -0.93614197
0.56204224 -0.18556213 -1.1010742
0.37268066 -0.23442078 -1.1426239
0.27616882 -0.23381042 -1.104126
0.2718811 -0.17578125 -1.0796967
0.3354187 -0.20204163 -1.0809174
0.45025635 -0.33461 -1.0509796
0.51745605 -0.4897766 -1.0387726
0.4300995 -0.6131592 -1.0717468
0.29386902 -0.5612488 -1.1377258
0.24377441 -0.4042511 -1.1279602
0.2572174 -0.3993683 -1.0601501
0.28959656 -0.5111542 -1.0607605
0.29631042 -0.46533203 -1.1890411
0.26516724 -0.26741028 -1.2727356
0.22239685 -0.076828 -1.248291
0.17842102 -0.060943604 -1.2171478
0.16741943 -0.07987976 -1.2409668
0.21018982 -0.01512146 -1.2831116
0.2596588 0.102767944 -1.2928772
0.26394653 0.09237671 -1.2739563
0.26394653 -0.054214478 -1.2263031
0.24928284 -0.22831726 -1.1976013
0.26332092 -0.34132385 -1.1945343
0.49668884 -0.15989685 -1.2134705
0.5376129 -0.08415222 -1.2324066
0.5034027 -0.029785156 -1.2861786
0.4704132 -0.021835327 -1.28862
0.565094 -0.06338501 -1.1841583
0.7098694 -0.069488525 -0.9532471
0.5510559 -0.3895874 -0.83473206
0.20652771 -0.7976532 -0.9819641
0.2743225 -0.8764496 -1.0161743
0.7471466 -0.618042 -0.793808
1.0592957 -0.38104248 -0.56777954
0.7178192 -0.42562866 -0.6661377
0.15948486 -0.48365784 -0.97584534
-0.037826538 -0.48365784 -1.27211
0.040359497 -0.4360199 -1.3655853
0.10021973 -0.5105438 -1.3399353
0.0049438477 -0.7414551 -1.3643646
-0.14776611 -0.9063721 -1.458435
-0.1722107 -0.91737366 -1.587326
0.08067322 -0.5905609 -1.6765137
0.32870483 -0.22097778 -1.6991119
0.38000488 -0.057876587 -1.6679688
0.33296204 -0.18922424 -1.6136017
0.29571533 -0.47999573 -1.5946503
0.33296204 -0.6498108 -1.6435242
0.31463623 -0.7402344 -1.741272
0.26638794 -0.8874512 -1.7131653
0.254776 -0.9754181 -1.688736
0.19247437 -0.8984375 -1.6246033
0.0904541 -0.697464 -1.471878
0.06602478 -0.49465942 -1.3087616
0.12283325 -0.46166992 -1.1688843
0.16497803 -0.6754761 -1.0809174
0.111831665 -0.9405823 -1.0894623
0.0006713867 -0.89782715 -1.0858002
-0.006668091 -0.6681366 -0.9996643
0.20713806 -0.45005798 -0.8671112
0.46492004 -0.373703 -0.73210144
0.44293213 -0.4671631 -0.66674805
0.1222229 -0.66264343 -0.76631165
-0.5032959 -0.9888458 -1.0540466
-1.3004913 -1.0823212 -1.3106079
-1.3035431 -0.68096924 -1.4474335
-0.27850342 -0.13058472 -1.2959442
0.6799469 0.027633667 -0.9825592
0.68544006 -0.44151306 -0.84817505
0.06112671 -0.88438416 -0.9856262
-0.35913086 -0.8959961 -1.2458496
-0.28155518 -0.6327057 -1.4688263
0.038528442 -0.4360199 -1.5354004
0.26210022 -0.516037 -1.2763977
0.18818665 -0.53985596 -1.183548
0.14787292 -0.4683838 -1.1682739
0.19491577 -0.2912445 -1.1969757
0.29753113 -0.10858154 -1.1670532
0.31341553 -0.061553955 -1.0851898
0.2535553 -0.07498169 -0.9868469
0.21690369 -0.09515381 -0.88726807
0.2755432 -0.1104126 -0.7736511
0.35557556 -0.10858154 -0.68200684
0.38061523 -0.07009888 -0.6282654
0.3708496 -0.016952515 -0.6093292
0.35313416 0.009307861 -0.58366394
0.42704773 0.082611084 -0.56474304
0.53944397 0.07771301 -0.5635071
0.4679718 -0.113479614 -0.5311279
0.011657715 -0.4702301 -0.49754333
-0.6480713 -0.812912 -0.42729187
-0.68840027 -0.6577606 -0.46150208
0.020202637 -0.096969604 -0.57084656
0.5522766 0.047790527 -0.54823303
0.5046234 -0.26496887 -0.43888855
0.15397644 -0.5307007 -0.4187317
-0.16305542 -0.6088867 -0.52319336
-0.21374512 -0.64920044 -0.6099396
-0.037826538 -0.673645 -0.65574646
0.16682434 -0.6308899 -0.66064453
0.29693604 -0.50871277 -0.63131714
0.32502747 -0.41340637 -0.58122253
0.29264832 -0.41462708 -0.49998474
0.35679626 -0.47755432 -0.4553833
0.5284424 -0.51664734 -0.46577454
0.5993042 -0.5184784 -0.48043823
0.5339508 -0.4903717 -0.48654175
0.39649963 -0.42868042 -0.4822693
0.14176941 -0.3071289 -0.4761505
-0.08302307 -0.14768982 -0.49754333
-0.18626404 -0.07987976 -0.49754333
-0.2907257 -0.16235352 -0.44866943
-0.4159546 -0.1446228 -0.48532104
-0.4526062 0.02885437 -0.6026001
-0.20030212 0.26281738 -0.71318054
0.14421082 0.41064453 -0.64964294
0.21018982 0.28053284 -0.4492798
-0.08302307 -0.1568451 -0.2898407
-0.5411835 -0.5917816 -0.17805481
-0.98527527 -0.8245239 -0.07298279
-0.95718384 -0.658371 -0.13589478
-0.11723328 -0.1116333 -0.30633545
0.8552704 0.0716095 -0.30511475
1.1979523 -0.33644104 -0.13589478
0.8027344 -0.84895325 0.06201172
0.10694885 -0.97052 0.00093078613
-0.4660492 -0.6724243 -0.29777527
-0.5595093 -0.25335693 -0.70217896
-0.16365051 0.02456665 -0.90986633
0.23095703 -0.0035095215 -0.8555145
0.28164673 -0.13117981 -0.8109131
-0.014602661 -0.096969604 -0.86894226
-0.5112457 0.1058197 -0.9550781
-0.36463928 0.017242432 -0.8671112
-0.11418152 0.0032043457 -0.7583771
-0.020721436 0.09603882 -0.68873596
-0.03475952 0.24203491 -0.63864136
-0.020095825 0.338562 -0.53785706
0.11000061 0.29212952 -0.34970093
0.25294495 0.1400299 -0.12063599
0.2669983 0.005645752 0.044311523
0.23034668 -0.016342163 0.12309265
0.2401123 0.08810425 0.20617676
0.19796753 0.023345947 0.26786804
-0.06713867 -0.1910553 0.2978058
-0.48986816 -0.2924652 0.31430054
-0.58821106 -0.37553406 0.3784485
0.047088623 -0.10797119 0.49389648
0.75691223 0.30252075 0.6374512
0.8552704 0.24143982 0.66799927
0.39161682 -0.08476257 0.58491516
-0.21008301 -0.29612732 0.45541382
-0.5460663 -0.3724823 0.4138794
-0.59187317 -0.5380249 0.41448975
-0.3365326 -0.5270386 0.3662262
0.1723175 -0.20877075 0.31796265
0.5315094 0.11621094 0.34545898
0.5217285 0.21028137 0.38394165
0.4019928 0.21455383 0.3356781
0.2828827 0.17668152 0.22755432
0.14604187 0.055114746 0.087677
0.014099121 -0.11407471 -0.056488037
-0.15327454 -0.26924133 -0.14689636
-0.3707428 -0.31079102 -0.21470642
-0.5637665 -0.28756714 -0.3093872
-0.71343994 -0.2783966 -0.42485046
-0.73542786 -0.19715881 -0.5140228
-0.6034851 -0.05055237 -0.55740356
-0.3927307 0.091156006 -0.5384674
-0.15205383 0.19989014 -0.43888855
-0.13066101 0.0728302 -0.36131287
-0.4550476 -0.13912964 -0.3264923
-0.833786 -0.2228241 -0.34176636
-0.9675598 -0.23564148 -0.33444214
-0.63708496 -0.12263489 -0.2556305
0.18086243 0.10154724 -0.0448761
0.9468994 0.063064575 0.12799072
1.1222229 -0.28329468 0.22328186
0.7453003 -0.62538147 0.28131104
0.17108154 -0.6333313 0.20251465
-0.2546692 -0.3236084 -0.008834839
-0.2583313 -0.036499023 -0.22631836
0.09350586 0.11314392 -0.3374939
0.39649963 0.10826111 -0.3374939
0.38856506 0.08627319 -0.33137512
0.16131592 0.14491272 -0.36619568
-0.084243774 0.2359314 -0.43034363
-0.1428833 0.2652588 -0.47431946
-0.037826538 0.24021912 -0.5030365
0.007980347 0.21638489 -0.50120544
-0.014602661 0.28175354 -0.4602661
-0.020721436 0.37582397 -0.38208008
0.06173706 0.3648224 -0.26785278
0.24073792 0.23104858 -0.13467407
0.3354187 0.078933716 0.00093078613
0.37023926 0.009307861 0.09988403
-0.087905884 -0.11897278 0.33813477
-0.51368713 -0.07254028 0.33018494
-0.4733734 -0.008407593 0.34851074
0.30181885 0.2566986 0.42364502
0.98599243 0.30619812 0.5391083
0.8717499 -0.0029144287 0.59835815
0.22668457 -0.17211914 0.49328613
-0.37806702 0.027023315 0.3503418
-0.5924988 0.19012451 0.34301758
-0.4000702 0.1204834 0.4004364
-0.084243774 0.066726685 0.45602417
0.22546387 0.10520935 0.48168945
0.45515442 0.14553833 0.5146637
0.515625 0.15713501 0.53848267
0.42338562 0.10948181 0.5061188
0.2755432 0.029464722 0.38516235
0.13017273 -0.078048706 0.2324524
0.008605957 -0.15318298 0.10110474
-0.11355591 -0.17089844 0.010101318
-0.23023987 -0.14768982 -0.06321716
-0.32737732 -0.126297 -0.13345337
-0.40312195 -0.1776123 -0.18598938
-0.37930298 -0.18922424 -0.23486328
-0.3078308 -0.10369873 -0.28189087
-0.17831421 0.11009216 -0.3057251
-0.019500732 0.2383728 -0.31121826
-0.08973694 0.029464722 -0.32344055
-0.43977356 -0.16723633 -0.36253357
-0.8429413 -0.23686218 -0.49325562
-1.1465454 -0.18190002 -0.61543274
-0.9284668 0.10765076 -0.6832428
-0.17831421 0.2872467 -0.53419495
0.5009613 -0.013900757 -0.26052856
0.68544006 -0.49649048 -0.10168457
0.38856506 -0.6565399 -0.08580017
0.032424927 -0.41279602 -0.21897888
-0.10134888 -0.05055237 -0.44866943
0.017150879 0.14675903 -0.61421204
0.24195862 0.007461548 -0.6526947
0.37512207 -0.20510864 -0.612381
0.21446228 -0.2869568 -0.5952759
-0.13677979 -0.2387085 -0.6423187
-0.38357544 -0.18617249 -0.67041016
-0.38357544 -0.13424683 -0.6331482
-0.22840881 -0.020614624 -0.5775604
-0.03842163 0.070388794 -0.5280762
0.18515015 0.10643005 -0.45233154
0.32014465 0.078933716 -0.34970093
0.29937744 0.047180176 -0.23486328
0.17720032 -0.006576538 -0.12246704
0.08190918 -0.085372925 -0.042434692
0.11244202 -0.07376099 0.0113220215
-0.016433716 -0.3052826 0.072387695
-0.44648743 -0.46166992 0.064453125
-0.52467346 -0.5936127 0.055908203
0.14727783 -0.21426392 0.21105957
1.0189819 0.40881348 0.32896423
1.2211761 0.30923462 0.22877502
0.60969543 -0.23442078 0.07972717
-0.19969177 -0.44273376 0.03453064
-0.638916 -0.2955017 0.18907166
-0.21618652 -0.11470032 0.3173523
0.3525238 0.086883545 0.34851074
0.6506195 -0.021835327 0.26849365
0.53822327 -0.21548462 0.22206116
0.268219 -0.18922424 0.19151306
0.11306763 -0.096969604 0.11820984
0.17658997 -0.12568665 0.016204834
0.27738953 -0.22343445 -0.083984375
0.20713806 -0.24786377 -0.1401825
0.047088623 -0.1898346 -0.17866516
0.014099121 -0.11773682 -0.23791504
0.08251953 -0.12324524 -0.2763977
0.11306763 -0.20449829 -0.28678894
0.0892334 -0.2600708 -0.27578735
0.11244202 -0.13362122 -0.27090454
0.21812439 0.1876831 -0.2763977
0.29264832 0.30986023 -0.25868225
0.16804504 -0.06338501 -0.2690735
-0.12394714 -0.45861816 -0.29411316
-0.66885376 -0.6418762 -0.5121918
-1.3890686 -0.5135956 -0.7608185
-1.5650024 -0.005355835 -0.79563904
-0.89608765 0.5975647 -0.39064026
0.06968689 0.86512756 0.083999634
0.9652252 -0.15135193 -0.05709839
0.6542816 -0.760376 -0.35643005
0.055633545 -0.89538574 -0.53663635
-0.4519806 -0.4164734 -0.6624603
-0.767807 0.18341064 -0.7394409
-0.7128296 0.35505676 -0.6783447
-0.22291565 0.13146973 -0.6068878
0.307312 -0.24542236 -0.55374146
0.5131836 -0.39874268 -0.47921753
0.3390808 -0.26985168 -0.43217468
0.03791809 -0.11470032 -0.39186096
-0.1251831 -0.045059204 -0.38146973
-0.1282196 -0.09881592 -0.38452148
-0.05430603 -0.13484192 -0.35214233
-0.031707764 -0.122024536 -0.3203888
-0.014602661 -0.09025574 -0.28007507
0.022033691 -0.0927124 -0.26296997
0.00920105 -0.07254028 -0.30633545
-0.028045654 -0.036499023 -0.36619568
0.014099121 -0.02305603 -0.39735413
0.11122131 -0.029785156 -0.4016266
0.083740234 0.05999756 -0.49325562
-0.06225586 -0.007171631 -0.56840515
-0.22535706 -0.13607788 -0.58610535
-0.24124146 -0.14035034 -0.5439606
-0.18687439 -0.2374878 -0.5769501
-0.352417 -0.35720825 -0.58854675
-0.61997986 -0.2778015 -0.50364685
-0.61997986 -0.09025574 -0.36192322
-0.020095825 -0.07865906 -0.19943237
0.116104126 -0.12814331 -0.30633545
0.04525757 -0.26802063 -0.39123535
-0.019500732 -0.42440796 -0.40040588
-0.068359375 -0.5276489 -0.37657166
-0.08363342 -0.05848694 -0.3423767
-0.1612091 -0.11592102 -0.2898407
-0.24978638 -0.1910553 -0.31121826
-0.29621887 -0.26130676 -0.39735413
-0.17526245 -0.18312073 -0.470047
-0.048812866 -0.032226562 -0.48104858
-0.100128174 0.03251648 -0.44744873
-0.29621887 -0.005355835 -0.39064026
-0.52467346 -0.10736084 -0.36131287
-0.6578522 -0.2399292 -0.35458374
-0.6334076 -0.32667542 -0.36436462
-0.09768677 -0.052383423 -0.29840088
0.042816162 -0.05911255 -0.26478577
-0.07019043 -0.22465515 -0.34054565
-0.2534485 -0.33033752 -0.40408325
-0.2907257 -0.26924133 -0.37290955
-0.15144348 -0.121414185 -0.2580719
-0.047592163 -0.048721313 -0.1560669
-0.10623169 -0.1250763 -0.22691345
-0.23268127 -0.31567383 -0.3228302
-0.14105225 -0.20266724 -0.21409607
-0.09890747 -0.08049011 -0.15789795
-0.13800049 -0.02734375 -0.1768341
-0.13250732 -0.018173218 -0.17744446
-0.06896973 0.062454224 -0.17132568
-0.11355591 0.16323853 -0.19943237
-0.3023224 0.12414551 -0.19699097
-0.41654968 0.07833862 -0.16705322
-0.39640808 0.083221436 -0.15116882
-0.3414154 0.14553833 -0.13774109
-0.3426361 0.16690063 -0.10719299
-0.39822388 0.12719727 -0.11756897
-0.46176147 -0.0022888184 -0.13223267
-0.47764587 -0.1299591 -0.16522217
-0.39151 -0.13424683 -0.23730469
-0.23146057 -0.11103821 -0.23179626
-0.11355591 -0.081710815 -0.17132568
-0.144104 -0.034057617 -0.13223267
-0.2723999 -0.027954102 -0.12123108
-0.401886 0.0019836426 -0.16888428
-0.53689575 -0.01512146 -0.20614624
-0.57476807 0.007461548 -0.15789795
-0.25100708 0.0398407 -0.04548645
-0.17282104 0.014801025 -0.04182434
-0.2394104 0.012969971 -0.06137085
-0.34570312 -0.009628296 -0.07298279
-0.3768463 -0.042617798 -0.07237244
-0.3066101 -0.06338501 -0.07359314
-0.20275879 -0.07131958 -0.083984375
-0.1404419 -0.036499023 -0.087646484
-0.116622925 0.0013580322 -0.06687927
-0.0940094 0.030685425 -0.039382935
-0.08180237 0.02029419 -0.019836426
-0.0927887 -0.0035095215 -0.025939941
-0.109298706 -0.0059509277 -0.027160645
-0.16609192 -0.010848999 0.01071167
-0.28582764 -0.05543518 0.028427124
-0.3572998 -0.09208679 -0.027160645
-0.26872253 0.030685425 -0.071136475
-0.12272644 0.09788513 -0.058929443
0.06173706 0.0728302 -0.032669067
0.16375732 -0.0016937256 -0.04611206
0.095962524 -0.08293152 -0.050994873
-0.018875122 -0.037719727 -0.044265747
-0.12884521 0.05267334 -0.039993286
-0.17892456 0.11314392 -0.04548645
-0.16427612 0.123535156 -0.05709839
-0.14472961 -0.05055237 -0.12307739
-0.10623169 -0.052383423 -0.056488037
-0.04576111 -0.016342163 0.03942871
-0.06774902 0.0013580322 0.06567383
-0.19602966 0.027023315 0.032089233
-0.3683014 0.03617859 -0.0076141357
-0.4538269 0.007461548 -0.012512207
-0.31759644 -0.029174805 -0.014953613
0.0037231445 -0.045669556 -0.032669067
0.18025208 -0.05911255 -0.04182434
0.06846619 -0.011459351 -0.063812256
-0.13372803 0.030685425 -0.06687927
-0.2210846 0.033737183 -0.047927856
-0.18626404 0.044128418 -0.036331177
-0.1098938 0.046569824 -0.014953613
-0.031097412 0.010528564 -0.020446777
0.027526855 -0.012069702 -0.039993286
0.047088623 -0.016952515 -0.047332764
-0.013381958 -0.015731812 -0.04182434
-0.1282196 0.014190674 -0.04182434
-0.20153809 0.037399292 -0.03388977
-0.18138123 0.042892456 -0.007003784
-0.11540222 0.043518066 0.015594482
-0.029266357 0.014801025 0.028427124
0.020202637 -0.026123047 0.019256592
-0.11355591 0.014801025 -0.044265747
-0.1929779 0.08016968 -0.04182434
-0.20336914 0.1058197 -0.022888184
-0.17098999 0.079559326 -0.016174316
-0.14898682 0.06062317 -0.035110474
-0.14898682 0.06611633 -0.055267334
-0.17953491 0.06611633 -0.052825928
-0.2223053 0.05206299 -0.046707153
-0.15388489 0.02029419 -0.0015106201
0.012878418 -0.0022888184 0.022918701
0.07701111 -0.004135132 0.008880615
-0.0103302 0.012359619 -0.018005371
-0.124557495 0.034957886 -0.05831909
-0.13616943 0.055725098 -0.07298279
-0.08119202 0.062454224 -0.06991577
-0.075683594 0.074661255 -0.06687927
-0.112335205 0.05633545 -0.05404663
-0.07936096 0.044128418 -0.04548645
-0.04270935 0.0398407 -0.046707153
-0.07936096 0.06367493 -0.058929443
-0.14595032 0.09359741 -0.07359314
-0.272995 0.099105835 -0.07359314
-0.2736206 0.09422302 -0.04548645
-0.084854126 0.08932495 -0.02532959
0.03730774 0.02519226 -0.013122559
-0.059814453 0.012969971 -0.03816223
-0.07936096 0.055725098 0.0045928955
-0.056747437 0.07221985 0.033920288
-0.020095825 0.06611633 0.01864624
-0.0072784424 0.050842285 0.017425537
-0.04576111 0.031295776 0.032089233
-0.096450806 0.022750854 0.022323608
-0.1269989 0.01663208 -0.0033416748
-0.084243774 0.004425049 -0.018005371
0.0025024414 0.00015258789 -0.013122559
0.026306152 0.007461548 -0.0033416748
-0.041488647 0.022125244 -0.0076141357
-0.10317993 0.03251648 -0.0076141357
-0.087905884 0.038009644 -0.014343262
-0.057373047 0.033737183 -0.032669067
-0.064697266 0.017852783 -0.032669067
-0.07814026 0.004425049 -0.03816223
-0.08729553 0.008087158 -0.030227661
-0.104400635 0.019073486 -0.016174316
-0.10684204 0.031906128 -0.0051727295
-0.064697266 0.041671753 0.0070343018
-0.004211426 0.037399292 -0.0033416748
0.04096985 0.0062408447 -0.016174316
0.008605957 0.004425049 -0.023498535
-0.06958008 0.03312683 -0.013122559
0.04525757 0.0050201416 -0.0027313232
0.13017273 -0.013900757 -0.019836426
0.111831665 -0.01939392 -0.01739502
-0.029876709 0.0050201416 -0.00944519
-0.15083313 0.03617859 0.008270264
-0.13372803 0.047180176 0.012542725
-0.027435303 0.022750854 0.0045928955
0.02508545 -0.012680054 0.011932373
-0.037826538 -0.015731812 0.016204834
-0.10317993 0.0025787354 0.0058135986
-0.041488647 0.01663208 0.0058135986
0.0415802 0.004425049 0.018035889
0.012878418 -0.015731812 0.007659912
-0.048812866 -0.01512146 -0.010665894
-0.06774902 -0.007171631 -0.02960205
-0.055526733 -0.00047302246 -0.027160645
-0.023773193 0.011138916 -0.004562378
-0.009109497 0.011138916 0.006439209
-0.017654419 0.0013580322 -0.0027313232
-0.0060577393 -0.0022888184 -0.012512207
-0.006668091 -0.012069702 -0.014343262
-0.036590576 -0.016342163 -0.008224487
-0.048812866 0.0050201416 -0.004562378
-0.051254272 0.008682251 0.005218506
-0.041488647 -0.00047302246 0.012542725
0.0030975342 -0.006576538 -0.0033416748
-0.031707764 -0.012680054 -0.010055542
-0.09585571 0.007461548 -0.000289917
-0.10501099 -0.0047302246 0.015594482
0.02571106 -0.02368164 0.010101318
0.030593872 -0.041381836 -0.0021209717
0.0049438477 -0.045669556 0.016815186
-0.013381958 -0.032836914 0.027816772
-0.03353882 -0.009628296 0.02720642
-0.06896973 0.0019836426 0.018035889
-0.0579834 0.008682251 0.015594482
-0.026824951 -0.020019531 0.0027618408
-0.020721436 -0.02368164 -0.008834839
-0.03414917 0.005645752 -0.0033416748
-0.04270935 0.02519226 -0.0051727295
-0.04576111 0.020904541 -0.023498535
-0.03842163 0.016021729 -0.03816223
-0.028045654 0.012359619 -0.031448364
-0.004837036 0.028244019 -0.011276245
0.006164551 0.02885437 -0.011276245
0.0018920898 0.010528564 -0.02960205
-0.020721436 -0.0010681152 -0.032058716
-0.036590576 -0.00047302246 -0.019226074
-0.01399231 0.007461548 -0.010665894
0.03303528 0.033737183 -0.023498535
0.083740234 0.054504395 -0.044265747
0.13017273 0.08505249 -0.055877686
0.16864014 0.070999146 -0.06625366
0.20774841 0.17607117 -0.071136475
0.17781067 0.27687073 -0.052215576
0.68544006 -0.3236084 0.055282593
0.34396362 -0.3529358 0.06567383
-0.07446289 0.16018677 -0.016784668
-0.19114685 0.33000183 0.059570312
0.21018982 0.07527161 0.20373535
0.67445374 -0.50564575 0.18113708
0.66223145 -0.6614227 0.0705719
0.36412048 -0.33461 -0.035110474
0.22239685 0.057556152 -0.083358765
0.18452454 0.10215759 -0.04977417
0.23522949 0.05206299 0.06384277
0.39649963 0.07527161 0.20251465
0.5907593 0.13331604 0.26542664
0.7782898 0.17546082 0.24282837
0.85098267 0.11680603 0.24099731
0.7520294 -0.18005371 0.36561584
0.66955566 -0.2753601 0.49328613
0.6145935 -0.010848999 0.5122223
0.5602112 0.17729187 0.49879456
0.59259033 0.19989014 0.4621277
0.7349243 0.067337036 0.5439911
0.9016876 -0.065216064 0.66127014
0.9847717 0.05328369 0.6936493
0.8955841 0.29885864 0.69425964
0.68421936 0.42774963 0.6533356
0.6677246 0.33428955 0.58247375
0.8723755 0.12965393 0.5586548
1.0147095 0.11621094 0.61546326
0.8430481 0.17790222 0.6973114
0.5486145 0.25364685 0.73703
0.3855133 0.39842224 0.7315216
0.4142151 0.37826538 0.70098877
0.59259033 0.20478821 0.62524414
0.6921692 0.016021729 0.51893616
0.66711426 -0.061553955 0.46151733
0.5852661 0.08444214 0.43159485
0.45881653 0.32572937 0.42974854
0.32746887 0.35505676 0.44136047
0.2828827 0.15835571 0.46824646
0.34213257 0.00015258789 0.42608643
0.4655304 0.054504395 0.28681946
0.45941162 0.15957642 0.16036987
0.29631042 0.16386414 0.18173218
0.21324158 0.07344055 0.29109192
0.27861023 0.04107666 0.29170227
0.29753113 0.009918213 0.18295288
0.2572174 -0.077423096 0.12004089
0.3024292 -0.14828491 0.11027527
0.37390137 -0.15989685 0.10966492
0.35923767 -0.093933105 0.09561157
0.37390137 0.047180176 0.06506348
0.2706604 -0.014511108 0.06628418
0.139328 -0.11836243 0.021087646
0.13565063 -0.16661072 0.005218506
0.14543152 -0.07131958 0.016204834
0.063583374 0.06916809 0.053466797
0.056854248 0.1375885 0.104766846
0.12161255 0.055725098 0.083999634
0.16436768 -0.08415222 0.049179077
0.2046814 -0.22221375 0.01864624
0.22546387 -0.19288635 0.009490967
0.12710571 0.07711792 0.14692688
-0.13494873 -0.069488525 0.16830444
0.03730774 0.14857483 0.01071167
