-2.876175 4.3094788 8.922836
-2.572281 4.3501587 8.626129
-2.1678925 4.359726 9.202789
-2.3162537 4.1036835 9.018555
-2.4311066 4.268799 8.930008
-2.3114624 4.2424774 8.578262
-2.3162537 4.0295105 8.511276
-2.0817566 3.866806 8.882156
-1.7180481 3.775879 9.590439
-1.5673065 3.7375946 10.346573
-1.7419739 3.522232 9.997208
-1.7108612 3.6897278 9.114258
-1.4979095 3.596405 8.5950165
-1.5314026 3.603592 8.281555
-1.249054 3.1657104 9.707687
-1.2275238 2.675171 11.46402
-1.8783722 2.7876434 10.566711
-1.7706909 2.9240265 8.7960205
-1.249054 3.1345978 8.819946
-0.8446655 3.2087708 9.363113
-0.825531 2.8043823 9.74118
-1.1126556 2.4335022 10.052246
-1.3256226 2.285141 10.389633
-1.4333038 2.165512 10.4279175
-1.1676941 2.4813538 10.162323
-0.9786682 2.8163452 9.913467
-1.2993011 3.012558 9.442078
-1.3328094 2.9001007 9.166901
-0.66041565 2.5387878 9.564117
-0.53359985 1.9214325 10.368103
-0.6029968 1.5960083 10.370499
-0.98106384 1.6342926 10.179062
-1.4955139 1.9836426 10.451843
-1.763504 2.1152496 10.832306
-1.2322998 1.4691925 11.07399
-0.83987427 1.0743713 10.995026
-1.0671997 1.1006927 10.004395
-0.68673706 1.249054 9.111862
-0.4402771 1.5673065 9.140579
-0.45224 1.9286194 9.659821
-0.45224 1.8759766 9.956543
-0.25842285 1.552948 9.750748
-0.107681274 1.4644012 9.544968
-0.21534729 1.7874451 9.920639
-0.4737854 2.2301178 10.35614
-0.43788147 2.428711 10.547562
-0.107681274 2.3641052 10.011566
0.04067993 2.3521423 9.365509
-0.24406433 2.457428 9.458832
-0.41635132 2.2875366 9.454041
-0.55513 2.3066864 9.343979
-0.6771698 2.5507507 9.303299
-0.6915283 2.555542 8.975479
-0.9308014 2.7541351 9.092728
-0.6915283 3.1920319 9.279373
-0.8661957 3.1944122 9.379868
-1.4428711 2.8881378 8.492126
-1.450058 2.8809662 8.145172
-1.0217285 3.2518463 7.767105
-1.2753754 3.328415 8.257629
-1.6007996 2.995819 9.339188
-1.8568268 2.5172424 9.418152
-1.7419739 2.4717865 8.724228
-1.409378 3.000595 8.291138
-0.65802 3.2446747 8.386841
-0.40678406 3.2111664 8.760132
-0.6771698 3.2374878 9.418152
-0.6197357 3.0149536 10.509277
-0.33738708 2.3688965 9.997208
0.035888672 2.428711 9.018555
0.13160706 3.0939178 9.178864
0.06939697 3.225525 10.49971
0.06939697 2.9192505 11.243881
0.24885559 2.445465 9.968506
0.093322754 2.4215393 9.006592
-0.023925781 2.3784637 9.891922
0.30389404 2.445465 11.377869
0.68196106 2.5579224 11.310867
0.83509827 2.4095764 10.45903
0.5814514 2.3688965 9.762711
0.4091797 2.5387878 9.879959
0.63648987 2.526825 10.590637
0.68673706 2.388031 11.124237
0.42591858 2.2253265 10.966309
0.4857483 2.2947235 9.786652
0.4283142 2.4047852 9.805786
0.15074158 2.3018951 10.281952
0.122039795 2.067398 10.52124
0.1483612 1.935791 9.982849
0.32302856 2.1248322 9.690933
0.6197357 2.2875366 9.506683
0.5264282 2.399994 9.659821
0.25602722 2.2348938 10.104889
-0.071777344 1.9477539 10.301102
-0.15792847 1.907074 10.162323
0.18424988 2.0626068 9.738785
0.3756714 2.2133636 9.683746
0.21296692 2.1439667 10.126419
-0.06460571 1.8879395 10.308273
-0.24406433 1.7682953 10.155136
-0.112457275 1.8209381 10.085754
-0.07896423 1.8424683 10.198212
0.0143585205 1.758728 10.442276
0.055038452 1.6749725 10.585846
0.023925781 1.6342926 10.432709
0.055038452 1.6438751 10.2508545
-0.007171631 1.6701965 10.1479645
0.03111267 1.6678009 9.9062805
-0.023925781 1.6510468 9.834503
-0.047851562 1.5840454 9.9062805
0.0382843 1.5433655 9.848862
0.17706299 1.689331 9.867996
0.23928833 1.6510468 10.722244
0.071777344 1.524231 10.832306
-0.06700134 1.4045868 10.303497
-0.27038574 1.3399811 10.169495
-0.29670715 1.2227325 10.31546
-0.279953 1.0791626 10.255646
-0.31825256 1.0456696 10.066605
-0.18902588 1.0791626 9.726822
-0.01675415 1.1485596 9.765106
0.0023956299 1.1318054 10.023529
0.17706299 1.1413727 10.02832
0.22253418 1.2442627 10.138397
0.17706299 1.1605225 10.224533
-0.06939697 1.0648041 10.604996
-0.047851562 0.93559265 10.82753
-0.095718384 0.8159485 10.655243
-0.24885559 0.95951843 10.305893
-0.114852905 1.0671997 10.167099
-0.08375549 1.0049896 9.891922
-0.2368927 1.031311 9.78186
-0.21057129 1.0145569 10.112076
-0.22492981 0.9403839 10.310669
-0.17228699 1.0887299 10.432709
-0.06939697 1.1365967 10.286743
-0.29431152 1.0935211 10.102493
-0.3062744 1.0384827 9.827316
-0.27757263 0.9379883 9.643082
-0.071777344 0.9403839 9.908676
-0.1483612 1.7491608 10.626526
0.011962891 1.306488 10.425522
0.124420166 1.4237366 10.497314
0.16989136 1.105484 10.241287
-0.29910278 1.0839539 10.083359
-0.46899414 1.2370911 10.566711
-0.007171631 0.9499512 11.212769
-0.14356995 0.9667053 11.004593
-0.16749573 1.105484 10.059433
0.16270447 1.3974152 9.9039
0.4355011 1.5003052 10.645676
0.5168457 1.4476624 11.2534485
0.34695435 1.3686981 11.174484
0.13877869 1.3926239 10.497314
0.04547119 1.5026855 9.958923
-0.114852905 1.5936127 9.96611
-0.1651001 1.6390839 10.341782
-0.18424988 1.7132568 10.25325
-0.105285645 1.7946167 10.052246
0.0047912598 1.8640137 9.932602
-0.102890015 1.9884338 9.908676
-0.100494385 1.9405823 10.145569
-0.1651001 1.931015 10.054642
-0.15553284 1.9573364 9.951752
-0.21296692 1.9453583 10.114456
-0.3134613 1.9118652 10.138397
-0.17706299 1.9142609 10.1814575
0.06460571 1.9453583 10.107285
0.07896423 1.9788666 10.052246
0.0765686 1.9166565 10.322632
-0.028717041 1.8161469 10.258026
-0.0382843 1.8472595 10.155136
-0.15553284 1.8592224 10.157532
-0.088531494 2.0817566 10.241287
0.088531494 2.2133636 10.145569
0.105285645 2.182251 9.918243
0.17706299 2.428711 9.57608
0.13400269 2.4885406 10.071396
-0.39720154 2.2348938 10.327423
-0.70588684 2.1750793 10.375275
-0.19621277 2.4023895 10.4375
0.24645996 2.4717865 10.205383
0.25842285 2.4143524 9.858429
0.098098755 2.3641052 9.911072
-0.27757263 2.268402 10.001999
-0.34695435 2.1559296 9.858429
-0.04307556 2.395218 9.590439
0.2632141 2.670395 9.458832
0.25842285 2.7086792 9.298508
0.090927124 2.7158508 8.997009
-0.13160706 2.8450623 9.336792
0.100494385 3.098709 9.88475
0.5766754 3.2159576 10.188644
0.8374939 3.1776733 10.140778
0.8111725 3.2518463 10.143173
1.0911255 3.1968079 10.085754
1.1485596 3.1058807 9.762711
0.9308014 3.1298065 9.690933
0.5694885 3.053238 9.635895
0.28234863 2.9431763 9.379868
0.69392395 3.115448 9.272186
1.0959167 3.349945 9.655045
1.0480499 3.345169 10.124039
0.82073975 3.1489563 9.84407
0.5694885 2.9862366 9.628723
0.48095703 3.007782 9.623932
0.58384705 3.1704865 9.446869
0.75852966 3.3068848 9.308075
0.7992096 3.3260193 9.092728
0.51924133 3.0939178 8.606979
0.2536316 3.0269165 8.585449
0.0143585205 3.1537476 8.997009
-0.100494385 3.259018 9.463608
0.100494385 3.4743805 9.578476
0.25125122 3.596405 9.829712
0.15074158 3.4743805 9.939789
0.0047912598 3.3044891 9.466003
-0.021530151 3.5605164 9.190826
0.062210083 3.7160492 9.214767
-0.04307556 3.603592 9.296112
-0.275177 3.5557404 9.214767
-0.5048828 3.4241333 9.238693
-0.84706116 3.151352 9.769897
-1.1102753 2.9216309 10.119247
-0.98583984 2.909668 10.722244
-0.5886383 3.144165 11.789444
0.31585693 3.0388794 11.959335
0.275177 2.7541351 10.590637
-1.1629181 2.7397766 9.032898
-2.371292 3.1657104 8.664413
-2.6895294 3.2805634 9.71965
-2.2420807 2.9072723 10.66481
-1.3663025 2.703888 10.281952
-0.5407715 2.297104 8.757736
-0.91166687 2.3473663 7.585251
-1.6295166 2.4478607 7.3411865
-1.7658997 2.4957123 8.745773
-1.7730865 2.6560364 8.922836
-1.6151581 3.0149536 7.704895
-1.8376923 3.2949219 7.0827484
-3.213562 3.316452 8.286346
-3.0915222 3.385849 9.422943
-2.9359894 2.8809662 9.286545
-2.548355 3.1274261 8.451447
-1.6941223 3.4552307 8.267197
-1.4715881 3.620346 9.023331
-1.3710938 3.3523407 9.458832
-1.701294 3.2231293 9.073578
-2.108078 3.0269165 8.216949
-2.4478607 3.1369934 8.135605
-2.5100708 3.357132 8.642868
-2.5914307 3.448059 9.181259
-2.4478607 3.4863434 9.104691
-2.148758 3.8117676 8.8367
-1.9525452 3.9912262 8.764908
-1.9333954 3.900299 9.147766
-1.9549408 3.826126 9.9015045
-1.7515411 3.797409 10.569092
-1.4931183 3.6394806 10.329819
-1.2012024 3.5413818 10.037888
-0.8063812 3.426529 10.425522
-0.65802 3.4097748 10.74617
-0.34934998 3.3140564 9.942184
-0.26560974 3.7950134 9.303299
0.27757263 3.661026 9.085556
0.69869995 2.897705 10.059433
0.47616577 2.141571 11.789444
-0.43310547 1.9214325 12.804001
-0.8757782 1.931015 11.964111
0.447464 2.778061 8.721832
1.2658081 2.8546448 8.5208435
1.6462555 2.600998 9.659821
1.3016968 2.2994995 10.636093
0.4665985 2.108078 10.545166
-0.06700134 2.2324982 9.468399
-0.107681274 2.658432 8.774475
-0.17706299 2.9886322 8.482559
-0.19621277 3.0891266 8.334198
-0.38046265 3.2087708 8.439484
-0.3517456 3.2111664 8.705093
-0.38285828 3.2614136 9.056839
-0.3397827 3.254242 9.2482605
-0.47616577 3.254242 9.140579
-0.8805542 3.2973022 8.956329
-1.454834 3.4217377 9.0759735
-1.6414795 3.4719849 9.745972
-1.483551 3.5700989 10.595413
-1.0887299 3.8883362 10.968704
-1.0815582 4.565506 10.10968
-0.74894714 4.0295105 9.08316
-0.9140625 3.8332977 9.5282135
-0.4857483 2.9718933 11.653046
-0.13400269 2.6249237 14.316254
-0.114852905 2.3377838 13.976471
-1.2059784 2.4047852 10.4566345
-2.100891 2.4957123 7.487137
-2.4263153 2.7134552 7.1976166
-2.1607208 2.5005035 8.961121
-2.0243225 2.3521423 9.712463
-1.6199341 2.411972 8.867798
-1.0504456 2.6368866 8.331802
-0.5623169 2.6990967 9.198013
-0.928421 2.7876434 10.207779
-1.380661 2.7469635 10.073776
-1.7156525 2.8187408 8.745773
-1.8185425 2.9862366 7.412964
-1.6678009 3.122635 7.125824
-1.5074768 3.1322021 7.812561
-1.4739838 3.115448 8.396408
-1.7132568 3.0604248 8.508881
-1.9573364 3.122635 8.602203
-2.0075836 3.282959 8.815155
-1.7970123 3.4552307 9.255432
-1.3040924 3.517456 10.057037
-0.89730835 3.5030975 10.949554
-0.55992126 3.4241333 11.581268
-0.9140625 3.8022003 11.387436
-0.96191406 3.8332977 10.492523
-0.73220825 3.9314117 10.217346
0.0143585205 3.6131592 11.026123
0.49771118 2.514862 12.555145
0.095718384 1.9549408 13.481171
-0.122039795 1.7180481 11.942581
-0.01914978 1.763504 9.657425
-0.090927124 2.182251 8.226532
0.37327576 2.7086792 8.0686035
1.1652985 2.8378906 9.272186
1.3782654 2.7230377 10.159927
0.8614197 2.5052795 9.985245
-0.14596558 2.589035 9.272186
-0.5790558 2.778061 8.602203
-0.71784973 3.0029907 8.3485565
-0.5814514 3.213562 8.4179535
-0.39242554 3.2398834 8.374878
-0.37806702 3.4217377 8.379669
-0.3397827 3.4863434 8.748154
-0.27038574 3.4863434 9.363113
-0.3517456 3.5844421 9.466003
-0.6771698 3.6849518 8.958725
-1.0265198 3.8285217 8.4179535
-1.1652985 3.9385834 8.432312
-1.174881 4.019943 9.250656
-1.0408783 4.051056 10.365707
-0.95951843 4.0343018 10.906479
-1.5146637 4.6253204 10.222137
-1.1844482 4.106079 9.549759
-1.4285126 4.065399 10.013962
-1.3375854 3.460022 11.516663
-0.7034912 2.4669952 13.256241
-0.7992096 2.376068 13.383057
-1.2131653 2.3593292 10.648056
-1.6654053 2.5842438 8.006378
-1.9812622 2.8618164 7.5062866
-1.9405823 2.897705 8.705093
-1.7060852 2.7493591 9.224335
-1.031311 2.6727905 8.662018
-0.1268158 2.6895294 8.877365
0.1531372 2.6321106 9.920639
-0.3062744 2.691925 10.174286
-1.0863342 2.7397766 8.889343
-1.409378 2.9120636 7.441681
-1.208374 3.247055 7.554138
-1.1772614 3.151352 8.635696
-1.1485596 3.2614136 9.269791
-0.8901367 3.3236237 9.281754
-0.933197 3.5677032 8.846268
-1.0743713 3.723236 8.827118
-1.3304138 3.7016907 9.4205475
-1.3184509 3.5988007 10.092926
-0.8638153 3.4815521 10.676773
-0.39242554 3.3260193 11.011765
-0.62213135 3.5724792 10.741379
-0.5623169 3.5868378 10.073776
-0.093322754 3.5198364 10.289139
0.3014984 3.5078735 11.01416
0.35653687 2.926422 11.315659
0.086135864 2.3377838 11.3563385
-0.46899414 2.3641052 11.093124
-0.8614197 2.5866394 10.246063
-0.65802 2.7062836 9.276978
-0.17228699 2.9575348 8.403595
0.71066284 3.0388794 7.927429
1.3016968 3.103485 8.539978
1.1557312 2.9981995 9.664612
0.38046265 2.926422 10.097717
-0.2679901 2.9240265 9.260223
-0.44984436 3.1752777 8.070984
-0.42591858 3.4791565 7.405792
-0.3134613 3.6490479 7.5469666
0.07896423 3.7591248 8.039886
0.48095703 3.9098663 8.604584
0.41635132 3.866806 9.087936
-0.04067993 3.672989 9.312866
-0.40678406 3.5413818 9.415756
-0.61735535 3.5533447 9.375076
-0.59580994 3.6873474 9.08316
-0.49291992 3.8285217 8.853439
-0.42114258 3.9553375 9.159729
-0.6771698 3.8548431 9.635895
-0.7992096 3.5270233 10.291534
-1.138977 3.8596191 10.693527
-0.5024872 3.562912 10.566711
-0.5814514 3.4121704 10.7677
-0.4785614 3.1178436 10.846664
-0.4785614 2.498108 11.286942
-0.45224 2.0003967 11.830109
-0.6125641 2.1726837 11.057236
-0.6388855 2.2420807 9.260223
-0.72024536 2.285141 7.7838593
-1.0097656 2.1990051 7.4680023
-1.3088684 1.799408 8.934799
-1.5840454 1.7228394 10.691132
-1.0695953 1.8831482 10.9328
-0.14356995 1.8592224 9.085556
-0.22253418 2.1176453 7.8867493
-0.65802 2.0650024 9.159729
-1.071991 2.2014008 11.416153
-0.7034912 2.1032867 11.289337
-0.6891327 2.2755737 9.506683
-1.1940155 2.4406738 7.9992065
-1.2418823 2.5627136 7.881958
-0.8805542 2.8426666 8.879761
-0.46420288 3.012558 9.664612
-0.57188416 2.9192505 9.552155
-0.94277954 2.868988 9.267395
-0.8446655 2.8570251 9.236298
-0.33259583 3.0053864 9.353546
0.13639832 2.9981995 9.537796
0.17945862 2.9551392 9.736389
-0.279953 2.7637177 10.052246
-0.63409424 2.5052795 10.372879
-0.5742798 2.548355 10.593033
-0.37806702 2.5938263 10.238892
-0.15792847 2.4311066 9.856033
0.18185425 2.388031 9.9039
0.28953552 2.1320038 10.308273
0.37327576 1.7730865 10.578674
0.08135986 1.4883423 10.674377
-0.5168457 1.4596252 11.064407
-1.0408783 1.6725769 11.801407
-0.8805542 1.8951111 11.665009
-0.34457397 2.1152496 10.29631
0.17706299 2.2181396 8.702698
0.8925171 2.3377838 8.386841
1.2251282 2.2540436 8.963516
1.174881 1.7658997 9.477966
0.4737854 1.5625153 9.992432
-0.088531494 1.689331 10.415955
-0.119644165 1.8975067 10.1479645
0.086135864 2.0267181 9.533005
0.32781982 1.9333954 9.193222
0.67477417 1.8664093 8.882156
0.8494568 1.964508 8.908478
0.99302673 1.763504 8.956329
0.4283142 1.4021912 8.257629
0.17468262 1.6917267 9.111862
0.17706299 1.6510468 9.5282135
0.22970581 1.4955139 9.446869
0.24645996 1.5146637 9.195618
-0.12921143 1.3328094 8.98027
-0.78245544 1.1246338 10.205383
-0.6125641 0.899704 11.454437
-0.105285645 0.6388855 10.604996
-0.035888672 0.9451599 9.439682
-0.49531555 1.1605225 9.324829
-0.6316986 1.2370911 10.691132
-0.5096741 1.2346954 12.361328
-0.2368927 1.2131653 12.050262
0.093322754 1.2801666 10.997406
0.32063293 1.1988068 10.413559
0.124420166 1.1437683 10.382462
-0.17468262 1.0528412 10.669601
-0.5312042 1.0456696 11.327621
-0.52163696 1.0121613 11.196014
-0.6460571 1.002594 10.29631
-0.61735535 1.0049896 9.982849
-0.3637085 0.99302673 10.02832
-0.34457397 0.9882355 10.49971
-0.52163696 0.9451599 10.66481
-0.40438843 0.9954071 10.535599
-0.15074158 1.134201 10.387238
0.0765686 1.2155609 10.4279175
0.124420166 1.2753754 10.432709
0.093322754 1.2634125 10.27478
0.23210144 1.2753754 10.289139
0.2632141 1.2658081 10.604996
0.028717041 1.0576324 10.741379
-0.07417297 0.8661957 10.667206
0.093322754 0.8685913 10.497314
0.17945862 0.96191406 10.360916
0.32063293 0.928421 10.593033
0.5790558 0.9523468 10.798813
0.36131287 0.9188385 10.5260315
0.29910278 0.8757782 10.272385
0.20100403 0.77049255 10.145569
0.20100403 0.5790558 10.408783
-0.011962891 0.33259583 10.5260315
-0.78245544 0.009567261 10.4231415
-0.6125641 0.3254242 10.415955
0.17468262 0.85902405 10.39682
0.6652069 1.2753754 9.932602
0.6795654 1.4069824 9.78186
0.3517456 1.2753754 9.834503
0.16989136 1.2107697 9.879959
0.21057129 1.1652985 10.064209
0.08375549 1.0695953 9.982849
0.07417297 0.99780273 10.021149
-0.009567261 0.899704 10.164719
-0.026321411 0.8685913 10.289139
-0.011962891 0.74894714 10.224533
-0.0047912598 0.7465668 10.164719
-0.011962891 0.70588684 10.126419
0.098098755 0.7298126 10.018753
0.14117432 0.7513428 10.100098
0.023925781 0.6628113 10.313065
-0.007171631 0.64845276 10.389633
-0.08375549 0.63409424 10.15036
-0.12921143 0.5862427 10.013962
-0.117248535 0.51924133 9.982849
-0.21534729 0.4665985 10.138397
-0.19621277 0.4283142 10.444672
-0.119644165 0.5407715 10.403992
-0.055038452 0.5766754 10.183853
-0.023925781 0.59103394 10.133606
0.105285645 0.6508484 10.186249
0.15792847 0.73698425 10.183853
0.062210083 0.70588684 10.231705
0.057434082 0.74894714 10.267609
0.1531372 0.8039856 10.179062
0.24406433 0.8829498 10.1479645
0.1986084 0.83987427 10.188644
0.093322754 0.79441833 10.1479645
0.18902588 0.77526855 10.054642
0.21774292 0.74417114 10.016357
0.16270447 0.72502136 10.200607
0.110076904 0.6891327 10.408783
-0.0382843 0.6388855 10.219742
-0.052642822 0.5862427 9.992432
0.009567261 0.5934143 10.057037
-0.050247192 0.53359985 10.126419
-0.086135864 0.5024872 10.155136
-0.011962891 0.49531555 10.260422
-0.114852905 0.49531555 10.260422
-0.17228699 0.5694885 10.100098
-0.095718384 0.59580994 9.92543
-0.0143585205 0.6652069 9.78186
0.088531494 0.6652069 10.186249
-0.028717041 0.6053772 10.449463
-0.088531494 0.58384705 10.346573
0.007171631 0.6269226 10.066605
0.1483612 0.67477417 9.9756775
0.119644165 0.64845276 10.104889
0.04307556 0.6197357 10.162323
0.050247192 0.64367676 10.198212
0.052642822 0.63648987 10.169495
0.028717041 0.5886383 10.224533
-0.052642822 0.5670929 10.29631
-0.07896423 0.550354 10.195816
-0.04547119 0.550354 10.19104
-0.059814453 0.5383911 10.203003
-0.059814453 0.5742798 10.136002
-0.03111267 0.61735535 10.030716
0.105285645 0.63409424 10.064209
0.117248535 0.65802 10.15036
0.093322754 0.6508484 10.207779
0.04307556 0.65802 10.267609
0.112457275 0.64845276 10.332214
0.08375549 0.64845276 10.140778
0.01675415 0.65802 9.920639
0.01914978 0.6652069 10.011566
0.033493042 0.6652069 10.183853
0.01675415 0.6029968 10.2341
-0.04067993 0.58384705 10.069
-0.050247192 0.5670929 9.956543
-0.055038452 0.5934143 10.011566
0.01675415 0.62931824 10.080963
0.0382843 0.70588684 10.066605
0.100494385 0.68673706 10.258026
0.050247192 0.71066284 10.401596
-0.31825256 0.59580994 9.999603
-0.50727844 0.44267273 9.784256
0.19381714 0.7896271 10.291534
0.51924133 0.6963043 10.403992
0.23449707 0.7130585 10.238892
-0.04307556 0.4905243 10.552353
-0.18902588 0.550354 10.246063
-0.055038452 0.5312042 9.951752
0.19621277 0.49531555 10.516449
0.028717041 0.35653687 10.614563
-0.43788147 0.32781982 10.339386
-0.5814514 0.31825256 10.325027
-0.35414124 0.32063293 10.566711
-0.24885559 0.33259583 10.947159
-0.3134613 0.33499146 10.968704
-0.51924133 0.32063293 10.722244
-0.5790558 0.37806702 10.753342
-0.67477417 0.36610413 10.939987
-0.77049255 0.2679901 10.966309
-0.8159485 0.17945862 10.872986
-0.9690857 0.18424988 11.468796
-1.138977 -0.0382843 11.964111
-1.409378 -0.17228699 11.21994
-1.1318054 -0.052642822 10.588242
-0.65802 0.2033844 10.43988
-0.30867004 0.38285828 10.085754
-0.18185425 0.6460571 10.001999
-0.01914978 0.7346039 10.298706
-0.119644165 0.7465668 10.195816
-0.19621277 0.77526855 9.911072
-0.0143585205 0.8111725 10.1766815
-0.15074158 0.93559265 10.164719
-0.1483612 1.0073853 10.392029
-0.047851562 0.9690857 10.516449
-0.29193115 0.91645813 10.085754
-0.7848511 0.727417 10.021149
-0.96191406 0.5168457 10.411179
-0.58384705 0.62931824 10.600204
0.021530151 0.8614197 10.614563
0.7130585 1.0217285 10.648056
0.6891327 0.9714813 10.382462
-0.3014984 0.91166687 9.834503
-1.0528412 0.8877411 10.018753
-1.0791626 0.7680969 10.2341
-0.39959717 0.9714813 10.715057
0.047851562 1.1270142 11.150558
0.090927124 1.1078796 11.016556
-0.122039795 1.174881 10.370499
-0.7657013 1.0408783 9.702896
-1.5194397 0.8566284 9.413361
-1.0815582 0.8685913 9.848862
-0.23449707 0.8661957 10.136002
0.007171631 0.96191406 9.899109
-0.21057129 1.0528412 9.446869
-0.5359955 0.9954071 9.28894
-1.1006927 0.7776642 9.332016
-1.483551 0.6125641 9.418152
-0.83270264 0.7082825 10.3992
-0.01914978 0.79441833 11.188843
-0.110076904 0.6795654 10.54039
-0.59580994 1.1102753 8.626129
-0.32781982 1.311264 8.882156
-0.026321411 1.3280182 9.281754
-0.033493042 1.4883423 9.221939
0.021530151 1.6845398 9.236298
-0.023925781 1.6701965 9.5282135
-0.63648987 1.7802582 10.236496
-1.0839539 1.5912323 10.999802
-0.8039856 1.4596252 11.231903
-0.5479584 1.7730865 10.229324
-0.5383911 2.2660065 9.384644
0.5264282 2.2492523 10.277176
1.3591309 2.038681 11.559723
0.76330566 2.2372894 11.538193
0.17228699 2.182251 9.911072
-0.4665985 1.7539368 7.511078
-0.43788147 3.349945 6.747757
-0.009567261 3.098709 9.300903
-0.18424988 2.5052795 10.631317
-0.100494385 2.4358978 10.1527405
0.086135864 2.3521423 9.609573
0.40678406 2.3401794 9.205185
0.7776642 2.3688965 9.090332
0.91166687 2.5866394 8.891724
0.6652069 2.5627136 8.848663
0.7082825 2.5794678 9.482758
1.1030884 2.897705 9.018555
1.5122681 3.2350922 8.023132
2.1463623 3.5413818 8.506485
2.1750793 3.7567291 9.769897
1.6295166 3.637085 11.0811615
1.3471527 3.4863434 11.097916
1.2801666 3.6299133 10.447067
1.5649109 3.8117676 9.724426
1.557724 3.9720917 9.140579
1.3040924 3.9242249 9.190826
1.0791626 3.8452606 9.779465
1.0480499 3.768692 10.351349
0.98583984 3.7304077 10.136002
0.8422699 3.900299 9.506683
0.6149597 4.003189 9.013763
0.25602722 4.0701904 9.035294
-0.18902588 4.0175476 9.609573
-0.4737854 4.3094788 10.382462
-0.14117432 4.2424774 10.9328
0.01914978 4.2759705 10.246063
0.30389404 3.9361877 10.157532
0.6628113 3.151352 12.191437
-0.0143585205 2.7828522 13.708481
-0.62931824 2.548355 11.653046
-0.62931824 2.9335938 8.286346
-0.41874695 3.5892334 6.2931213
-0.15553284 3.3332062 6.3266296
-0.8925171 2.8785706 8.226532
-1.8592224 2.2181396 10.066605
-2.4813538 1.9740753 10.4231415
-2.5220337 2.0650024 9.6263275
-2.045868 2.1032867 8.819946
-1.8281097 2.050644 8.5902405
-2.165512 2.165512 8.17627
-2.4957123 2.4813538 7.5302124
-2.4143524 2.8881378 7.1449738
-1.7898254 3.1537476 7.3124695
-1.1940155 3.3308105 7.972885
-0.71784973 3.4097748 8.731415
-0.8279114 3.3427734 9.092728
-1.5625153 3.1609192 9.291336
-1.6917267 3.0149536 9.980469
-1.0695953 3.2350922 10.246063
-0.5144501 3.287735 10.49971
0.023925781 2.9934235 11.432907
0.100494385 2.9527435 11.767899
-0.03111267 2.9694977 10.64328
0.095718384 3.0149536 10.045074
0.65563965 3.156128 10.576279
0.87338257 2.2827454 12.425934
-0.011962891 1.1964111 15.182465
-1.4452667 0.5407715 15.775879
-2.165512 0.8638153 12.851852
-1.3567352 1.5936127 9.200409
0.6077728 2.4933167 7.405792
2.1320038 3.1896362 7.0037994
2.5220337 3.053238 7.9082794
1.426117 2.4646149 9.157333
-0.033493042 2.2827454 9.59761
-0.6795654 2.490921 8.908478
-0.6077728 2.7541351 8.262421
-0.0765686 2.8330994 8.200211
0.15074158 2.8953094 8.461029
-0.21534729 2.9694977 9.219543
-0.5479584 2.9359894 9.588043
-0.59103394 3.1633148 9.516251
-0.9451599 3.5988007 8.420349
-1.179657 3.8548431 8.3437805
-1.5098724 4.0486603 8.537598
-1.8783722 4.043869 9.016159
-2.4311066 3.907486 9.303299
-2.8378906 3.8524475 10.482956
-3.0436707 4.2807617 10.736603
-2.2899323 4.0486603 9.913467
-1.6821594 4.1802673 9.930222
-1.4644012 3.1680908 12.220139
-1.6678009 2.3162537 15.828522
-2.5124664 1.763504 14.416763
-3.0580292 2.4933167 9.04248
-2.4382935 3.0652008 5.962921
-1.976471 3.3332062 6.948761
-2.0027924 2.634491 9.363113
-2.292328 2.1463623 9.930222
-1.8424683 2.1104736 9.006592
-1.0001984 2.4430695 8.362915
-0.55513 2.629715 8.269592
-1.0289154 2.6895294 8.075775
-1.409378 2.7708893 7.618744
-1.3208313 3.0293121 6.936798
-0.7680969 3.349945 6.7788696
-0.5934143 3.4241333 7.4321136
-0.7920227 3.259018 8.413162
-0.90927124 3.103485 9.461227
-1.0241241 3.0652008 10.04985
-0.9451599 3.122635 9.985245
-1.0432739 3.316452 9.39183
-1.249054 3.397812 9.375076
-1.454834 3.1896362 10.387238
-1.5744781 2.9168549 11.542984
-2.0578308 3.0101776 10.844269
-1.9597168 3.110672 8.542374
-1.2418823 3.254242 7.0420837
-0.40438843 3.041275 7.582855
-0.090927124 1.7874451 9.999603
-1.2466583 0.99780273 14.165512
-2.9120636 0.33259583 15.895523
-2.8043823 0.65802 12.8111725
-0.8518524 1.7898254 9.499512
1.0049896 2.622528 8.626129
1.3399811 2.823532 9.856033
0.49531555 2.5076752 10.916061
-0.08375549 2.4741821 10.083359
-0.14356995 2.8953094 8.405991
-0.052642822 3.1752777 7.4560394
-0.38763428 3.3954163 7.0875397
-0.8901367 3.3810577 7.7312164
-1.1126556 3.1944122 8.767303
-1.1126556 3.2231293 9.930222
-0.9308014 3.1345978 10.78685
-1.105484 3.1322021 10.648056
-1.5673065 3.2566376 10.037888
-2.0075836 3.3379822 9.743576
-2.297104 3.419342 9.9039
-2.3976135 3.3547363 10.092926
-2.354538 3.041275 10.770096
-2.2994995 3.2446747 10.84906
-2.079361 3.1824493 9.444473
-1.9692993 3.3260193 8.685944
-2.1678925 2.9216309 10.700699
-2.1918182 1.832901 14.813965
-2.2755737 1.2299042 16.529617
-2.823532 1.586441 12.095718
-2.490921 1.8975067 7.733597
-1.8400879 2.3066864 6.652054
-1.7874451 2.0721893 8.276779
-2.268402 1.6582336 9.734009
-2.445465 1.4931183 10.454239
-1.935791 1.7108612 10.317856
-1.1940155 2.1463623 9.377472
-1.1078796 2.4143524 8.513657
-1.4715881 2.6249237 7.7072754
-1.6031952 2.823532 7.1210327
-1.4069824 2.9981995 7.2646027
-1.2155609 3.041275 7.556534
-1.3184509 2.9694977 8.226532
-1.5218353 2.8402863 9.064011
-1.4452667 2.6847534 9.714859
-1.4021912 2.555542 10.370499
-1.9238281 2.5339966 10.19342
-2.0602264 2.6416779 9.812973
-1.7443695 2.6775665 10.43988
-1.2370911 2.555542 11.71048
-0.38523865 2.3593292 13.229919
-0.61016846 3.0341034 12.150757
-0.7896271 3.6586304 9.466003
-0.15553284 4.2831573 8.310272
0.90927124 4.3549347 8.745773
1.3543396 3.3044891 10.394424
-0.14356995 2.4047852 12.83989
-2.1248322 1.9453583 11.229523
-0.624527 2.6799622 8.013565
1.5792694 3.2781677 6.4654083
3.172882 3.6083832 6.632904
2.8785706 3.287735 8.044662
1.0863342 2.8833466 9.848862
-0.6652069 2.600998 10.58345
-1.1533356 2.7804565 9.84407
-0.47616577 3.3332062 8.571091
-0.01675415 3.6299133 7.6953125
-0.24406433 3.7830505 7.726425
-0.74417114 3.8452606 8.322235
-0.8757782 3.907486 8.827118
-0.55274963 3.9505463 9.193222
-0.279953 4.1228333 8.874985
-0.25842285 4.278366 8.487335
-0.5001068 4.409973 8.5208435
-0.62213135 4.4889374 8.807983
-0.4139557 4.6420746 9.001801
-0.098098755 4.7353973 9.315262
-0.088531494 4.7736816 9.860825
-0.5670929 4.68515 9.932602
-1.2035828 4.9914246 9.3703
-0.8638153 4.508072 9.430115
-0.90448 5.029709 10.167099
-1.1940155 4.7234344 10.585846
-0.8063812 3.7471619 12.026321
-0.77049255 3.2111664 13.651047
-1.4165497 2.7589264 11.976074
-1.7419739 2.9742737 8.336594
-1.689331 3.3188477 6.1256256
-1.5266266 3.3666992 6.4534454
-1.426117 2.6656036 8.405991
-1.5003052 2.3784637 10.145569
-1.2035828 2.292328 11.155334
-0.6388855 2.560318 10.382462
-0.46899414 2.8283234 9.257828
-0.20817566 2.9407806 9.243469
0.035888672 3.1944122 9.516251
-0.21057129 3.2638092 8.977875
-0.59820557 3.3212433 7.549362
-0.62931824 3.5796661 6.8362885
-0.42591858 3.7088776 7.3962097
-0.4402771 3.6705933 8.451447
-0.72024536 3.620346 9.011368
-1.031311 3.694519 8.858231
-1.1078796 3.8237305 8.630905
-0.8877411 3.9314117 8.846268
-0.8159485 4.051056 9.020935
-0.66041565 4.1802673 9.147766
-0.5790558 4.409973 9.087936
-0.5312042 4.5726776 9.231506
-0.3254242 4.4697876 9.92543
-0.3397827 4.651642 10.535599
-0.7010956 4.9866486 9.49472
-0.54556274 4.9459686 8.1427765
0.25125122 4.833496 7.721634
0.83509827 4.163513 8.968292
0.100494385 3.4983063 11.679367
-0.9906311 3.0436707 13.414169
-1.1198425 2.8546448 12.215363
-0.447464 3.3308105 9.96611
0.7896271 3.4384918 8.568695
1.2251282 3.6107635 7.4249268
0.899704 3.6466675 6.8530426
0.4402771 3.4815521 7.5876465
0.51924133 3.275772 9.257828
0.6269226 3.103485 10.408783
0.14596558 2.8091736 10.741379
-0.32302856 2.7876434 10.710281
-0.77049255 2.7637177 11.07637
-1.179657 2.761322 11.820541
-0.94755554 2.8594208 11.387436
-0.26560974 3.012558 9.104691
0.27278137 3.139389 7.841278
0.114852905 3.0795593 8.384445
-0.5862427 2.868988 9.667007
-0.8685913 2.7876434 10.143173
-0.5814514 2.8713837 9.614365
-0.055038452 2.945572 9.190826
-0.0023956299 2.9431763 9.066406
-0.49291992 2.7350006 8.951553
-0.9451599 2.663208 9.439682
-0.99780273 2.5339966 10.080963
-0.9523468 2.3784637 9.525833
-0.9690857 2.4430695 8.910873
-0.7130585 2.3617096 9.382263
-0.7537384 2.5387878 10.9040985
-1.1413727 2.5005035 11.868393
-1.3040924 2.526825 10.796417
-0.5790558 2.6895294 8.774475
-0.17706299 3.007782 8.827118
-0.74417114 2.8163452 9.456436
-1.0049896 2.8953094 10.011566
-0.6077728 2.8953094 10.368103
-0.44506836 2.945572 10.37767
-0.61016846 3.0269165 10.281952
-0.7513428 2.9647064 10.2341
-0.653244 2.9479523 10.00679
-0.26560974 3.0245209 9.568893
-0.088531494 3.1992035 9.384644
-0.14356995 3.2662048 9.43251
-0.41156006 3.2733765 9.506683
-0.5312042 3.282959 9.568893
-0.44506836 3.3403778 9.466003
-0.36849976 3.402588 9.243469
-0.45224 3.426529 9.382263
-0.55992126 3.349945 9.786652
-0.49291992 3.225525 10.064209
-0.55513 3.1872406 10.066605
-0.6053772 3.1944122 9.961319
-0.6029968 3.1896362 9.712463
-0.5168457 3.2733765 9.415756
-0.46180725 3.3092804 9.676575
-0.55752563 3.2183533 10.037888
-0.6125641 3.2326965 10.023529
-0.5359955 3.3332062 9.791428
-0.35653687 3.4360962 9.688538
-0.3517456 3.4839478 9.671783
-0.40678406 3.4337006 9.777069
-0.32302856 3.4002075 9.911072
-0.33021545 3.3523407 9.662216
-0.36131287 3.345169 9.322433
-0.42114258 3.3044891 9.243469
-0.5120697 3.282959 9.449265
-0.65563965 3.213562 9.5282135
-0.727417 3.172882 9.291336
-0.63648987 3.2063751 9.217148
-0.6006012 3.2494507 9.399002
-0.61016846 3.2494507 9.497116
-0.71066284 3.2781677 9.590439
-0.7465668 3.282959 9.470795
-0.62213135 3.345169 9.322433
-0.5670929 3.397812 9.360718
-0.6771698 3.373886 9.49472
-0.6652069 3.4073792 9.5282135
-0.6891327 3.3954163 9.607178
-0.7082825 3.3308105 9.588043
-0.68434143 3.3714905 9.533005
-0.5670929 3.3619232 9.537796
-0.5096741 3.419342 9.454041
-0.51924133 3.426529 9.334396
-0.53359985 3.385849 9.413361
-0.5814514 3.3714905 9.456436
-0.6029968 3.3619232 9.382263
-0.550354 3.3834534 9.59761
-0.5001068 3.328415 9.7005005
-0.6149597 3.2853394 9.655045
-0.4737854 3.2518463 9.712463
-0.5288086 3.2901306 9.779465
-0.5814514 3.2638092 9.707687
-0.5670929 3.270996 9.635895
-0.5766754 3.254242 9.482758
-0.4905243 3.2901306 9.365509
-0.3517456 3.2279205 9.348755
-0.45463562 3.1896362 9.504288
-0.37327576 3.2183533 9.9062805
-0.6963043 3.1657104 9.978073
-0.8661957 3.1178436 9.712463
-1.2394867 3.1633148 9.9039
-0.7393799 3.4002075 9.468399
0.035888672 3.3140564 9.434906
0.16989136 3.3236237 9.96611
-0.22492981 3.3427734 10.387238
-1.6869354 2.9599152 9.9062805
-1.3734741 3.4121704 9.47319
-0.04307556 3.5605164 9.32962
0.28474426 3.5198364 9.2482605
-0.44506836 3.4360962 9.162125
-0.7513428 3.373886 9.444473
-0.55752563 3.3930206 9.595215
-0.4091797 3.402588 9.734009
-0.38285828 3.3547363 9.8033905
-0.57188416 3.3044891 9.561722
-0.59820557 3.349945 9.489929
-0.62213135 3.378662 9.552155
-0.62213135 3.4169464 9.339188
-0.54556274 3.4576263 9.219543
-0.55274963 3.419342 9.387039
-0.66760254 3.3954163 9.633499
-0.78723145 3.3403778 9.827316
-0.7848511 3.3188477 9.870392
-0.75613403 3.3690948 9.7986145
-0.7992096 3.3595276 9.777069
-0.9188385 3.373886 9.913467
-1.1652985 3.357132 9.92543
-1.1676941 3.4073792 9.623932
-1.1509552 3.426529 9.743576
-1.1964111 3.4695892 9.659821
-1.0097656 3.591629 9.506683
-0.7346039 3.677765 9.327225
-0.8614197 3.591629 9.221939
-1.0097656 3.6394806 9.367905
-0.8494568 3.6514435 9.341583
-0.4139557 3.728012 9.056839
-0.31585693 3.8428802 8.745773
-0.57188416 3.9194489 8.791229
-0.73698425 3.809372 9.300903
-0.96191406 3.6993103 9.585648
-1.0097656 3.739975 9.602402
-0.7896271 3.797409 9.516251
-0.7010956 3.7854462 9.676575
-0.8039856 3.7375946 9.891922
-1.2155609 3.8692017 9.547363
-1.6127625 3.900299 9.3703
-1.5768738 3.7495575 9.499512
-1.6797638 3.8404846 9.466003
-1.249054 3.7926178 9.635895
-1.3830566 3.6873474 8.992233
-2.2014008 3.7830505 8.365311
-2.1439667 4.022339 9.212372
-1.7443695 3.9553375 9.894318
-1.5816498 3.9338074 9.525833
-1.4380798 3.9960175 8.858231
-1.3375854 4.101303 8.724228
-1.2442627 4.113266 8.851059
-0.9714813 4.106079 8.953949
-0.78723145 4.204193 9.001801
-0.99302673 4.130005 9.353546
-1.0169525 4.0127563 9.57608
-1.6869354 3.5246277 9.372681
-1.7922211 3.809372 9.595215
-0.68434143 3.797409 9.415756
-0.011962891 4.0749817 9.279373
0.17468262 4.1683044 9.238693
-0.45942688 4.3286133 9.073578
-1.2801666 4.2113647 8.970688
-1.4739838 4.106079 8.817551
-1.0432739 4.1563263 9.080765
-0.27038574 4.266403 9.327225
-0.22013855 4.3501587 9.334396
-0.67237854 4.311859 9.408585
-1.2012024 4.067795 9.88475
-1.2753754 3.8644104 9.913467
-1.1222382 3.8428802 9.322433
-0.75613403 3.883545 8.824738
-0.39242554 4.003189 8.831909
-0.26081848 4.1036835 8.93959
-0.43788147 4.0414734 9.274582
-0.6197357 3.8979034 9.800995
-0.45224 3.998413 9.67897
-0.19381714 4.2640076 8.977875
0.2871399 4.268799 8.583054
0.7298126 3.8763733 8.906082
0.7800598 3.5389862 9.518646
0.29431152 3.385849 9.537796
-0.19381714 3.328415 8.982651
-0.22492981 3.3188477 8.523239
0.2536316 3.2662048 8.724228
0.8518524 3.275772 9.315262
1.2538452 3.431305 9.839294
1.1916199 3.7016907 9.939789
0.8829498 3.8189392 9.59761
0.8685913 3.7256317 9.499512
0.9499512 3.6442719 10.045074
0.8183441 3.6059875 10.265213
0.69869995 3.603592 9.815353
0.72502136 3.7423706 8.810379
0.7776642 3.8979034 8.164307
0.82073975 4.0247345 8.391632
0.76091003 4.067795 8.714661
0.5407715 4.1276245 8.654846
0.3397827 4.175476 8.554337
0.40438843 4.2113647 8.822342
0.64845276 4.1730804 9.126221
0.64845276 4.208969 9.336792
0.7298126 4.261612 9.518646
0.78245544 4.4362946 9.39183
0.8183441 4.5343933 9.162125
0.8494568 4.639679 9.025726
0.71066284 4.721039 8.953949
0.7154541 4.8095703 9.138184
0.76091003 4.9004974 9.281754
0.63409424 4.943573 9.267395
0.51924133 4.943573 9.114258
0.5742798 4.9579315 9.310471
0.6652069 4.936386 9.640686
0.2632141 5.166107 9.853638
-0.35653687 5.6566315 8.705093
-0.45703125 5.3886414 8.181061
-0.26081848 5.481964 8.877365
0.15074158 4.5750732 10.325027
0.18902588 3.7088776 11.715256
-0.2871399 3.151352 12.160324
-1.0097656 2.9527435 10.8012085
-1.5409851 3.3308105 8.913269
-1.5744781 3.7304077 7.6905365
-1.4955139 4.0295105 7.4249268
-1.3902283 3.9888306 7.8508453
-1.3926239 3.7710876 8.149948
-1.3543396 3.4337006 7.944168
-1.1533356 3.2039948 7.951355
-0.6053772 3.3523407 9.018555
-0.37088013 3.6275177 10.009171
-0.74894714 3.8428802 9.683746
-1.3160553 3.9553375 8.027924
-1.5074768 4.113266 7.1162567
-1.3495483 4.1898346 6.972687
-0.85902405 4.158722 7.554138
-0.46420288 4.0414734 8.377274
-0.2033844 4.0247345 9.087936
-0.25842285 4.130005 9.138184
-0.29431152 4.2998962 8.530411
-0.18424988 4.4937286 8.200211
-0.13639832 4.6707916 8.365311
-0.112457275 4.6660004 8.700302
-0.110076904 4.606186 9.238693
-0.090927124 4.6253204 9.78186
-0.26081848 4.89093 9.8033905
-0.33259583 5.087143 9.126221
0.0382843 4.5056915 10.02832
0.48812866 4.4697876 11.447266
0.9499512 3.4241333 12.686752
1.0600128 2.3330078 14.084152
0.5383911 1.832901 14.017151
-0.059814453 2.050644 12.045471
0.20100403 2.5818634 9.829712
0.5096741 3.1322021 8.039886
0.6388855 3.728012 7.1928253
0.9762726 4.0701904 7.022934
1.6821594 3.763916 6.972687
2.4693909 3.316452 7.9992065
2.5507507 3.0173492 9.310471
1.4021912 2.8283234 10.585846
0.035888672 2.617752 11.263016
-0.5407715 2.8139648 10.138397
-0.19142151 3.3092804 8.575882
0.3397827 3.5030975 7.7527466
0.4402771 3.6514435 7.779068
0.29670715 3.7998047 8.228912
0.3062744 3.907486 8.331802
0.447464 4.0079803 8.338989
0.550354 4.0247345 8.528015
0.4139557 4.027115 8.690735
0.15074158 4.0366974 8.884552
0.011962891 4.084549 9.030518
0.0382843 4.197006 9.040085
0.15792847 4.2951202 9.078369
0.14356995 4.266403 9.590439
0.06700134 4.1611176 9.954147
-0.28474426 4.347763 9.968506
-0.6029968 4.718643 9.126221
-0.31106567 3.6562347 9.188446
-0.653244 4.1730804 10.133606
-1.3375854 4.130005 10.281952
-1.2514496 3.081955 10.514069
-1.0600128 2.6153564 10.344177
-1.1270142 2.3928223 10.231705
-0.9834442 2.3042908 10.715057
-1.2610168 2.3066864 10.408783
-1.8783722 2.3114624 8.379669
-2.1511536 2.634491 7.0420837
-1.7491608 2.7972107 7.7455597
-1.4859467 2.589035 9.497116
-1.2203369 2.3569336 10.449463
-0.6412811 2.136795 9.461227
-0.66760254 2.2468567 8.121246
-0.8111725 2.3114624 8.305481
-0.9379883 2.4023895 9.736389
-1.0983124 2.4526367 10.045074
-0.83987427 2.445465 8.489731
-0.7657013 2.6775665 7.1234283
-0.95474243 2.8570251 8.195419
-1.0887299 2.5818634 10.387238
-0.68196106 2.4335022 11.291733
-0.124420166 2.4335022 10.52124
-0.49771118 2.6799622 9.346359
-0.91166687 2.6967163 9.521042
-1.0337067 2.5770721 10.267609
-0.8614197 2.4358978 10.164719
-0.6388855 2.4430695 9.152542
-0.92362976 2.4789581 9.800995
-0.98583984 2.4143524 10.066605
-0.6053772 2.3688965 9.276978
-0.011962891 2.4263153 8.709869
0.4283142 2.3401794 9.157333
-0.03111267 1.964508 10.217346
-0.6316986 1.655838 10.612167
-0.91645813 1.6797638 9.757935
-0.87815857 1.9621124 9.181259
-0.48095703 2.0769653 9.631119
-0.15792847 2.0075836 9.961319
0.07896423 1.8807526 9.829712
0.5383911 1.8903351 9.834503
0.7465668 1.931015 10.317856
0.22253418 1.7850494 11.126633
-0.37806702 1.3997955 11.760727
-0.43070984 1.1078796 11.46402
-0.21534729 1.1964111 10.872986
0.06700134 1.306488 10.88974
0.22492981 1.2634125 11.377869
0.023925781 1.0983124 11.633911
-0.2632141 1.0480499 11.19841
-0.2536316 1.179657 10.169495
-0.100494385 1.4620209 9.427719
-0.23449707 1.4596252 9.396622
-0.38285828 1.2729797 9.911072
-0.279953 1.208374 10.267609
-0.1531372 1.1964111 10.432709
0.007171631 1.1413727 10.9040985
-0.20578003 0.9882355 11.004593
-0.31585693 0.8901367 10.4566345
-0.1531372 1.0815582 9.887146
-0.0765686 1.1174469 9.96611
-0.24645996 0.88534546 10.19342
-0.2416687 0.83270264 10.327423
-0.25842285 0.8829498 10.880173
-0.39482117 0.76330566 11.349152
-0.64367676 0.7393799 10.925629
-0.62213135 0.8805542 10.112076
-0.4139557 1.0001984 9.501892
-0.18185425 1.1437683 9.363113
-0.22253418 1.1318054 9.88475
-0.3517456 0.9786682 10.504486
-0.43310547 0.8661957 10.975876
-0.59820557 0.830307 10.777267
-0.6006012 0.83987427 9.956543
-0.45942688 0.95951843 9.341583
-0.38763428 0.899704 9.458832
-0.69392395 0.77049255 9.9039
-0.8183441 0.7393799 10.231705
-0.5934143 0.81355286 10.43988
-0.36610413 0.8949127 10.291534
-0.17706299 1.0432739 9.968506
-0.2368927 1.076767 9.985245
-0.5168457 0.8877411 10.267609
-0.6699829 0.83509827 10.339386
-0.58384705 0.830307 10.303497
-0.61735535 0.87815857 10.033112
-0.7082825 0.8279114 9.875183
-0.74417114 0.76330566 9.92543
-0.6915283 0.73220825 10.167099
-0.73220825 0.6508484 10.37767
-0.8422699 0.59580994 10.523636
-0.8446655 0.5264282 10.518845
-0.80158997 0.5168457 10.286743
-0.72262573 0.5359955 9.982849
-0.52163696 0.5934143 10.001999
-0.5240326 0.54556274 10.301102
-0.63409424 0.45463562 10.411179
-0.49771118 0.4665985 10.260422
-0.40438843 0.54556274 10.0785675
-0.39959717 0.5383911 10.107285
-0.48812866 0.48335266 10.229324
-0.55992126 0.46899414 10.387238
-0.58384705 0.4402771 10.447067
-0.5312042 0.44984436 10.516449
-0.55513 0.45942688 10.310669
-0.65802 0.4091797 10.13121
-0.48812866 0.41156006 10.104889
-0.62931824 0.36610413 10.023529
-0.72502136 0.45942688 10.198212
-0.3397827 0.447464 10.219742
-0.1651001 0.55513 9.913467
-0.0765686 0.550354 10.076172
-0.41635132 0.42352295 10.564316
-0.91645813 0.28474426 10.547562
-0.85902405 0.28474426 10.5260315
-0.279953 0.38285828 10.494919
-0.07896423 0.5168457 10.133606
-0.4402771 0.49771118 9.918243
-0.67237854 0.37327576 10.327423
-0.5670929 0.4091797 10.636093
-0.55513 0.47616577 10.401596
-0.4737854 0.550354 10.255646
-0.37806702 0.57188416 10.229324
-0.39482117 0.6125641 10.2341
-0.48335266 0.63409424 10.203003
-0.4665985 0.7130585 10.346573
-0.33738708 0.76330566 10.43988
-0.42352295 0.76330566 10.29631
-0.38763428 0.76330566 10.322632
-0.29670715 0.8231354 10.183853
-0.35414124 0.8829498 10.162323
-0.4355011 0.8829498 10.061813
-0.40438843 0.9690857 9.772293
-0.31106567 1.0169525 9.94696
-0.36610413 1.0839539 10.073776
-0.55513 1.0911255 9.817749
-0.63409424 1.1413727 9.571289
-0.5024872 1.2346954 9.793823
-0.35414124 1.2418823 10.136002
-0.28953552 1.2921295 10.183853
-0.18424988 1.2993011 9.848862
-0.1531372 1.4285126 9.389435
0.3014984 1.421341 9.839294
-0.20817566 1.7611237 10.040283
-0.19621277 1.1652985 9.583252
-0.08375549 1.4883423 10.085754
-0.03111267 1.454834 10.023529
-0.23210144 1.4763641 9.525833
-0.36131287 1.385437 9.456436
-0.5766754 1.3399811 9.6263275
-0.39720154 1.2346954 10.001999
-0.55274963 1.2370911 10.291534
-0.5001068 1.2059784 9.829712
-0.44506836 1.3304138 9.59761
-0.5001068 1.2945099 10.054642
-0.63409424 1.3136597 10.174286
-0.7417755 1.380661 10.140778
-0.62931824 1.5266266 10.04747
-0.40678406 1.6701965 9.96611
-0.32063293 1.6582336 10.045074
-0.27757263 1.655838 10.088135
-0.3014984 1.5888367 10.052246
-0.3014984 1.5673065 10.195816
-0.21534729 1.6031952 10.188644
-0.26081848 1.5170441 10.088135
-0.3517456 1.4979095 10.119247
-0.31825256 1.4428711 10.145569
-0.3517456 1.4380798 10.04747
-0.37327576 1.4309082 9.994827
-0.4355011 1.3782654 10.001999
-0.48095703 1.3830566 9.930222
-0.5144501 1.3160553 9.932602
-0.53359985 1.3543396 9.793823
-0.16749573 1.3423767 9.870392
-0.27278137 1.3567352 11.114655
