-181.20728 -117.44385 72.33429
-181.7154 -119.09332 72.33124
-183.75397 -116.185 73.08655
-181.20575 -117.44385 71.89026
-179.79736 -116.36505 69.6579
-180.14832 -117.70935 71.144104
-180.27344 -116.82129 70.99762
-180.11627 -116.667175 71.88873
-180.40009 -116.085815 70.401
-180.12085 -116.96625 70.103455
-180.98755 -115.512085 69.810486
-179.31976 -115.608215 70.401
-179.28314 -114.567566 69.3634
-178.57819 -116.32843 68.91022
-179.28162 -114.56909 68.91632
-178.9917 -115.00702 68.914795
-179.26483 -113.974 69.662476
-178.7445 -112.02698 69.06891
-178.4256 -111.42273 70.40558
-178.4317 -111.87286 67.43164
-178.3905 -110.383606 70.111084
-178.6789 -109.95026 68.774414
-176.58691 -111.07178 68.618774
-177.15607 -109.902954 68.76984
-176.09558 -110.16846 67.282104
-177.20642 -111.53717 68.02521
-177.20642 -111.53717 68.02521
-177.50092 -111.25183 68.02826
-177.79541 -110.81238 69.36493
-177.04315 -111.08551 68.6203
-177.19116 -110.94055 69.51294
-178.11737 -111.416626 68.62335
-178.40271 -110.832214 68.91937
-178.00446 -112.59918 69.51294
-179.02222 -110.99701 70.55664
-179.67377 -112.50305 69.664
-179.9942 -112.95471 70.85266
-179.33502 -111.302185 71.00525
-181.80237 -112.57172 68.925476
-180.75562 -112.98065 70.40863
-180.75562 -112.98065 70.40863
-180.75562 -112.98065 70.40863
-181.68182 -113.4552 70.262146
-180.73273 -112.23755 70.41016
-178.7796 -113.06763 69.514465
-179.4403 -114.72168 69.51294
-179.75922 -115.32898 67.42859
-177.88086 -113.48572 69.6579
-177.45209 -114.512634 67.42554
-177.89917 -114.23187 67.87262
-178.58429 -116.6275 67.87109
-178.21808 -114.534 69.6579
-177.93884 -115.267944 70.1004
-178.25317 -115.574646 70.10193
-177.9129 -114.52484 69.65637
-178.11737 -116.16669 68.76221
-178.52173 -114.54315 69.6579
-178.52173 -114.54315 69.6579
-177.93274 -115.27252 67.42401
-177.64282 -115.70892 68.02063
-178.10211 -115.719604 69.06128
-176.59302 -116.12091 68.01605
-175.59052 -118.167114 67.26532
-176.15356 -116.54816 69.3512
-176.7868 -117.31262 68.60809
-176.75476 -116.27045 69.35272
-177.19727 -115.989685 67.42096
-175.57983 -117.72156 68.00995
-177.08282 -117.17529 68.01605
-173.6618 -119.59076 67.85278
-176.19019 -117.889404 67.118835
-174.99237 -118.29376 68.60199
-175.23041 -116.37421 67.26837
-175.54626 -116.68091 68.013
-176.33209 -117.448425 68.01453
-175.26398 -117.41791 66.82129
-176.4389 -115.96527 68.60962
-175.19531 -115.33661 66.52832
-175.37994 -116.230774 67.863464
-174.469 -116.35132 66.82129
-175.52948 -116.085815 68.75458
-176.27106 -115.66467 67.27295
-176.53198 -114.338684 66.82892
-174.93744 -116.51001 69.348145
-174.13788 -115.600586 66.52527
-173.82355 -115.145874 67.118835
-174.47205 -116.34979 68.011475
-173.8266 -115.14282 68.159485
-174.10889 -114.55841 67.56592
-173.63586 -113.95111 68.013
-173.64197 -114.24713 67.266846
-173.49396 -114.390564 67.118835
-171.84753 -115.23132 66.519165
-172.23206 -112.86621 68.011475
-173.18878 -114.38141 66.37573
-173.15979 -113.34076 67.41638
-171.62476 -112.99896 66.37421
-171.95587 -114.05182 64.14337
-169.8227 -113.68408 66.66565
-169.95544 -113.09509 66.81366
-169.80591 -113.24158 65.17944
-170.13397 -113.99231 65.92102
-168.89648 -113.36212 65.32593
-170.9961 -112.38556 66.52222
-170.51086 -111.631775 64.43939
-169.14825 -111.735535 65.03296
-169.86237 -110.27374 65.77911
-170.36743 -111.77063 66.52222
-169.93866 -112.802124 63.842773
-170.94269 -110.75287 65.78064
-168.90717 -109.05914 64.44092
-170.30487 -109.99451 64.29443
-169.69604 -109.825134 65.18555
-167.87262 -110.06622 63.694763
-168.41278 -107.85675 64.29291
-169.47937 -107.888794 64.59503
-168.4967 -105.633545 64.445496
-168.8324 -106.6803 64.89258
-168.8324 -106.6803 64.89258
-168.8324 -106.6803 64.89258
-167.1402 -106.03485 64.59198
-166.78467 -104.38995 64.59503
-166.51917 -105.72052 63.55133
-166.82129 -105.4306 65.78064
-166.32996 -104.52576 63.700867
-167.67273 -103.826904 63.407898
-167.37213 -103.81622 64.151
-166.76178 -103.64838 65.338135
-166.01562 -104.06952 65.03754
-167.36603 -103.51868 65.19165
-166.26587 -102.445984 64.445496
-165.69672 -103.61328 65.78064
-165.35797 -102.56653 65.33508
-165.49225 -102.12555 63.70392
-164.75067 -102.69623 64.1449
-165.802 -102.13165 65.9317
-165.01465 -101.36566 65.1886
-164.66675 -100.02136 64.445496
-163.95569 -101.631165 63.69934
-164.85748 -101.21307 64.59656
-164.05334 -99.85199 64.59503
-162.2406 -100.09308 65.33203
-164.01978 -98.81287 64.59656
-164.49738 -99.420166 65.04364
-162.21619 -99.34845 65.03754
-163.37585 -97.75696 63.55591
-160.77576 -97.22748 63.84735
-162.16278 -97.71576 64.593506
-161.81335 -96.21887 65.78369
-161.81335 -96.21887 65.78369
-161.0199 -95.15381 66.08124
-160.53314 -94.24896 65.9317
-161.77216 -94.877625 67.27295
-161.763 -94.58313 66.82739
-160.88562 -95.7428 66.37726
-160.57434 -95.739746 63.404846
-160.69489 -94.55109 65.78369
-160.73608 -95.88928 65.33508
-160.24628 -94.8349 65.33661
-159.9289 -94.53125 63.850403
-158.46405 -96.11359 66.07208
-159.94263 -94.82422 65.782166
-160.70251 -94.84863 65.338135
-158.91876 -96.13037 64.58893
-157.99103 -95.65582 65.182495
-158.26416 -94.6228 65.9256
-158.07343 -93.43109 65.03754
-158.09326 -94.026184 65.33203
-158.68683 -93.600464 65.18707
-157.62024 -93.566895 64.886475
-160.25085 -94.83185 66.822815
-159.9762 -95.86487 66.07666
-159.6466 -95.11261 64.59198
-159.04236 -95.243835 64.886475
-158.39386 -94.03534 64.590454
-159.0271 -94.64569 66.37421
-159.02557 -94.64722 65.6311
-158.91266 -95.82977 66.52069
-159.3277 -94.6579 65.18707
-158.98285 -93.31055 65.63263
-160.87036 -95.29877 65.930176
-160.87036 -95.29877 65.930176
-160.87036 -95.29877 65.930176
-159.7641 -93.925476 66.67633
-159.00421 -93.90259 66.37573
-157.64008 -94.16046 65.182495
-159.77325 -94.22302 66.37726
-159.94263 -94.82422 66.07971
-159.94263 -94.82422 66.07971
-159.77325 -94.22302 66.37726
-159.79614 -94.96765 65.92865
-158.99506 -93.60657 66.37573
-160.5484 -94.69299 66.67633
-157.65533 -94.60449 65.92407
-160.56824 -95.288086 66.37726
-159.01184 -94.20166 65.927124
-159.69696 -96.59729 65.77759
-158.90503 -95.53375 66.81824
-158.91266 -95.82977 66.52069
-160.27222 -95.578 66.078186
-158.83331 -93.455505 65.03906
-159.31396 -94.21234 65.18707
-159.61609 -94.07196 65.78064
-159.04541 -95.24231 65.62958
-159.00269 -93.90411 65.92865
-160.11047 -95.27588 65.63263
-158.77228 -96.2738 65.182495
-159.65271 -95.10803 67.26532
-159.93042 -94.529724 64.59503
-160.10284 -94.97681 66.67328
-160.89325 -96.04187 65.92865
-160.89325 -96.04187 65.92865
-161.45782 -94.573975 66.82587
-158.93555 -96.5744 65.77606
-159.64508 -95.114136 64.29291
-160.25085 -94.83032 67.26837
-158.86841 -94.49463 65.77911
-159.18427 -94.79828 66.52527
-160.7132 -95.14618 65.33661
-159.15833 -94.05975 65.33508
-159.18121 -94.80133 65.03906
-160.70099 -94.84863 64.59656
-158.44269 -95.521545 65.330505
-158.26416 -94.6228 65.9256
-160.98785 -94.11316 66.52985
-160.53467 -94.24744 66.67633
-161.00311 -94.558716 66.82587
-160.29053 -96.173096 65.03754
-160.70251 -94.84863 65.338135
-161.0199 -95.15381 66.08124
-160.13336 -96.01898 65.927124
-161.19843 -96.05255 65.930176
-160.85205 -94.70215 66.67633
-160.54688 -94.69452 65.63568
-161.50513 -96.21124 64.59503
-160.54688 -94.69452 65.63568
-160.29205 -96.17157 66.07666
-160.11047 -95.27588 65.63263
-161.67908 -96.80786 65.634155
-159.67255 -95.85419 65.77759
-160.12573 -95.71991 66.37573
-159.3628 -95.69702 65.927124
-159.3628 -95.69702 65.927124
-159.80682 -95.26367 66.37573
-160.71014 -95.147705 64.29596
-160.1883 -97.802734 64.88495
-160.25085 -94.83032 67.26837
-160.28595 -95.87097 67.56287
-161.17401 -95.310974 65.190125
-160.28137 -95.87402 66.07666
-160.73761 -95.88776 66.078186
-160.56366 -95.29114 64.89105
-161.04126 -95.89844 65.33661
-160.5896 -96.032715 65.63263
-159.34601 -95.25299 64.888
-160.2768 -95.877075 64.29291
-160.74677 -96.18683 65.03906
-161.74469 -94.140625 65.34119
-160.70557 -94.84558 66.52832
-162.4176 -96.08765 67.12341
-160.24628 -94.8349 65.04059
-161.50665 -96.21124 65.33661
-161.03973 -95.89844 64.59503
-160.55756 -94.992065 65.930176
-160.72693 -95.59326 65.33661
-160.76965 -96.928406 65.03754
-161.19537 -96.05408 64.89105
-159.729 -97.639465 65.03296
-161.08551 -97.23358 65.78064
-161.72943 -98.44513 65.18707
-160.30579 -96.61713 65.77911
-161.52039 -96.6568 65.33661
-162.13379 -96.67206 66.52832
-160.90088 -96.33942 64.88953
-159.0683 -95.98541 65.92407
-161.05042 -96.195984 64.59503
-160.91461 -96.78497 64.888
-161.06415 -96.64154 64.59503
-160.27985 -95.87555 65.03754
-160.1242 -95.721436 65.63263
-160.77118 -96.92688 65.77911
-161.5387 -97.25037 65.33508
-161.25793 -97.83325 66.37421
-161.0199 -95.15381 65.78369
-161.64703 -95.76721 66.67786
-160.91919 -96.78192 66.67175
-159.69696 -96.59729 65.77759
-161.09619 -97.683716 64.29291
-161.82556 -96.665955 65.338135
-161.06567 -96.64154 65.04059
-160.55756 -94.992065 65.930176
-160.58655 -96.03424 64.88953
-160.58044 -95.73517 65.930176
-161.64551 -95.76874 65.93323
-160.01587 -97.203064 64.590454
-159.82819 -96.0083 65.927124
-160.13031 -96.02203 64.44092
-159.98535 -96.16394 65.33356
-161.50665 -96.21124 65.33661
-160.58044 -95.73517 65.930176
-161.969 -96.37146 65.63568
-160.88257 -95.74585 65.1886
-160.88257 -95.74585 65.1886
-160.00977 -96.90399 65.77759
-161.80115 -95.92285 65.338135
-160.8841 -95.74432 65.634155
-160.69336 -94.55261 65.042114
-159.95331 -95.121765 66.078186
-160.14099 -96.318054 64.44092
-161.05194 -96.195984 65.33661
-161.97052 -96.369934 66.378784
-161.04279 -95.89691 65.782166
-160.8902 -96.043396 64.88953
-161.62262 -95.025635 65.63721
-161.68976 -97.10388 66.674805
-160.89325 -96.04187 65.63263
-161.0672 -96.640015 65.782166
-160.33936 -97.657776 66.07361
-160.33783 -97.6593 65.034485
-160.19135 -97.80121 65.62805
-161.232 -97.091675 65.63263
-160.14404 -96.315 65.6311
-160.59723 -96.33179 64.442444
-159.99756 -96.6095 64.59198
-160.16235 -97.06116 64.14337
-160.74677 -96.18683 65.03906
-161.4914 -95.614624 66.82434
-162.12769 -96.676636 64.297485
-161.96289 -96.37451 63.70392
-161.61346 -94.72656 66.381836
-161.61346 -94.72656 66.381836
-161.61346 -94.72656 66.381836
-160.55756 -94.992065 65.634155
-160.85968 -95.00275 65.1886
-160.54688 -94.69452 65.63568
-160.54688 -94.69452 65.63568
-161.49597 -95.9137 65.33661
-159.93042 -94.529724 64.59503
-160.79865 -92.918396 67.86804
-159.69696 -96.59729 65.77759
-160.2478 -94.833374 66.07971
-160.69489 -94.55109 66.08124
-158.99048 -93.611145 64.442444
-159.90143 -93.48602 66.52832
-160.0769 -94.23523 65.930176
-160.69489 -94.55109 65.78369
-160.22644 -94.09027 66.526794
-159.93805 -94.52515 67.56592
-161.13281 -93.97125 65.63873
-160.18372 -92.752075 66.52985
-159.91974 -94.08264 66.07971
-158.70514 -94.19403 65.18555
-159.63745 -94.81506 65.33508
-160.23865 -94.53735 65.782166
-159.74274 -93.333435 65.9317
-160.62775 -92.47131 65.045166
-159.85565 -91.99982 66.82739
-159.83429 -91.407776 65.78674
-159.58557 -93.03131 66.82434
-159.08661 -91.67786 67.27142
-160.61554 -92.022705 66.5329
-160.9375 -92.47589 67.274475
-159.74731 -93.33038 67.41791
-159.83734 -91.40625 66.82739
-160.93903 -92.47589 67.57202
-159.6878 -91.54968 66.381836
-160.62012 -92.02118 68.019104
-160.94513 -92.77496 66.5329
-160.74982 -91.28265 68.6142
-160.18219 -92.7536 66.08276
-161.36932 -91.74957 67.57355
-160.92224 -92.030334 67.276
-162.60986 -92.37976 68.61572
-161.6745 -91.75873 67.57507
-161.02753 -90.55176 67.42554
-160.58502 -90.982056 67.57355
-161.7981 -90.87067 68.17169
-160.90088 -91.43982 66.08734
-161.94763 -90.72876 68.02368
-161.00159 -89.81018 66.685486
-161.34491 -91.00647 67.57507
-160.85663 -89.95056 67.27905
-160.72845 -90.84015 66.682434
-160.88257 -90.693665 68.31818
-161.6333 -90.42053 68.32123
-160.07843 -89.33258 68.31818
-161.7569 -89.53247 68.91632
-160.85358 -89.64996 70.251465
-160.56976 -90.38544 69.06128
-159.93958 -89.775085 67.42401
-161.30371 -89.668274 68.3197
-160.51178 -88.60474 68.02521
-160.93292 -87.42828 69.662476
-160.78644 -87.57019 69.514465
-160.65063 -88.16223 69.659424
-160.52246 -88.89923 69.062805
-160.52246 -88.89923 69.062805
-163.27362 -89.2807 70.407104
-160.01587 -87.25128 69.51141
-160.04791 -88.29193 69.50989
-162.18262 -88.505554 69.366455
-160.9314 -87.42981 68.621826
-160.00061 -86.805725 69.51294
-160.72998 -85.787964 70.259094
-160.0174 -87.25128 69.807434
-161.3739 -87.14752 67.88025
-159.74121 -88.282776 69.062805
-160.49194 -87.857056 70.25299
-160.7544 -86.52954 70.25757
-160.63538 -87.716675 68.91632
-158.99353 -88.55438 69.50836
-160.63538 -87.716675 68.91632
-159.8999 -88.43689 68.61725
-160.47821 -87.56256 68.322754
-159.59625 -88.42468 69.36035
-159.77478 -89.3219 69.06128
-160.95276 -88.17444 68.17474
-160.08148 -89.331055 69.50836
-160.96497 -88.47046 68.91632
-160.3241 -87.40845 69.66095
-161.51733 -86.55243 71.00372
-161.203 -86.24725 71.0022
-162.20398 -84.198 71.7514
-160.849 -84.602356 71.598816
-161.17859 -85.502625 71.29974
-159.65424 -85.1532 73.526
-159.91974 -84.12781 71.29974
-159.91974 -84.12781 71.29974
-159.76562 -83.97217 72.63794
-159.46045 -83.96301 72.33887
-160.24017 -84.58252 71.59729
-159.88922 -83.08563 72.48993
-159.31396 -84.106445 72.48688
-158.37402 -83.18634 73.37952
-158.84094 -83.64868 71.29822
-159.9411 -84.721375 71.743774
-160.23102 -84.28497 72.33887
-157.03735 -84.3338 71.73767
-159.27734 -83.06732 71.29974
-159.47876 -84.558105 71.595764
-157.84454 -85.694885 72.480774
-157.37915 -85.53314 71.14258
-156.99463 -82.995605 72.03827
-158.14056 -85.70862 69.80591
-158.00476 -85.99701 71.588135
-158.13751 -85.70862 69.062805
-156.50177 -86.694336 70.24689
-156.97937 -87.30316 70.39337
-157.98187 -85.55603 68.61725
-157.4234 -87.01935 70.09888
-155.93414 -88.01575 69.3512
-156.95038 -86.56464 68.90869
-158.20465 -87.786865 69.05823
-156.8695 -88.78784 68.01453
-159.39331 -86.78436 70.25299
-158.51593 -88.09967 67.42401
-156.82983 -87.446594 69.503784
-158.98743 -88.25531 70.99457
-158.82416 -88.1073 68.6142
-158.49762 -87.35199 69.65637
-157.91626 -88.22479 69.05823
-157.57751 -87.17804 68.019104
-157.1289 -87.4588 68.315125
-156.18134 -86.24115 69.35425
-158.04901 -87.6358 68.6142
-157.52869 -85.69183 68.31818
-156.05621 -87.12921 68.75763
-157.71332 -86.58447 70.10193
-157.1289 -87.46033 68.019104
-156.67877 -87.59308 68.907166
-158.15582 -86.154175 69.80438
-156.94122 -86.26709 68.90869
-157.89642 -87.47864 70.24841
-156.53229 -87.734985 69.055176
-157.98187 -85.55603 68.91327
-157.71484 -86.58447 70.39795
-157.87506 -86.735535 71.29059
-157.85522 -86.14349 70.547485
-157.85828 -86.442566 68.31818
-158.18939 -87.19177 70.24841
-158.81042 -87.66022 68.91174
-158.02002 -86.5921 70.843506
-159.4162 -87.527466 69.50989
-159.41772 -87.52594 70.251465
-158.93402 -86.77368 68.766785
-158.50525 -87.65106 68.61572
-158.50525 -87.65106 68.61572
-158.50525 -87.65106 68.61572
-157.40814 -86.57684 69.3573
-157.40814 -86.57684 69.3573
-158.66547 -87.8006 70.24841
-158.1726 -86.74774 69.50836
-158.48389 -87.05597 68.170166
-157.62177 -88.51318 68.759155
-158.71887 -89.58588 69.0567
-158.20618 -87.786865 69.50531
-155.76172 -87.4176 68.01453
-157.43103 -87.31995 68.90869
-158.6914 -88.845825 67.274475
-159.7107 -87.24213 69.51141
-158.67767 -88.24921 69.506836
-158.20618 -87.786865 69.50531
-158.01697 -86.59515 69.65637
-158.20465 -87.786865 69.05823
-159.41315 -87.53052 68.02368
-158.02917 -87.04071 68.91022
-158.1543 -86.154175 69.50836
-157.60956 -88.21869 68.01758
-158.65936 -87.805176 67.57355
-158.51746 -88.098145 68.16864
-157.76215 -88.06915 70.840454
-157.8003 -89.408875 68.611145
-158.66241 -87.802124 69.05975
-158.48541 -87.05597 68.91174
-158.82416 -88.1073 68.6142
-158.09784 -89.12048 69.651794
-158.5022 -87.65259 67.87262
-158.67615 -88.24921 69.05975
-158.18481 -87.19635 68.02063
-158.01697 -86.59515 69.358826
-158.01697 -86.59515 69.358826
-157.44171 -87.61597 69.65332
-157.90558 -87.77771 69.80133
-158.64716 -87.20856 69.80438
-158.93555 -86.772156 69.51141
-158.69598 -88.8443 68.76068
-158.27026 -89.86969 68.01605
-158.71735 -89.5874 68.3136
-158.12988 -90.16113 68.90564
-157.98187 -90.30762 68.01605
-157.10144 -91.47034 66.67175
-156.64215 -91.30554 66.81976
-158.77228 -91.371155 67.2699
-156.82983 -92.49878 66.37268
-157.11365 -91.76483 67.41333
-158.01697 -91.648865 65.33661
-157.72858 -91.92963 68.307495
-158.92029 -91.22925 67.12341
-157.29828 -92.96265 65.77911
-158.99811 -93.60504 67.86194
-160.0647 -93.637085 68.16254
-160.98022 -93.81409 67.27295
-160.22339 -93.78967 68.7561
-158.38776 -93.73627 66.07666
-161.04126 -95.89844 65.33661
-161.44409 -94.12842 66.82587
-162.08496 -95.18738 66.08276
-160.8841 -95.74432 65.634155
-159.6817 -96.15326 65.03601
-161.64856 -95.76721 67.12341
-162.38556 -95.047 67.12494
-162.62054 -97.73102 65.33661
-162.42828 -96.38367 67.12341
-163.36517 -97.30682 65.33966
-164.89563 -97.499084 67.12799
-164.28223 -97.1817 68.167114
-164.32343 -98.52142 67.42096
-164.73083 -97.047424 67.276
-164.77356 -98.387146 66.82892
-164.79797 -99.13025 66.82739
-166.2857 -98.13843 66.83197
-166.3208 -99.176025 67.57355
-166.17126 -99.320984 66.38489
-166.97083 -100.53253 67.274475
-167.53693 -99.365234 65.94086
-167.27753 -100.694275 65.937805
-168.81714 -101.335144 65.79285
-167.64069 -102.482605 67.42096
-168.71338 -102.81525 67.12799
-168.42041 -103.2547 64.89563
-170.66956 -102.13318 67.282104
-169.65332 -103.73688 66.08734
-170.66956 -102.134705 66.83655
-169.81659 -103.88489 68.170166
-169.85931 -105.374146 66.68091
-171.06476 -104.966736 67.13104
-171.55762 -106.16913 66.534424
-171.75293 -107.510376 66.38489
-173.23608 -106.52008 64.90326
-171.30127 -107.64618 66.82892
-174.14093 -106.25305 65.05585
-174.14093 -106.25305 65.05585
-172.97974 -107.84607 66.38641
-173.30475 -108.60138 65.197754
-173.6496 -109.64661 67.42401
-171.48285 -108.54187 66.67938
-174.4049 -109.67255 65.64331
-174.2569 -109.817505 66.08887
-173.6145 -108.60901 67.13104
-174.57123 -110.12421 66.08887
-175.52643 -111.338806 67.13104
-173.99597 -111.14349 66.5329
-174.79706 -112.35504 66.381836
-175.57373 -112.82501 67.12799
-174.21112 -113.079834 66.38031
-174.5163 -113.08899 67.12494
-175.5951 -113.41705 67.422485
-176.64948 -113.1546 67.87262
-175.5722 -112.82501 66.682434
-174.53003 -113.38196 68.16406
-174.38202 -113.52692 68.31207
-172.24884 -113.46283 66.81976
-173.14453 -113.04779 65.9317
-175.34485 -115.19318 67.12189
-174.45984 -116.05377 67.266846
-176.0971 -114.91699 67.42096
-173.39783 -116.0202 68.00842
-174.15161 -116.04767 66.07666
-173.23914 -115.867615 67.11578
-174.92218 -116.21704 67.118835
-174.7406 -115.32135 66.822815
-174.1333 -115.30151 68.011475
-174.1333 -115.30151 68.011475
-174.76196 -116.06598 66.078186
-173.36426 -114.98108 68.00995
-174.91913 -116.21857 65.92865
-174.92065 -116.21704 66.67328
-174.88708 -115.17792 66.674805
-174.59106 -115.46631 66.674805
-174.09363 -114.263916 66.07971
-174.61853 -116.20636 67.414856
-175.67749 -115.94086 68.16254
-176.59302 -116.12091 68.01605
-176.45111 -116.563416 66.38031
-176.31836 -117.15088 67.2699
-176.33057 -117.448425 67.567444
-174.6521 -117.24701 67.41333
-174.9237 -116.215515 67.414856
-175.54169 -116.682434 66.526794
-174.98627 -118.296814 66.67023
-175.56 -117.12799 68.011475
-176.54266 -119.38629 67.118835
-175.88348 -117.73071 67.56439
-175.5661 -117.42706 66.52527
-176.83563 -118.948364 67.86194
-175.68512 -116.23993 67.41791
-174.80774 -117.40112 67.26532
-174.95575 -117.25769 67.11731
-174.96185 -117.25311 69.644165
-177.05078 -116.13464 68.01758
-176.80359 -117.90619 68.16101
-177.51007 -116.29639 67.86957
-175.88348 -117.73071 67.56439
-177.36969 -116.737366 67.27295
-175.71716 -117.282104 67.12036
-175.32959 -119.496155 67.26227
-175.57526 -117.72308 66.52374
-174.99237 -118.29376 68.60199
-175.43182 -117.86499 67.41333
-175.43182 -117.86499 67.41333
-175.43182 -117.86499 67.41333
-175.57983 -117.72003 68.30597
-175.9079 -118.473816 67.56439
-176.30463 -116.7038 67.27142
-175.46844 -118.90411 68.89801
-174.82147 -117.69562 68.75
-176.30005 -116.4032 69.055176
-175.87433 -117.43469 67.56592
-172.74323 -119.41528 67.55371
-174.40948 -119.32068 65.92255
-175.71869 -117.28058 67.41638
-173.79913 -119.151306 66.81366
-173.52295 -120.184326 65.02991
-175.70343 -121.58356 68.003845
-173.73657 -121.969604 67.10663
-176.43127 -120.565796 68.30444
-177.14691 -119.25354 67.26837
-174.44763 -120.35828 67.4057
-174.28589 -120.20569 66.51764
-174.78943 -121.4035 69.33899
-174.61395 -120.80841 68.003845
-175.70343 -121.58356 68.003845
-175.82092 -120.399475 68.600464
-177.52075 -121.34094 68.30444
-177.52075 -121.34094 68.30444
-176.29242 -121.006775 68.15491
-176.32751 -122.047424 68.89496
-176.46332 -121.302795 71.27533
-177.53601 -121.63544 70.53375
-177.86713 -122.68982 68.30444
-176.83716 -123.69385 69.04297
-177.30713 -124.00513 69.78607
-176.52435 -123.387146 69.49005
-176.80664 -122.6532 70.233154
-178.3722 -124.03717 70.23468
-176.82037 -122.94769 72.01691
-178.28674 -121.36383 69.7937
-178.69263 -124.49188 71.27533
-178.2425 -124.62616 71.57135
-179.1336 -124.06006 70.236206
-179.44336 -124.06769 72.01996
-178.3905 -124.4812 72.01843
-179.47693 -125.10834 72.01843
-179.18549 -125.54321 72.01843
-178.92456 -127.02179 70.82367
-179.3274 -125.25177 71.87042
-178.44238 -126.11389 72.01538
-176.76392 -125.914 71.86279
-178.36914 -123.73657 72.465515
-178.92914 -127.02026 72.309875
-177.49176 -124.897766 71.865845
-178.61328 -126.71509 71.12274
-177.85187 -126.690674 71.121216
-178.62701 -127.00958 73.054504
-178.90472 -126.275635 71.86737
-178.90472 -126.275635 71.86737
-178.79486 -127.45819 73.94562
-178.36914 -128.33405 74.835205
-178.32794 -127.2995 71.86432
-178.80096 -127.90985 70.52612
-179.23431 -126.87836 74.24469
-178.90015 -125.97656 74.09515
-177.89612 -128.02582 71.86279
-179.50897 -126.14746 72.01691
-179.85992 -127.49176 74.246216
-178.62549 -127.00958 72.60895
-177.74353 -127.87018 73.49548
-179.72107 -127.7832 74.54224
-178.4729 -126.85547 73.94562
-178.7857 -127.160645 73.94562
-179.53491 -126.89209 72.46094
-178.46832 -126.85852 72.45941
-179.63715 -125.25787 73.802185
-179.39911 -127.33002 74.09515
-179.4281 -128.06854 76.02692
-179.25262 -127.471924 73.94714
-178.94135 -127.31476 73.79608
-179.22058 -126.58386 72.46246
-178.02582 -127.13623 74.687195
-177.88239 -127.27814 75.57831
-178.35693 -128.03802 73.79303
-178.03345 -127.4353 74.24164
-177.8778 -127.28119 74.0921
-179.53033 -126.59149 74.246216
-179.51813 -126.14136 75.434875
-177.99683 -126.09253 76.47247
-178.35846 -128.03802 74.090576
-177.44446 -127.8595 74.98169
-178.92609 -126.71814 74.83826
-180.61218 -127.2171 73.50464
-178.08228 -128.91998 73.94104
-179.22668 -126.579285 74.69177
-179.40369 -127.326965 76.02844
-178.77045 -126.564026 75.43335
-180.18188 -127.793884 76.32599
-180.15442 -127.05231 75.286865
-180.61981 -127.212524 76.47705
-180.46265 -127.05994 76.7746
-180.4657 -127.360535 74.54529
-180.46417 -127.05841 77.5177
-179.4281 -128.06854 76.02692
-180.13306 -126.30768 75.58441
-180.50537 -128.3966 76.77307
-180.48706 -127.80304 76.77307
-181.25153 -127.8244 78.2608
-180.64575 -127.9541 77.2171
-179.5639 -127.47803 76.474
-179.25873 -127.46735 76.474
-179.57306 -127.92816 73.94562
-178.49121 -127.449036 74.243164
-179.57458 -127.926636 74.68872
-179.24042 -126.87378 76.17645
-179.73328 -128.0777 76.02844
-179.57916 -127.923584 76.47247
-180.46875 -127.35901 76.031494
-177.75726 -128.16315 75.427246
-177.75726 -128.16315 75.427246
-178.01819 -126.838684 75.4303
-178.81775 -127.89917 76.916504
-178.94745 -127.31171 75.579834
-178.49731 -127.44446 76.17493
-179.57764 -127.92511 75.727844
-179.40369 -127.326965 76.02844
-178.34167 -127.29187 76.76849
-179.38538 -126.73187 76.02844
-178.6438 -127.30255 76.02692
-177.87476 -126.979065 76.32294
-178.79333 -127.15454 77.21405
-177.72675 -127.1225 76.171875
-178.59802 -125.96588 74.83978
-179.20685 -125.83313 76.17798
-180.73425 -126.02844 77.07214
-179.63257 -124.9588 76.03302
-178.57208 -124.92218 77.516174
-178.71246 -124.78027 75.4364
-179.48608 -125.10376 74.990845
-178.42255 -125.06714 76.475525
-178.75061 -125.81787 77.215576
-180.42908 -126.01776 77.07214
-180.23834 -124.82605 76.18408
-180.05676 -123.931885 75.58899
-178.89557 -125.675964 76.02997
-179.79126 -125.10986 76.18103
-179.35486 -125.6897 76.7746
-178.41187 -124.76959 76.179504
-179.66919 -125.9964 76.7746
-180.27496 -125.86517 77.66724
-180.27496 -125.86517 77.66724
-180.30396 -126.605225 79.15344
-180.13458 -126.30615 76.32904
-179.55933 -127.17743 78.40576
-179.5227 -126.138306 77.2171
-179.58374 -127.92053 77.95868
-179.76074 -128.81775 77.81067
-180.513 -128.3905 79.74548
-179.91943 -128.96881 78.404236
-179.60052 -128.51562 77.65961
-179.76532 -128.8147 79.296875
-179.90417 -128.52325 77.95868
-178.08075 -128.46527 79.14276
-178.4256 -129.81415 78.25012
-178.86658 -129.23279 79.14429
-178.86658 -129.23279 79.14429
-178.86658 -129.23279 79.14429
-178.51257 -132.48596 78.98865
-179.54865 -131.47888 79.73633
-177.24762 -130.81207 79.73175
-179.57764 -132.52106 78.54462
-177.80151 -133.94775 78.98407
-177.7237 -131.4209 80.02777
-177.12708 -131.9992 77.94495
-178.16772 -131.28967 78.39508
-176.98364 -132.14264 79.28314
-177.62909 -133.34961 78.68805
-178.07312 -132.91626 79.28467
-177.59857 -132.30743 79.878235
-176.70593 -132.87048 80.7663
-177.65503 -134.09271 79.13208
-179.02374 -134.13544 79.43268
-177.32391 -133.18939 80.02319
-177.78778 -133.19855 82.70111
-178.66211 -132.34253 79.43573
-177.75726 -132.46002 80.4718
-178.96576 -132.35168 79.13818
-178.06091 -132.46918 80.47333
-178.83606 -132.93915 79.73175
-176.4206 -133.60901 78.685
-177.89307 -132.01904 79.878235
-178.7201 -134.12628 79.13513
-178.66516 -132.33948 80.62439
-178.05634 -132.47223 78.541565
-176.98212 -132.14264 78.985596
-176.68 -132.13043 79.72717
-178.19519 -132.03125 79.13666
-177.7771 -133.20465 78.985596
-177.7893 -133.49915 79.7287
-177.32391 -133.18939 80.02319
-177.29645 -132.44934 78.53851
-178.70331 -133.68073 78.6911
-177.94495 -133.65326 79.87671
-175.49896 -133.13141 80.46417
-178.2669 -134.1095 80.91736
-177.18811 -133.62732 81.658936
-179.62952 -134.00421 80.02777
-178.88794 -134.57336 79.730225
-179.93622 -134.01184 80.773926
-179.63867 -134.30176 80.02777
-178.15399 -135.29053 81.21338
-179.63867 -134.30176 80.02777
-179.63867 -134.30176 80.02777
-177.36969 -134.52454 81.21185
-179.79279 -134.15527 81.66351
-180.41534 -134.61761 82.26013
-179.10309 -136.50818 80.91431
-178.74603 -134.71527 82.10602
-178.04565 -136.47003 83.88367
-179.8645 -136.232 83.88977
-179.28772 -137.40234 82.25098
-177.81525 -138.83972 82.839966
-177.16064 -137.33368 83.43353
-179.7699 -138.15918 82.69806
-180.68848 -138.33466 82.847595
-180.05524 -137.42218 84.92737
-180.08118 -138.16376 85.224915
-179.01306 -138.13171 84.18274
-179.30603 -137.69379 85.668945
-179.96979 -139.34631 86.112976
-179.8645 -140.82794 86.40747
-180.31311 -140.69366 85.07233
-179.87213 -141.12549 85.96039
-179.6814 -139.93073 85.36987
-179.42047 -141.10718 87.890625
-177.14539 -141.33301 86.8454
-177.8778 -140.6189 84.62067
-179.09698 -140.50446 87.15057
-179.4632 -142.59491 85.95734
-180.83038 -142.48962 86.55701
-180.05981 -142.01965 87.594604
-180.07202 -142.46521 86.849976
-180.83191 -142.4881 87.30011
-180.83191 -142.4881 87.30011
-179.43115 -141.55579 86.40442
-181.7276 -141.922 87.449646
-180.22614 -142.61932 86.405945
-180.99365 -142.93976 85.96039
-180.70068 -143.22815 85.95886
-180.69 -142.93213 85.66284
-182.74384 -145.21942 87.30011
-181.96564 -144.60144 87.594604
-180.40924 -143.51501 87.594604
-182.27386 -144.90814 86.109924
-181.5979 -142.81158 85.36835
-180.81207 -146.79413 85.209656
-181.18591 -144.13452 85.81085
-180.7663 -145.30792 85.65979
-182.6355 -146.85364 84.91669
-181.91986 -148.1659 85.209656
-181.40564 -146.37146 84.913635
-181.48651 -148.89679 84.46503
-180.20172 -146.62628 86.10077
-180.92804 -145.61005 85.36224
-181.91833 -148.16742 84.46655
-182.10602 -149.36218 83.57391
-180.97687 -147.24579 84.31854
-180.56183 -148.72131 82.38373
-181.05164 -149.62463 83.57239
-181.5155 -149.93896 82.97577
-180.60913 -150.05493 84.31244
-181.75812 -148.01636 83.13141
-179.50592 -148.98529 82.37915
-180.87463 -148.87848 83.7204
-178.49274 -150.58746 82.07703
-178.30048 -149.39575 80.74188
-178.63007 -150.14496 81.929016
-177.5177 -148.78082 79.70123
-176.93329 -149.50256 80.14374
-175.86823 -149.469 79.84314
-176.34277 -150.23041 78.35693
-175.43335 -150.0473 81.17828
-175.2716 -149.89624 79.84009
-174.66736 -150.02594 79.244995
-173.15521 -150.27771 79.24194
-175.26703 -149.89929 77.908325
-173.86932 -148.96698 77.75879
-172.05658 -149.20349 78.94287
-173.01941 -150.86823 78.34625
-172.83783 -149.97253 77.456665
-169.90204 -148.54736 77.005005
-171.28143 -148.88611 77.45514
-171.12274 -148.73505 76.85852
-171.14258 -149.32709 77.15454
-170.81604 -148.72742 75.668335
-169.38934 -146.74835 77.45514
-170.79926 -147.97974 77.900696
-170.21484 -148.85254 77.74963
-169.86847 -147.50671 77.00653
-167.44843 -147.8775 76.85089
-169.12537 -148.0774 77.00348
-169.0918 -147.03827 76.708984
-168.49976 -147.61505 75.66528
-168.92548 -146.58813 76.11542
-168.92548 -146.58813 76.11542
-168.35175 -147.76001 75.96283
-168.47687 -146.87195 75.66528
-170.57495 -146.0495 74.783325
-170.13245 -146.47827 75.227356
-168.30902 -146.42181 75.96588
-168.74084 -145.6955 74.48273
-167.1997 -144.89899 77.005005
-171.14563 -144.72809 76.27411
-169.18488 -145.26215 74.92828
-167.95502 -144.92645 74.77875
-168.96362 -143.33038 73.29712
-168.9743 -143.6264 74.0387
-166.39099 -143.54248 75.22278
-167.92145 -143.88733 74.48273
-168.37463 -143.75305 75.37537
-167.3233 -144.16656 74.627686
-168.79883 -142.72766 74.93286
-168.82019 -143.47076 74.63379
-168.20526 -143.30597 74.03717
-167.01813 -144.15741 74.627686
-167.93365 -144.33594 73.29254
-168.97888 -143.62335 75.5249
-168.15948 -141.81824 74.78485
-168.15948 -141.81824 74.78485
-168.15948 -141.81824 74.78485
-167.11578 -142.5293 74.035645
-169.2215 -141.8518 73.74573
-168.01605 -142.11273 73.89221
-168.02368 -142.40875 73.44513
-167.68799 -141.35895 73.89221
-167.68799 -141.35895 73.89221
-167.56134 -142.24701 72.99957
-168.29224 -141.38184 72.40753
-168.29224 -141.38184 72.40753
-168.93005 -142.28973 73.30017
-168.1366 -141.2262 73.7442
-168.32123 -142.42249 71.21582
-168.14423 -141.52374 72.55554
-167.99011 -141.37115 73.150635
-167.55219 -141.7984 74.48578
-168.31665 -142.12341 73.14911
-168.12286 -140.78064 73.7442
-167.56287 -142.24548 73.74115
-166.88995 -140.29694 73.14911
-165.979 -140.419 71.80939
-168.6142 -141.83502 73.30017
-166.93268 -141.63513 73.14606
-168.72711 -140.65094 73.44971
-168.1549 -141.82129 73.0011
-167.9657 -140.62958 73.150635
-168.73932 -141.0965 72.706604
-169.50378 -141.11938 74.194336
-168.1778 -142.56439 72.99957
-168.62488 -142.2821 72.257996
-168.26935 -140.63873 73.150635
-170.14313 -142.17987 73.15369
-169.66095 -141.2735 74.0448
-168.90411 -141.54816 72.257996
-167.99469 -141.3681 74.63684
-169.06891 -141.6977 74.63684
-169.52515 -141.71295 74.63837
-168.61115 -141.83502 72.55707
-168.94379 -142.5827 75.23041
-168.28308 -141.08276 73.150635
-169.9768 -141.57562 75.234985
-169.841 -142.16919 74.194336
-169.22455 -141.85028 74.49036
-169.81659 -141.42609 73.45276
-171.01135 -140.57007 75.53711
-170.42236 -141.29486 74.79248
-170.15228 -142.17377 76.1261
-169.86084 -142.76276 73.89526
-171.5332 -142.66357 75.53253
-170.16907 -142.77039 74.93591
-171.07697 -142.64984 75.53253
-170.4422 -141.88843 74.49341
-171.38672 -142.807 75.68054
-171.38824 -142.80548 76.127625
-170.94879 -143.53943 74.19281
-172.29462 -142.68799 75.982666
-171.98029 -142.53235 74.19739
-173.65265 -142.4347 74.798584
-172.6242 -143.44025 75.53406
-171.97266 -142.2348 74.64447
-174.58191 -142.90771 75.39215
-174.63379 -144.3924 76.875305
-174.73297 -142.76276 76.73187
-175.05188 -143.36853 75.6897
-175.4837 -142.48657 77.030945
-175.36163 -143.37463 77.62451
-176.7044 -142.67426 76.14136
-176.50604 -141.03394 78.22571
-176.50604 -141.03394 78.22571
-177.09961 -140.60516 78.37677
-178.05939 -142.12189 77.48413
-178.125 -139.60419 75.70343
-179.05884 -140.07416 78.23334
-179.09088 -141.11633 77.786255
-178.88336 -139.32648 77.93732
-179.04663 -139.77966 76.74866
-179.16412 -138.59406 78.681946
-179.33197 -139.04266 79.27704
-180.01556 -136.69128 78.24249
-182.49817 -138.40332 76.46179
-180.89752 -135.82916 76.90735
-181.3797 -136.58447 78.393555
-181.46667 -134.66034 76.763916
-181.31409 -134.5047 77.952576
-181.78864 -135.11047 78.993225
-182.6065 -132.1701 77.95868
-181.87866 -133.18481 78.401184
-182.44781 -132.01904 77.51465
-181.53687 -132.13959 76.46942
-181.6513 -130.9555 76.771545
-182.22198 -129.63562 77.96326
-182.85065 -130.39856 77.21863
-181.26373 -128.42255 76.031494
-181.45905 -129.61273 77.66266
-180.34973 -128.24097 77.2171
-181.25458 -128.125 76.031494
-181.39954 -127.98309 74.6933
-181.07758 -127.22778 76.92413
-181.17828 -125.74768 76.03607
-181.17828 -125.74768 76.03607
-181.64062 -125.909424 76.48163
-180.41687 -125.72327 75.58746
-181.42242 -123.976135 74.55444
-180.49774 -123.50006 75.442505
-180.94788 -123.5199 73.21472
-180.14221 -122.00928 73.95935
-179.22363 -121.832275 74.10431
-179.5517 -122.58453 73.80676
-179.03137 -120.63904 73.21472
-180.55725 -120.83588 73.06976
-179.93774 -120.52002 72.62268
-180.21698 -119.78607 72.62573
-179.24042 -117.83142 70.54443
-177.78625 -119.86084 72.024536
-177.73132 -118.22815 70.988464
-176.46942 -116.85333 70.0943
-179.0741 -117.37976 71.14105
-176.15356 -116.54816 69.3512
-176.27869 -115.660095 70.24536
-176.44958 -116.26129 69.65027
-175.66681 -115.493774 70.095825
-175.62103 -114.15863 68.611145
-174.8825 -114.87732 68.16254
-173.33221 -113.9389 68.75458
-173.80066 -114.39972 67.41638
-172.43195 -114.35547 68.15643
-170.86334 -112.97455 66.37268
-171.03424 -113.42468 68.0069
-169.8227 -113.68408 66.3681
-170.88928 -113.716125 67.11426
-169.79523 -112.94556 65.18097
-169.12689 -110.99243 65.77606
-167.07611 -113.30109 67.25311
-167.17987 -111.820984 67.108154
-166.23535 -110.902405 66.06598
-167.10052 -109.44519 65.92102
-164.82239 -109.52301 65.76691
-163.80463 -111.12518 64.2746
-161.52649 -111.05194 65.01465
-162.38861 -109.59625 64.86969
-161.62415 -109.576416 62.9364
-160.76202 -111.03058 63.82141
-159.83582 -110.55603 64.41498
-159.38263 -110.69183 64.26544
-158.18329 -111.24725 64.112854
-158.31299 -110.661316 62.330627
-157.2174 -109.5871 63.520813
-157.48291 -108.255005 64.56299
-158.25958 -108.87451 63.819885
-155.99823 -109.54895 63.072205
-156.28052 -108.66089 65.59906
-155.53284 -109.08508 64.852905
-155.0827 -109.37195 63.365173
-155.43518 -110.86426 63.80768
-154.01611 -109.339905 62.61902
-155.06287 -108.62579 65.15045
-152.81372 -109.74426 64.25018
-153.75519 -110.66284 63.658142
-153.7262 -109.62219 65.145874
-151.76392 -110.15625 63.80005
-151.76392 -110.15625 63.80005
-150.85754 -110.27527 64.39209
-151.44043 -109.55353 64.09912
-151.86157 -108.52814 63.35907
-151.86157 -108.52814 63.35907
-151.86157 -108.52814 63.35907
-149.88098 -108.31604 64.54315
-149.1623 -109.62982 63.79547
-149.93896 -110.09827 64.5401
-149.81537 -110.98328 64.834595
-148.91052 -111.405945 62.306213
-148.26202 -109.89685 64.83307
-148.12927 -110.6369 63.493347
-147.54486 -111.21063 64.82849
-148.13232 -110.63385 64.534
-148.27728 -110.49194 63.64441
-146.63544 -111.32965 64.530945
-148.29407 -110.9375 64.38446
-148.27728 -110.49347 63.346863
-147.5174 -110.469055 63.641357
-148.02399 -111.96747 64.82849
-145.41779 -111.44562 62.59308
-146.66138 -112.37488 62.29706
-147.29309 -112.986755 63.339233
-147.38312 -111.058044 63.78784
-147.26715 -112.246704 62.597656
-147.09015 -111.34491 63.78784
-147.3877 -111.05499 66.01715
-148.3139 -111.53259 64.382935
-148.33374 -112.275696 63.641357
-149.87946 -113.064575 63.642883
-148.94714 -112.44354 64.234924
-148.94714 -112.44354 64.234924
-148.0072 -111.52344 63.63983
-149.29199 -113.79242 62.301636
-148.3017 -111.23657 63.345337
-149.20654 -111.11603 63.050842
-148.30933 -111.53412 62.898254
-149.55292 -112.464905 62.304688
-147.66083 -110.328674 62.00714
-149.19586 -110.668945 63.79242
-149.22028 -111.41205 64.237976
-149.7818 -109.94568 64.09302
-149.28894 -108.89435 62.60681
-148.98682 -108.88214 63.64746
-147.49908 -109.87549 63.641357
-146.74377 -110.15015 62.599182
-147.53113 -110.91614 63.342285
-150.2472 -110.409546 62.013245
-148.19336 -112.71973 62.30011
-149.19434 -110.67047 63.4964
-148.25592 -109.90143 62.158203
-147.96753 -110.183716 64.83154
-149.97406 -111.44104 61.566162
-148.42987 -110.64758 62.304688
-148.58246 -110.502625 63.64441
-148.90442 -111.10535 63.79242
-147.65472 -110.0296 63.494873
-147.0993 -111.642456 64.23187
-149.24927 -112.45422 63.04779
-148.42987 -110.64758 62.304688
-147.59369 -112.99744 61.853027
-149.5102 -111.12671 62.010193
-148.88763 -110.661316 63.050842
-147.49908 -109.877014 63.34381
-147.01996 -109.26819 63.049316
-149.0036 -109.480286 62.60681
-148.12775 -110.6369 63.04779
-148.2544 -109.90143 61.860657
-146.7331 -109.854126 62.153625
-147.65472 -110.0296 63.494873
-146.28143 -109.9884 62.30011
-148.26813 -110.1944 63.64441
-147.07489 -111.050415 62.301636
-147.69897 -111.364746 63.789368
-147.36633 -110.61401 62.747192
-146.7865 -111.48682 62.893677
-146.49658 -111.92322 62.893677
-147.6532 -110.0296 63.049316
-147.09015 -111.34491 63.78784
-146.6095 -110.58807 63.786316
-146.80786 -112.231445 62.150574
-146.64001 -111.63025 63.043213
-144.50836 -111.56464 62.29248
-146.49353 -111.92474 61.853027
-146.23413 -113.25226 62.145996
-145.47272 -113.227844 62.14447
-144.67926 -112.16583 62.591553
-146.37909 -113.11035 61.553955
-148.2193 -113.45978 63.48877
-145.75348 -112.4939 62.145996
-145.61768 -113.08594 61.254883
-145.74738 -112.194824 64.079285
-145.74738 -112.194824 64.079285
-145.78857 -113.531494 63.33313
-145.02411 -113.51013 62.142944
-145.93353 -113.38959 61.99646
-148.34137 -112.57477 62.153625
-145.71533 -111.457825 60.36377
-145.73212 -111.901855 61.40442
-144.0857 -112.59155 62.290955
-145.00732 -112.91504 62.887573
-147.15271 -113.42621 62.742615
-146.22345 -112.95471 61.849976
-145.607 -112.638855 62.294006
-144.83948 -112.31537 63.778687
-145.018 -113.212585 63.331604
-146.50574 -112.220764 62.893677
-144.90356 -114.39667 62.734985
-146.69037 -113.11493 63.783264
-143.94684 -112.879944 64.3692
-144.8822 -113.653564 63.48114
-143.83087 -114.06708 63.476562
-145.07904 -114.993286 64.367676
-144.75708 -114.5401 63.627625
-146.3028 -115.33203 62.5885
-143.80798 -113.32092 63.77411
-143.68591 -114.208984 64.07013
-145.04547 -113.95416 64.37073
-145.33234 -113.3667 65.26489
-145.6253 -113.08136 63.780212
-145.0531 -114.25171 64.07318
-145.9961 -115.17029 64.22272
-144.4458 -114.23187 64.071655
-144.4458 -114.23187 64.071655
-144.75403 -114.2395 65.85541
-142.81006 -115.36713 63.768005
-142.93365 -114.48059 64.81171
-143.83545 -114.064026 65.25879
-144.43817 -113.9328 64.816284
-144.1391 -114.07318 64.51874
-145.81909 -114.271545 65.85693
-144.45801 -114.52789 65.112305
-143.85071 -114.65912 64.21814
-144.59381 -114.08844 63.77411
-144.02008 -115.25726 63.623047
-144.45648 -114.52789 64.81476
-145.51392 -114.263916 65.11536
-144.63043 -115.12604 65.25879
-144.50073 -115.86304 65.10925
-145.39948 -115.44647 64.96582
-145.99915 -115.16876 64.96735
-146.31042 -115.32593 65.85693
-146.50421 -116.81976 63.77411
-146.6034 -115.03906 65.11688
-146.48438 -116.2262 64.22119
-146.87347 -114.009094 65.119934
-146.76971 -115.4892 65.26489
-146.77887 -115.78674 64.96887
-147.258 -116.545105 64.523315
-146.45386 -115.18402 64.52179
-148.48022 -116.73279 64.375305
-148.555 -114.50958 63.043213
-148.23608 -113.75275 65.71655
-149.09973 -112.298584 65.12909
-146.69952 -113.41095 64.227295
-146.55304 -113.55438 64.375305
-149.47205 -114.38599 65.57007
-146.87042 -114.01062 64.079285
-149.3164 -114.23187 66.46271
-149.94965 -115.14435 64.37988
-147.18475 -114.16626 65.7135
-147.63489 -114.035034 64.37683
-149.62006 -114.24255 65.719604
-148.68774 -113.61847 65.57007
-148.12164 -115.08789 63.633728
-149.01581 -114.52179 64.530945
-149.59106 -113.50098 63.789368
-149.59106 -113.50098 63.789368
-149.59106 -113.50098 63.789368
-148.73352 -115.1062 64.82391
-149.1745 -114.67743 64.37988
-149.04022 -115.26489 64.52942
-149.91608 -114.105225 64.382935
-148.67554 -113.323975 64.826965
-148.56415 -114.80713 63.043213
-147.4472 -113.14087 62.74414
-148.63281 -111.98883 64.382935
-150.177 -112.62665 65.57617
-148.19794 -112.716675 64.23187
-148.53363 -113.76648 63.490295
-147.36328 -115.06348 64.82086
-147.42737 -112.394714 64.52942
-150.37537 -114.27002 64.234924
-148.93951 -112.14447 64.53552
-148.20099 -112.71515 65.27252
-148.20099 -112.71515 65.27252
-149.88098 -113.064575 64.08844
-149.11957 -113.04321 63.34381
-149.25232 -112.4527 63.789368
-149.59106 -113.50098 64.234924
-150.04425 -113.51776 63.493347
-148.55042 -114.21051 64.52942
-149.27673 -113.1958 64.234924
-150.0351 -113.22174 63.494873
-148.97156 -113.186646 64.234924
-150.37384 -114.271545 63.493347
-150.80719 -113.53912 64.237976
-150.96436 -113.69171 64.089966
-151.30463 -114.74457 64.38446
-151.45874 -114.897156 63.79242
-151.50604 -116.38336 63.789368
-152.26593 -116.407776 63.494873
-153.31268 -115.693665 64.98566
-152.34985 -114.18152 64.09302
-152.10419 -116.104126 63.345337
-152.51312 -114.63318 63.497925
-152.99377 -115.39154 63.497925
-153.74146 -114.96887 63.500977
-153.30353 -115.397644 64.98566
-155.11017 -115.01007 64.24713
-155.75867 -116.21704 64.097595
-154.95453 -114.85748 64.097595
-154.35028 -114.98718 64.24408
-154.98962 -115.89661 64.39209
-154.37317 -115.730286 63.500977
-154.80957 -114.99939 64.54468
-154.80957 -114.99939 64.54468
-155.25055 -114.57062 64.09912
-155.14679 -116.04767 65.286255
-155.73425 -115.3244 65.13977
-155.13916 -115.7486 66.02936
-153.95355 -116.60156 66.61987
-155.16815 -116.79382 64.24408
-155.29633 -115.90576 65.138245
-155.92041 -116.519165 64.54468
-154.90265 -117.822266 64.98566
-154.23889 -116.16974 64.38904
-155.3421 -117.23938 66.6214
-155.33752 -117.24243 64.83765
-156.73828 -118.17627 65.28473
-155.76172 -116.215515 65.138245
-155.22308 -118.57605 63.49945
-157.17621 -117.744446 64.842224
-156.53534 -116.685486 64.842224
-157.70264 -115.08942 65.293884
-156.04553 -115.6311 64.842224
-157.7179 -115.53497 64.99634
-156.6864 -116.54205 65.73334
-157.42188 -115.82184 65.29236
-156.81152 -115.652466 66.33148
-156.79779 -115.35797 64.845276
-157.43103 -116.119385 65.29236
-157.35931 -113.73749 67.22717
-156.7688 -114.315796 66.33453
-158.461 -115.11383 64.55383
-158.42133 -113.77411 66.04004
-158.42133 -113.77411 66.04004
-158.74939 -114.52942 65.296936
-160.52856 -113.09967 65.75012
-159.67712 -115.00244 65.59601
-159.35059 -114.39972 64.85443
-159.79309 -113.81531 66.4917
-159.93042 -113.37433 66.34369
-158.90503 -114.68201 65.148926
-159.61304 -112.91962 66.63971
-160.25848 -114.12811 65.74707
-161.16638 -114.00604 66.345215
-160.7254 -114.43939 66.34369
-161.26862 -112.52899 65.0116
-159.73663 -112.03308 66.49475
-161.26862 -112.52899 65.30762
-162.31995 -112.117004 65.01465
-160.82306 -112.81128 66.04767
-159.9289 -113.375854 65.600586
-160.20508 -112.4939 66.04767
-161.14655 -113.414 65.89966
-162.07275 -113.88855 66.049194
-161.7752 -114.02588 66.34674
-162.46796 -111.972046 65.608215
-162.37946 -113.89618 66.4978
-161.59515 -113.131714 66.05072
-163.39874 -112.59613 65.0177
-162.64801 -112.86926 65.30914
-162.51373 -113.45825 65.16113
-162.24976 -114.48517 67.38739
-162.18414 -112.70752 64.86511
-161.7218 -112.394714 65.90271
-161.7218 -112.394714 65.90271
-162.32452 -112.11395 66.796875
-162.64343 -112.568665 66.796875
-163.5498 -112.449646 66.35437
-163.26294 -113.03558 65.608215
-162.46948 -111.97052 66.648865
-161.52802 -111.050415 65.756226
-163.24463 -112.44049 66.352844
-162.33826 -112.55951 66.796875
-162.0102 -111.805725 67.24243
-162.64954 -112.86774 66.052246
-162.68158 -113.90839 65.0116
-162.94861 -112.727356 66.352844
-161.31439 -113.86261 66.49475
-161.70349 -111.64856 67.39044
-162.31232 -111.81793 65.75775
-162.91504 -111.68823 65.61127
-162.40997 -110.34088 63.679504
-162.15668 -111.66382 66.65039
-163.38806 -112.14752 66.50391
-162.11243 -110.328674 65.90729
-162.854 -109.90753 64.871216
-162.43591 -110.92987 66.35437
-161.7218 -112.394714 65.90271
-162.5885 -111.087036 64.271545
-161.55243 -111.79352 65.756226
-160.51636 -112.80365 65.304565
-163.16376 -109.91516 66.35742
-162.89215 -110.9436 66.65344
-163.18512 -110.65979 65.16724
-162.46033 -111.67297 66.65039
-162.46033 -111.67297 66.65039
-163.06915 -111.54175 67.99011
-163.91144 -109.643555 65.171814
-162.13226 -110.920715 66.35437
-161.68976 -111.35254 66.648865
-161.60431 -108.83026 64.86969
-162.39166 -109.59473 65.90881
-162.55798 -110.04639 65.31525
-163.16681 -109.913635 67.396545
-162.61902 -111.82556 66.50238
-163.1485 -109.62219 64.12811
-163.92212 -109.939575 65.61737
-162.08801 -109.58557 65.90881
-163.04016 -110.80322 65.7608
-161.04736 -110.295105 65.904236
-164.21509 -109.65271 64.87427
-162.42676 -110.632324 66.35437
-162.99591 -109.46808 65.02075
-163.04779 -111.10077 65.0177
-161.69586 -111.65466 64.41803
-161.36017 -110.60028 65.904236
-160.78033 -111.47308 65.753174
-161.22131 -111.042786 65.30914
-161.48834 -109.71222 67.24548
-161.48834 -109.71222 67.24548
-161.48834 -109.71222 67.24548
-162.88757 -110.946655 64.86969
-160.67657 -112.95471 65.89813
-162.4588 -111.6745 65.90576
-161.54327 -111.494446 66.500854
-161.48224 -109.7168 64.57214
-159.26056 -111.57837 64.41193
-160.15472 -111.00922 64.564514
-161.96442 -110.47211 65.75775
-159.906 -112.63275 66.345215
-159.42383 -111.72638 66.79077
-158.3313 -110.95123 66.04462
-158.81653 -111.857605 65.89508
-158.98743 -112.45422 66.4917
-158.65936 -111.70502 65.30304
-158.23822 -112.88147 64.40582
-157.28302 -111.361694 66.786194
-158.96149 -111.71417 65.30304
-155.0415 -112.628174 66.77704
-156.86035 -112.690735 63.809204
-155.94788 -112.51068 65.88745
-156.56891 -112.979126 63.80768
-154.59137 -112.76245 66.329956
-155.52826 -113.68561 65.28931
-154.09088 -111.413574 65.58838
-152.77863 -113.15155 66.32538
-152.4414 -112.25281 65.28473
-152.9419 -113.60321 66.026306
-152.32086 -113.13782 65.58075
-151.82037 -111.787415 65.72876
-151.53656 -112.371826 66.32385
-150.98572 -114.13422 66.319275
-150.0534 -113.51013 67.20734
-150.15717 -112.03308 65.5777
-149.1272 -113.03711 66.31622
-148.58551 -115.24963 64.97345
-149.4751 -114.38446 67.056274
-149.4751 -114.38446 67.056274
-147.36633 -115.06195 65.563965
-146.46912 -115.47699 66.74957
-146.59119 -114.59198 66.604614
-146.31042 -115.32593 65.56091
-146.90857 -115.04669 65.56244
-145.86029 -115.30609 68.5318
-142.82837 -115.65857 67.48352
-143.63708 -117.16919 67.9306
-143.45398 -116.275024 66.59241
-143.52264 -118.35327 67.778015
-144.87305 -117.64984 69.2688
-142.27142 -117.274475 67.32941
-142.1341 -117.71393 67.47742
-140.76385 -117.6712 67.17682
-140.30762 -117.65747 67.17529
-139.88037 -118.53485 68.06488
-140.5014 -118.85071 68.51196
-140.36865 -119.43817 68.95599
-140.97137 -119.31152 68.80798
-139.89258 -118.8324 68.80646
-139.5752 -118.37616 69.403076
-139.46075 -119.55719 69.252014
-139.03198 -120.43457 68.951416
-139.1571 -119.54651 69.99359
-139.05792 -121.1792 69.39697
-136.7569 -120.35828 71.62018
-137.6709 -120.53833 70.73059
-136.44714 -120.3537 69.392395
-136.88965 -119.77081 71.473694
-137.37793 -120.82672 71.02814
-137.37793 -120.82672 71.02814
-136.95679 -121.850586 71.46912
-136.64093 -121.543884 71.025085
-136.94458 -121.55304 70.72601
-136.99188 -122.88818 72.50824
-135.62012 -122.84851 71.46454
-135.48126 -123.13843 72.6532
-135.97565 -124.34082 72.950745
-134.9289 -124.90082 72.94617
-135.6903 -124.923706 72.94769
-133.70361 -124.71619 71.902466
-133.5144 -123.52295 72.499084
-134.6466 -125.63782 72.19849
-134.64355 -125.33569 74.42932
-135.13641 -126.53961 73.83423
-133.28094 -125.44098 75.6134
-133.59222 -125.90027 72.94159
-133.18634 -127.368164 73.976135
-132.85828 -126.615906 73.976135
-132.41272 -126.89819 74.720764
-133.62885 -126.93787 73.97919
-132.13348 -127.63214 74.71771
-132.72095 -127.056885 74.124146
-132.87201 -126.9104 75.46234
-131.38428 -127.90375 75.90332
-131.5628 -128.80096 74.861145
-132.33185 -129.1214 74.565125
-130.6488 -128.62091 75.45471
-129.74701 -129.04053 74.85657
-132.38983 -130.90363 75.305176
-132.2052 -129.70581 76.94092
-131.62994 -130.87921 75.59967
-131.19965 -131.456 77.3819
-131.16455 -130.41687 76.93787
-131.00586 -130.11322 77.830505
-131.05011 -131.60095 76.786804
-131.6452 -131.17218 78.27606
-131.17828 -130.71136 78.86963
-130.46265 -132.02057 79.9057
-130.80292 -133.07037 80.35126
-128.8086 -132.5653 80.04913
-130.18799 -133.05511 78.41797
-130.18951 -133.05359 79.1626
-131.28357 -133.82874 80.34973
-131.31409 -134.86938 79.60663
-130.52368 -133.8028 81.092834
-130.70831 -134.99756 80.04913
-130.68848 -134.25293 80.79376
-131.22864 -136.79199 81.53381
-129.5227 -135.85052 80.340576
-131.32172 -134.8648 82.57904
-130.91888 -136.63483 81.08978
-130.42145 -135.28137 82.27844
-131.34613 -135.60791 82.577515
-129.66003 -135.26001 81.97937
-130.7602 -136.32965 83.02002
-132.12128 -136.22589 81.83441
-130.80292 -137.81891 81.233215
-128.82996 -137.90741 81.08063
-131.3736 -136.65009 80.644226
-131.83899 -136.80878 82.724
-131.83899 -136.80878 82.724
-130.04303 -137.79602 81.23169
-129.8523 -136.60278 80.641174
-129.67987 -136.00464 80.789185
-130.75562 -136.3327 81.23627
-131.8039 -135.77118 81.98395
-131.20422 -136.05042 81.53534
-131.40411 -137.5412 81.38428
-131.68945 -136.95526 81.83136
-130.61676 -136.62415 82.12891
-130.90057 -136.1908 79.8996
-130.31921 -136.91254 81.82831
-131.73218 -138.29193 81.38428
-130.73425 -135.73914 80.49469
-129.85077 -136.60431 79.896545
-131.78406 -135.32867 79.75464
-132.2876 -136.82861 80.05066
-130.43365 -135.72845 81.53534
-129.85535 -136.60126 81.38275
-131.19507 -135.75287 81.536865
-130.94482 -137.52899 80.34363
-132.43866 -136.68365 80.64728
-130.32379 -137.21313 79.600525
-131.22406 -136.79504 80.04761
-130.00336 -136.75995 78.55835
-129.6875 -136.30219 79.748535
-129.78668 -134.52301 81.08978
-132.26166 -136.08856 79.011536
-130.91278 -136.63788 78.86047
-129.83704 -136.15875 80.3421
-131.19049 -135.75592 79.75311
-131.19049 -135.75592 79.75311
-131.19049 -135.75592 79.75311
-131.19049 -135.75592 79.75311
-131.19049 -135.75592 79.75311
-129.64172 -134.96704 79.304504
-131.15692 -134.7168 80.052185
-130.59692 -136.18164 80.34363
-130.28412 -135.87341 81.08826
-129.34875 -135.2539 79.30298
-129.95605 -135.27527 78.5614
-131.44684 -134.27887 79.756165
-132.08618 -135.1883 80.6488
-129.51202 -135.5545 79.896545
-129.97284 -135.71777 80.04761
-131.64978 -135.91919 79.159546
-130.40771 -134.98688 80.79224
-131.47583 -135.32257 78.26843
-131.22253 -136.79657 79.304504
-130.88226 -135.59723 79.6051
-130.88837 -135.89478 78.86047
-130.25513 -135.13641 78.41339
-129.5105 -135.55603 79.15497
-130.8548 -134.85718 78.41644
-129.69666 -136.7508 77.81525
-131.61469 -134.88007 78.86505
-131.6391 -135.6247 78.41644
-131.30188 -134.57489 78.41644
-129.94537 -134.97772 78.5614
-131.75964 -134.73816 78.26996
-129.776 -134.52911 76.927185
-133.29163 -135.08148 78.57056
-130.52216 -134.10797 76.63269
-131.13556 -134.27429 77.07825
-131.11725 -133.68073 77.526855
-131.29425 -134.57947 75.89111
-129.75922 -134.08661 75.88806
-131.40411 -133.24585 76.042175
-130.33905 -133.21228 76.03912
-131.3858 -132.65228 76.0437
-131.21338 -132.05261 75.89569
-131.27136 -133.83636 75.44556
-130.21545 -134.09882 76.18713
-130.45044 -132.0282 75.15106
-131.50635 -131.76575 75.15411
-131.2439 -133.09479 74.705505
-133.09784 -133.8913 76.19476
-131.94122 -131.03485 76.197815
-131.94885 -131.48651 73.22388
-131.93817 -131.03638 75.157166
-133.43353 -130.19409 75.605774
-131.90308 -130.0003 73.968506
-132.22046 -130.45654 73.67096
-131.46057 -130.43213 73.96698
-133.12073 -130.18799 73.080444
-132.01294 -128.81927 73.07892
-132.0221 -129.1153 73.07892
-131.9809 -127.778625 73.37952
-133.37402 -128.56293 73.38104
-131.29578 -130.13153 73.07587
-131.21948 -127.75574 73.080444
-131.07147 -127.89917 72.483826
-132.73926 -127.804565 71.59729
-132.73926 -127.804565 71.59729
-130.88837 -127.00348 71.59271
-132.11517 -127.3407 71.447754
-131.0669 -127.6001 73.97003
-131.52313 -127.76489 73.080444
-130.09338 -125.93994 71.59424
-130.87921 -126.70593 71.891785
-131.98547 -128.0777 71.891785
-131.97937 -127.78015 72.63641
-133.01697 -127.06909 71.598816
-131.30646 -125.83008 71.746826
-131.33087 -126.57318 71.447754
-129.62036 -125.33264 72.335815
-131.03638 -126.86157 71.44623
-132.04651 -125.260925 70.70618
-131.75354 -125.546265 71.74835
-129.89044 -124.45068 70.703125
-130.39246 -125.95215 70.10803
-131.44379 -125.3891 71.89484
-132.35321 -125.27008 71.45233
-131.91528 -126.00098 70.41016
-133.2779 -125.74463 71.15631
-131.41937 -124.64447 71.598816
-130.07965 -125.64545 70.10803
-131.01349 -126.26953 69.96002
-132.0221 -124.51935 70.262146
-130.94482 -124.18976 69.51904
-130.06439 -125.050354 71.15021
-132.09381 -126.89972 68.77289
-130.86395 -126.41449 69.366455
-131.71387 -124.51019 69.52057
-131.71387 -124.51019 69.52057
-131.24695 -124.20044 68.77594
-131.9992 -123.776245 70.26367
-130.49011 -124.17297 69.9646
-131.12488 -125.086975 69.37103
-130.82886 -125.37689 68.62335
-131.07147 -123.30017 70.86029
-132.14569 -123.63281 70.41321
-131.28815 -125.23651 71.44928
-131.22406 -123.45734 69.52057
-130.44281 -122.68829 69.966125
-129.11835 -124.131775 69.514465
-130.92346 -123.446655 70.26062
-131.4148 -124.64752 70.11261
-130.31769 -123.576355 69.66553
-132.00226 -123.77472 71.45386
-130.75562 -122.99652 70.114136
-129.6051 -125.03967 69.662476
-131.84357 -123.620605 71.60187
-131.9992 -123.77472 70.70923
-131.35376 -122.5647 71.60187
-132.30286 -123.783875 70.710754
-131.25916 -124.494934 69.9646
-131.09589 -124.043274 70.858765
-130.9021 -122.70203 71.006775
-129.53644 -122.9599 69.36951
-131.06842 -123.3017 70.11566
-130.1712 -123.71826 69.96307
-130.78918 -124.03717 69.66705
-128.66211 -124.11804 69.21692
-130.91888 -123.44971 68.774414
-132.14417 -123.63281 70.11566
-130.43518 -122.39075 70.26367
-130.8899 -122.406006 69.96765
-131.21796 -123.158264 70.26367
-131.85577 -124.06769 71.15631
-130.96466 -124.783325 69.21997
-130.44434 -122.68829 70.262146
-131.43158 -125.094604 70.41016
-131.36292 -123.01636 69.670105
-131.09589 -124.043274 70.858765
-132.01599 -124.220276 71.45386
-130.49164 -124.17297 70.26062
-132.01294 -124.220276 70.70923
-132.14417 -123.63281 70.11566
-131.37512 -123.309326 71.15631
-131.23016 -123.45276 71.74988
-129.56085 -123.550415 70.85419
-129.57764 -124.29657 68.91937
-132.92694 -124.40033 69.67163
-130.48859 -124.1745 69.51904
-131.21948 -123.15674 71.0083
-130.47638 -123.72742 69.9646
-130.34363 -124.31641 71.15021
-129.58984 -124.59259 69.662476
-130.24292 -125.79651 72.187805
-129.93317 -125.78888 70.7016
-130.97076 -124.77875 71.746826
-129.88586 -124.150085 72.48993
-129.32129 -125.62103 71.147156
-131.03485 -126.86157 71.00067
-131.03485 -126.86157 71.00067
-131.39954 -128.65143 72.18628
-134.58862 -128.6026 71.89789
-135.51178 -129.0802 70.26367
-134.30939 -129.48761 70.26062
-134.30023 -129.03748 72.491455
-135.69489 -129.97437 71.154785
-135.69489 -129.97437 71.154785
-135.69489 -129.97437 71.154785
-133.16345 -131.67572 71.14563
-134.6695 -131.28052 70.10956
-136.03363 -131.02417 71.89636
-136.78894 -130.74799 72.64252
-136.09161 -128.05939 71.45691
-134.00574 -129.47693 71.00372
-134.01031 -129.47388 72.935486
-133.97522 -128.43628 72.19238
-134.00879 -129.47388 72.48993
-135.72235 -130.71594 72.34192
-136.15875 -130.13916 71.45386
-134.14154 -128.88641 71.59729
-133.844 -129.17633 70.40863
-133.70361 -129.46625 71.746826
-133.07495 -128.85284 71.595764
-135.53772 -129.81873 71.74988
-134.62677 -129.63867 73.38257
-133.85773 -129.62189 70.40863
-133.72345 -130.06287 71.447754
-135.65369 -128.63617 71.90094
-134.05151 -130.8136 72.187805
-134.77783 -129.79736 71.44928
-133.68683 -129.02374 70.259094
-133.68683 -129.02374 70.259094
-135.10437 -130.55115 71.00525
-133.84247 -128.8742 73.38104
-134.3216 -129.7821 71.44928
-134.93652 -129.94995 72.34192
-134.65576 -130.68237 71.595764
-134.18579 -130.22308 72.33887
-132.78046 -129.14124 71.14868
-134.36584 -131.11725 72.4884
-132.50275 -130.02472 70.70007
-135.09216 -130.10559 71.450806
-134.93652 -129.94995 72.34192
-134.7702 -129.49982 72.19238
-134.01794 -129.7699 72.4884
-134.35669 -130.82123 72.4884
-134.60388 -128.8971 73.38257
-135.5484 -130.11932 71.45233
-135.26611 -130.70068 73.083496
-134.20258 -130.66559 73.37799
-134.198 -130.66864 71.891785
-135.23865 -129.9591 71.598816
-134.9701 -130.9906 72.34039
-135.08301 -129.805 72.19238
-135.99854 -129.98505 71.154785
-134.76868 -129.49982 71.74835
-135.54535 -130.11932 70.7077
-135.07385 -129.50745 72.49298
