53
77
94
111
130
150
169
189
208
227
247
266
285
306
325
343
363
382
401
421
441
460
479
498
517
537
556
576
595
614
634
653
673
692
711
730
750
769
789
808
827
846
866
885
904
925
944
964
983
1001
1022
1042
1060
1081
1099
1118
1138
1161
1179
1200
1219
1239
1260
1280
1299
1318
1338
1359
1382
1399
1418
1438
1460
1480
1500
1518
1539
1560
1580
1598
1618
1638
1658
1679
1698
1717
1737
1756
1775
1797
1815
1834
1854
1872
1891
1912
1932
1950
1969
1988
2007
2028
2047
2067
2085
2104
2128
2144
2163
2182
2201
2220
2239
2259
2280
2298
2317
2336
2356
2375
2395
2415
2434
2452
2472
2491
2511
2531
2549
2569
2588
2607
2626
2647
2666
2686
2704
2723
2743
2762
2782
2802
2820
2839
2859
2878
2899
2917
2937
2957
2978
2998
3018
3037
3058
3077
3098
3118
3138
3158
3178
3198
3218
3237
3257
3277
3298
3317
3337
3357
3377
3397
3418
3437
3457
3478
3497
3517
3537
3555
3575
3595
3614
3635
3653
3672
3691
3710
3729
3749
3768
3787
3807
3826
3845
3865
3884
3904
3923
3942
3961
3981
4001
4020
4040
4058
4077
4097
4117
4136
4155
4176
4194
4213
4232
4253
4272
4290
4310
4329
4350
4369
4388
4408
4426
4445
4465
4484
4504
4525
4542
4561
4580
4600
4620
4639
4660
4677
4697
4717
4740
4760
4778
4796
4817
4838
4857
4877
4897
4917
4936
4957
4977
4998
5017
5036
5059
5078
5096
5116
5136
5158
5176
5196
5216
5236
5256
5276
5296
5316
5335
5354
5374
5394
5413
5432
5460
5471
5490
5509
5528
5549
5567
5588
5607
5626
5645
5664
5683
5703
5722
5742
5761
5780
5801
5819
5838
5858
5878
5898
5916
5935
5954
5974
5993
6012
6032
6051
6070
6090
6110
6129
6150
6167
6186
6206
6227
6246
6266
6283
6303
6322
6341
6361
6380
6400
6418
6438
6457
6477
6496
6516
6535
6555
6575
6596
6615
6635
6656
6676
6696
6715
6736
6755
6775
6796
6815
6835
6855
6875
6895
6915
6935
6956
6975
6996
7016
7035
7056
7075
7097
7116
7134
7154
7173
7193
7214
7232
7251
7270
7290
7309
7328
7348
7367
7386
7406
7427
7444
7466
7483
7502
7521
7541
7561
7580
7599
7619
7637
7657
7681
7695
7716
7736
7754
7773
7794
7816
7838
7851
7870
7889
7909
7928
7948
7967
7986
8005
8025
8044
8063
8083
8102
8121
8141
8160
8179
8200
8218
8237
8257
8276
8295
8316
8335
8354
8374
8394
8414
8435
8455
8475
8494
8514
8535
8556
8574
8594
8614
8635
8655
8674
8694
8715
8735
8755
8774
8795
8814
8835
8854
8874
8894
8914
8936
8954
8973
8992
9011
9030
9050
9069
9089
9108
9127
9147
9166
9186
9205
9225
9244
9263
9282
9303
9321
9342
9359
9379
9398
9418
9438
9456
9478
9495
9514
9534
9555
9575
9592
9611
9630
9650
9673
9690
9708
9727
9746
9766
9785
9805
9826
9844
9863
9882
9902
9922
9943
9960
9978
9998
10017
10037
10056
10075
10095
10115
10134
10153
10175
10194
10213
10234
10254
10274
10296
10314
10334
10354
10374
10393
10414
10434
10454
10476
10495
10513
10534
10554
10576
10594
10615
10634
10654
10676
10696
10714
10734
10752
10772
10794
10812
10830
10849
10869
10888
10910
10927
10946
10965
10985
11012
11024
11046
11063
11081
11101
11122
11139
11162
11180
11197
11217
11236
11255
11276
11295
11315
11334
11352
11372
11391
11411
11429
11449
11468
11488
11508
11527
11546
11567
11585
11604
11623
11644
11662
11681
11700
11720
11739
11759
11778
11797
11818
11836
11855
11874
11895
11914
11934
11953
11972
11993
12019
12033
12053
12072
12093
12124
12134
12154
12173
12193
12214
12233
12253
12273
12293
12314
12332
12352
12373
12392
12416
12434
12455
12472
12492
12515
12533
12553
12571
12590
12610
12633
12649
12670
12688
12707
12726
12745
12767
12784
12803
12823
12842
12861
12883
12900
12920
12939
12958
12977
12997
13016
13036
13055
13074
13094
13113
13139
13155
13171
13191
13210
13229
13250
13268
13287
13306
13326
13345
13364
13384
13403
13422
13442
13461
13485
13502
13521
13540
13558
13577
13597
13617
13636
13655
13675
13694
13713
13732
13753
13771
13792
13811
13832
13854
13872
13892
13911
13931
13952
13972
13991
14011
14031
14052
14072
14092
14111
14131
14154
14172
14191
14211
14233
14253
14271
14291
14311
14331
14353
14371
14390
14410
14429
14448
14467
14488
14506
14525
14545
14565
14583
14603
14623
14642
14661
14680
14699
14719
14740
14758
14777
14796
14815
14835
14856
14876
14895
14912
14931
14951
14971
14993
15010
15028
15048
15067
15087
15108
15126
15145
15164
15183
15204
15227
15242
15261
15280
15299
15318
15338
15358
15377
15396
15416
15435
15460
15475
15494
15515
15532
15552
15571
15592
15612
15630
15650
15671
15692
15712
15731
15751
15771
15792
15811
15830
15851
15871
15892
15910
15930
15951
15970
15991
16010
16030
16050
16070
16091
16111
16130
16150
16170
16189
16210
16228
16247
16267
16286
16305
16325
16345
16364
16383
16402
16421
16441
16467
16480
16499
16518
16538
16557
16577
16596
16617
16636
16653
16673
16693
16713
16734
16751
16770
16789
16811
16831
16850
16871
16886
16906
16925
16945
16964
16986
17003
17021
17041
17060
17080
17099
17120
17140
17157
17176
17199
17216
17234
17254
17274
17292
17312
17332
17350
17370
17390
17409
17430
17450
17469
17490
17510
17530
17552
17570
17590
17610
17629
17652
17669
17690
17710
17729
17753
17770
17790
17809
17829
17851
17869
17889
17909
17929
17950
17970
17989
18008
18027
18047
18070
18086
18105
18124
18144
18163
18185
18205
18223
18242
18261
18279
18298
18320
18337
18356
18376
18395
18416
18437
18460
18477
18492
18512
18531
18553
18571
18593
18608
18627
18646
18666
18688
18707
18724
18743
18763
18782
18806
18821
18840
18861
18881
18898
18918
18937
18957
18978
18995
19014
19034
19054
19072
19095
19111
19131
19150
19174
19189
19209
19229
19249
19270
19288
19308
19328
19348
19368
19388
19409
19429
19448
19469
19488
19509
19529
19549
19569
19590
19608
19629
19648
19668
19688
19709
19729
19750
19768
19789
19810
19826
19846
19865
19884
19908
19925
19943
19962
19981
20002
20020
20040
20059
20078
20098
20117
20136
20156
20175
20194
20213
20233
20253
20272
20291
20310
20329
20349
20368
20388
20408
20426
20446
20465
20484
20504
20524
20543
20562
20581
20600
20620
20639
20658
20679
20698
20717
20736
20755
20777
20794
20813
20833
20852
20871
20891
20914
20930
20949
20968
20988
21014
21028
21048
21067
21088
21107
21128
21147
21168
21187
21207
21228
21247
21267
21287
21307
21328
21347
21367
21387
21408
21428
21448
21468
21488
21507
21527
21547
21567
21587
21607
21626
21646
21665
21684
21703
21723
21742
21765
21781
21802
21819
21839
21858
21880
21897
21916
21935
21955
21974
21994
22014
22033
22052
22071
22090
22110
22130
22148
22167
22187
22206
22226
22245
22266
22284
22303
22322
22342
22361
22382
22400
22419
22439
22458
22478
22502
22517
22535
22555
22574
22593
22617
22635
22655
22671
22691
22709
22729
22749
22770
22788
22807
22827
22847
22867
22887
22908
22927
22947
22968
22988
23007
23029
23047
23067
23087
23106
23128
23147
23167
23186
23206
23230
23246
23266
23286
23306
23326
23347
23368
23387
23406
23425
23447
23464
23484
23503
23522
23541
23560
23580
23599
23619
23638
23657
23677
23696
23715
23735
23754
23774
23793
23812
23831
23853
23872
23890
23909
23928
23947
23967
23987
24006
24025
24044
24064
24083
24105
24122
24141
24161
24180
24199
24219
24238
24257
24277
24296
24315
24342
24357
24374
24393
24412
24431
24451
24471
24491
24509
24528
24547
24566
24586
24606
24626
24646
24667
24686
24707
24726
24746
24766
24786
24806
24826
24845
24866
24885
24907
24925
24946
24966
24985
25006
25025
25045
25066
25085
25106
25125
25146
25166
25188
25206
25225
25244
25263
25283
25302
25321
25341
25360
25379
25399
25418
25437
25458
25477
25495
25515
25534
25554
25573
25593
25612
25631
25650
25670
25689
25709
25729
25747
25768
25785
25805
25826
25847
25863
25882
25902
25921
25940
25962
25979
25999
26018
26037
26056
26077
26097
26115
26134
26154
26173
26194
26213
26231
26250
26269
