95
107
128
147
167
188
207
227
247
267
287
307
327
347
367
387
407
427
447
467
489
507
525
544
564
583
602
622
641
660
680
699
718
738
757
776
796
817
840
855
874
893
912
933
953
979
992
1009
1029
1048
1068
1088
1106
1125
1144
1164
1185
1204
1222
1241
1260
1280
1300
1319
1339
1357
1376
1398
1416
1435
1454
1473
1494
1512
1531
1552
1570
1589
1609
1629
1647
1669
1686
1706
1727
1746
1766
1787
1809
1826
1846
1866
1891
1908
1926
1946
1966
1987
2007
2027
2048
2067
2087
2106
2127
2146
2169
2187
2207
2227
2246
2269
2287
2307
2327
2344
2363
2383
2404
2424
2440
2460
2480
2499
2518
2538
2557
2576
2596
2614
2634
2654
2673
2692
2711
2731
2750
2769
2791
2810
2828
2856
2868
2892
2906
2925
2944
2964
2982
3001
3022
3040
3060
3079
3100
3118
3138
3159
3181
3197
3215
3234
3258
3277
3293
3314
3331
3350
3369
3389
3408
3428
3447
3466
3485
3506
3526
3545
3565
3585
3605
3626
3647
3666
3686
3705
3726
3746
3766
3785
3805
3830
3846
3866
3886
3910
3926
3945
3966
3986
4005
4026
4048
4066
4085
4104
4126
4149
4163
4182
4201
4220
4240
4259
4279
4298
4317
4336
4356
4376
4395
4414
4433
4452
4472
4492
4511
4530
4550
4569
4588
4607
4628
4646
4665
4685
4704
4728
4745
4763
4782
4801
4820
4841
4861
4880
4899
4917
4936
4956
4975
4996
5015
5034
5053
5072
5091
5112
5132
5150
5170
5188
5207
5226
5247
5265
5285
5305
5324
5346
5364
5384
5404
5424
5445
5464
5484
5504
5525
5547
5564
5584
5604
5624
5645
5665
5684
5704
5724
5744
5765
5785
5804
5824
5844
5865
5885
5905
5926
5945
5962
5981
6000
6021
6039
6059
6078
6100
6118
6136
6156
6175
6194
6217
6235
6253
6272
6291
6311
6332
6353
6368
6387
6406
6426
6445
6465
6484
6503
6524
6544
6562
6582
6600
6621
6639
6658
6677
6697
6718
6736
6756
6776
6795
6813
6834
6852
6871
6891
6910
6929
6951
6968
6988
7007
7026
7045
7068
7086
7105
7124
7143
7164
7184
7203
7224
7243
7264
7284
7303
7323
7343
7363
7385
7404
7423
7443
7463
7486
7503
7523
7543
7563
7584
7603
7623
7643
7663
7685
7704
7723
7742
7761
7781
7800
7820
7841
7858
7877
7897
7916
7936
7956
7974
7994
8013
8032
8053
8073
8090
8109
8129
8148
8168
8188
8206
8226
8244
8264
8283
8303
8322
8342
8361
8380
8400
8419
8439
8458
8477
8496
8516
8535
8554
8574
8593
8612
8632
8652
8672
8692
8712
8729
8748
8767
8786
8807
8825
8845
8864
8883
8908
8924
8942
8962
8982
9002
9025
9043
9063
9083
9103
9123
9144
9163
9184
9203
9223
9243
9262
9284
9303
9323
9344
9362
9382
9402
9424
9443
9462
9482
9502
9522
9541
9560
9579
9599
9618
9637
9660
9678
9696
9715
9734
9754
9776
9793
9812
9831
9850
9870
9892
9913
9928
9947
9967
9986
10005
10027
10046
10064
10082
10102
10122
10144
10161
10180
10199
10218
10237
10260
10298
10316
10334
10353
10373
10395
10411
10431
10451
10470
10489
10512
10530
10547
10566
10585
10604
10624
10646
10665
10683
10702
10721
10741
10763
10784
10806
10822
10841
10864
10881
10901
10921
10941
10961
10981
11001
11025
11042
11061
11083
11101
11122
11141
11161
11181
11201
11221
11241
11261
11281
11301
11321
11340
11359
11379
11399
11418
11437
11456
11476
11503
11515
11534
11553
11575
11592
11612
11631
11650
11669
11688
11708
11727
11749
11767
11786
11804
11823
11843
11863
11882
11901
11920
11940
11959
11982
11998
12019
12038
12056
12076
12096
12116
12134
12153
12172
12191
12211
12233
12250
12271
12288
12308
12328
12347
12369
12386
12404
12424
12443
12462
12483
12501
12525
12540
12560
12580
12600
12620
12640
12660
12681
12701
12720
12740
12760
12780
12801
12820
12840
12862
12880
12901
12921
12940
12961
12980
13001
13020
13040
13060
13080
13103
13120
13140
13158
13178
13197
13219
13236
13256
13275
13294
13313
13335
13356
13372
13391
13410
13429
13449
13468
13487
13507
13526
13545
13565
13585
13604
13627
13642
13661
13681
13700
13722
13739
13758
13778
13797
13817
13838
13857
13875
13894
13913
13933
13953
13974
13991
14010
14029
14049
14068
14091
14110
14127
14145
14164
14184
14205
14225
14242
14262
14281
14301
14321
14340
14360
14379
14399
14421
14441
14459
14479
14499
14519
14540
14559
14579
14599
14619
14640
14659
14679
14699
14725
14741
14760
14780
14799
14819
14841
14859
14879
14900
14919
14940
14958
14977
14996
15016
15035
15057
15075
15094
15113
15132
15152
15176
15192
15210
15229
15248
15269
15288
15308
15327
15347
15365
15384
15403
15424
15443
15462
15480
15499
15519
15542
15561
15579
15597
15616
15636
15655
15675
15693
15712
15733
15752
15771
15794
15812
15829
15848
15872
15887
15907
15927
15955
15967
15983
16006
16022
16044
16063
16080
16099
16119
16138
16162
16179
16198
16218
16238
16260
16279
16299
16319
16338
16360
16379
16399
16420
16439
16459
16480
16499
16519
16538
16561
16581
16599
16619
16639
16659
16679
16699
16720
16738
16758
16779
16796
16816
16835
16854
16874
16897
16914
16933
16951
16970
16989
17008
17029
17048
17075
17086
17105
17126
17147
17165
17183
17202
17222
17241
17264
17280
17304
17319
17338
17357
17378
17398
17416
17435
17454
17473
17493
17515
17531
17551
17570
17589
17609
17631
17650
17667
17687
17706
17724
17747
17765
17784
17803
17822
17841
17860
17881
17899
17919
17938
17958
17977
17999
18018
18037
18057
18084
18099
18118
18138
18158
18178
18200
18218
18237
18257
18277
18298
18317
18337
18358
18378
18398
18418
18438
18458
18478
18500
18518
18538
18557
18576
18596
18617
18636
18653
18673
18692
18712
18734
18755
18769
18789
18809
18827
18849
18866
18885
18906
18924
18943
18962
18982
19001
19021
19040
19060
19081
19099
19118
19140
19158
19178
19197
19215
19234
19253
19272
19292
19312
19332
19350
19370
19389
19409
19428
19447
19467
19488
19506
19525
19544
19563
19582
19602
19622
19640
19659
19679
19698
19718
19737
19758
19776
19796
19820
19839
19859
19877
19896
19917
19937
19956
19976
19996
20016
20037
20056
20077
20097
20117
20137
20157
20177
20196
20216
20237
20257
20276
20296
20316
20337
20359
20378
20395
20421
20434
20452
20472
20492
20511
20530
20549
20571
20588
20608
20628
20646
20666
20685
20704
20724
20743
20763
20781
20801
20822
20840
20858
20879
20897
20917
20938
20957
20975
20994
21013
21033
21053
21073
21093
21111
21130
21149
21168
21189
21210
21227
21246
21266
21285
21306
21324
21345
21362
21381
21400
21420
21441
21459
21480
21497
21517
21537
21557
21576
21595
21615
21636
21657
21676
21696
21716
21736
21758
21776
21797
21816
21837
21858
21878
21896
21917
21936
21958
21976
21996
22016
22036
22057
22079
22096
22116
22136
22159
22177
22195
22213
22232
22252
22271
22292
22311
22329
22349
22368
22387
22408
22428
22446
22464
22484
22503
22523
22544
22561
22580
22600
22619
22642
22659
22679
22696
22716
22736
22755
22778
22795
22813
22832
22851
22871
22893
22912
22930
22948
22968
22990
23007
23026
23052
23065
23084
23103
23122
23143
23164
23185
23201
23219
23239
23259
23285
23299
23317
23336
23356
23375
23394
23415
23436
23456
23474
23496
23514
23534
23554
23575
23595
23614
23634
23654
23674
23694
23723
23735
23758
23775
23795
23814
23835
23855
23874
23896
23915
23934
23954
23974
23996
24014
24032
24052
24071
24090
24109
24129
24148
24167
24186
24206
24226
24246
24265
24283
24303
24322
24341
24362
24380
24399
24419
24438
24457
24477
24497
24518
24536
24554
24575
24593
24614
24634
24653
24672
24691
24710
24733
24750
24770
24786
24806
24826
24848
24878
24886
24903
24922
24960
24982
24999
25018
25040
25057
25076
25098
25115
25135
25154
25173
25193
25216
25235
25253
25274
25295
25314
25333
25355
25376
25393
25414
25433
25454
25473
25494
25515
25533
25554
25573
25593
25615
25633
25655
25673
25693
25713
25737
25755
25774
25792
25811
25832
25850
25870
25889
25908
25928
25947
25967
25991
26005
26026
26044
26063
26083
26102
26121
26140
26159
26179
26199
26218
26239
26257
26276
26295
26314
26334
26357
26376
26393
26412
26431
26453
26471
26490
26508
26528
26548
26568
26586
26606
