34
61
74
94
120
130
147
168
187
207
227
246
265
285
304
324
343
362
382
401
420
440
459
479
498
517
536
556
575
594
614
633
652
672
692
718
730
749
768
789
809
828
852
867
904
923
943
964
984
1001
1020
1040
1060
1078
1098
1118
1137
1156
1176
1196
1217
1233
1254
1272
1291
1311
1331
1359
1379
1398
1410
1430
1459
1471
1487
1506
1527
1547
1567
1587
1620
1640
1659
1679
1698
1721
1737
1755
1775
1794
1814
1835
1865
1873
1891
1911
1931
1951
1977
2000
2019
2035
2054
2066
2087
2125
2146
2184
2199
2216
2229
2261
2277
2290
2297
2316
2336
2355
2376
2394
2414
2433
2453
2472
2491
2510
2529
2549
2571
2589
2626
2646
2665
2687
2705
2723
2743
2763
2789
2816
2837
2858
2868
2889
2903
2919
2936
2955
2974
2994
3013
3033
3052
3072
3096
3126
3146
3166
3186
3206
3227
3246
3267
3284
3304
3323
3342
3362
3381
3401
3420
3438
3493
3506
3516
3528
3538
3557
3596
3599
3612
3633
3651
3671
3706
3727
3745
3765
3785
3805
3825
3845
3864
3884
3903
3924
3949
3961
3980
4000
4020
4039
4058
4079
4107
4124
4135
4155
4176
4210
4225
4245
4265
4286
4305
4326
4347
4365
4386
4405
4425
4445
4465
4483
4503
4524
4545
4561
4580
4608
4623
4638
4659
4679
4705
4726
4745
4766
4785
4807
4828
4846
4866
4885
4905
4953
4965
4973
4984
5005
5025
5044
5064
5083
5102
5122
5141
5162
5181
5200
5219
5238
5258
5279
5296
5349
5353
5356
5373
5394
5420
5432
5451
5473
5490
5510
5528
5547
5566
5610
5621
5626
5644
5664
5683
5706
5723
5741
5762
5780
5799
5818
5838
5857
5877
5901
5940
5951
5955
5973
5995
6012
6032
6052
6071
6090
6109
6129
6149
6171
6186
6205
6229
6244
6264
6286
6304
6324
6344
6371
6384
6404
6425
6453
6464
6484
6505
6525
6553
6575
6592
6604
6624
6644
6664
6684
6704
6725
6744
6767
6785
6804
6824
6844
6863
6891
6907
6924
6943
6960
6980
6999
7018
7037
7057
7076
7099
7115
7134
7154
7173
7193
7214
7236
7261
7269
7289
7308
7328
7351
7368
7400
7423
7437
7448
7471
7486
7503
7523
7544
7576
7590
7604
7637
7656
7675
7694
7714
7733
7754
7773
7792
7811
7830
7851
7869
7888
7908
7928
7947
7966
7986
8005
8025
8044
8063
8083
8103
8140
8159
8181
8201
8218
8238
8256
8275
8296
8314
8333
8352
8373
8391
8412
8431
8450
8469
8490
8509
8543
8564
8569
8585
8606
8643
8663
8684
8708
8720
8740
8760
8779
8799
8820
8836
8860
8875
8894
8915
8933
8954
8972
8991
9010
9031
9049
9071
9091
9108
9133
9146
9171
9186
9204
9223
9243
9283
9301
9320
9339
9359
9378
9398
9419
9436
9455
9475
9494
9513
9534
9553
9573
9591
9610
9629
9651
9669
9689
9707
9726
9746
9784
9803
9837
9846
9863
9882
9901
9921
9942
9959
9981
9997
10017
10036
10057
10076
10094
10113
10139
10158
10171
10191
10211
10230
10249
10268
10292
10308
10326
10345
10364
10384
10403
10422
10442
10462
10481
10503
10522
10543
10562
10584
10601
10623
10642
10662
10682
10703
10722
10743
10761
10783
10802
10823
10858
10862
10883
10901
10922
10942
10962
10982
11002
11023
11042
11062
11081
11100
11123
11140
11159
11178
11197
11216
11236
11255
11279
11293
11318
11332
11351
11371
11394
11415
11460
11481
11488
11501
11521
11541
11564
11581
11601
11621
11641
11662
11680
11700
11720
11739
11769
11787
11800
11816
11835
11856
11877
11898
11921
11933
11951
11974
12001
12023
12045
12063
12089
12110
12121
12140
12160
12181
12203
12222
12241
12261
12281
12300
12322
12344
12358
12377
12397
12437
12449
12463
12477
12493
12514
12532
12553
12571
12592
12612
12632
12648
12668
12687
12706
12728
12754
12769
12783
12804
12822
12841
