80
99
117
136
156
176
195
214
234
252
272
291
311
330
349
368
388
408
427
447
468
487
507
527
547
567
587
607
628
647
667
687
707
728
747
767
789
807
830
848
878
889
908
928
948
969
987
1007
1028
1047
1066
1085
1104
1123
1142
1163
1182
1201
1220
1239
1259
1278
1298
1317
1336
1356
1376
1397
1417
1441
1453
1472
1491
1510
1533
1551
1569
1587
1607
1627
1648
1670
1686
1704
1723
1743
1762
1783
1801
1820
1840
1859
1893
1902
1918
1936
1955
1976
1996
2014
2033
2059
2073
2093
2110
2129
2150
2171
2190
2207
2227
2251
2368
2387
2407
2427
2447
2469
2487
2507
2527
2546
2568
2587
2607
2626
2646
2668
2686
2706
2726
2747
2768
2786
2806
2826
2848
2865
2884
2903
2922
2943
2964
2981
3000
3020
3039
3061
3078
3099
3118
3137
3155
3174
3193
3212
3232
3253
3272
3290
3310
3329
3348
3367
3388
3408
3426
3445
3465
3484
3504
3523
3542
3561
3581
3600
3623
3642
3659
3679
3696
3716
3736
3758
3775
3794
3813
3833
3851
3872
3890
3909
3928
3950
3967
3989
4009
4046
4066
4086
4110
4126
4146
4166
4186
4215
4229
4246
4266
4286
4306
4345
4366
4386
4408
4426
4445
4466
4486
4506
4525
4546
4565
4585
4607
4626
4644
4664
4683
4702
4722
4742
4762
4780
4800
4820
4838
4857
4876
4896
4916
4934
4954
4974
4992
5012
5033
5050
5070
5091
5110
5128
5147
5167
5186
5205
5225
5244
5266
5285
5303
5321
5343
5362
5381
5406
5418
5437
5457
5477
5498
5516
5534
5556
5575
5595
5613
5631
5650
5670
5689
5710
5728
5748
5767
5786
5805
5827
5846
5865
5884
5904
5925
5946
5965
5985
6007
6024
6045
6064
6084
6104
6124
6146
6164
6184
6204
6224
6245
6265
6284
6304
6327
6347
6365
6384
6404
6428
6452
6466
6483
6501
6521
6540
6560
6580
6598
6617
6637
6656
6675
6697
6716
6734
6753
6781
6792
6814
6831
6850
6870
6888
6907
6929
6948
6966
6986
7005
7024
7043
7065
7082
7101
7121
7140
7159
7180
7198
7217
7236
7256
7275
7295
7315
7333
7354
7372
7392
7411
7440
7453
7470
7489
7507
7527
7553
7568
7585
7605
7624
7644
7666
7685
7706
7724
7743
7765
7785
7806
7825
7843
7864
7885
7904
7925
7944
7964
7987
8004
8024
8043
8063
8084
8103
8123
8143
8163
8184
8206
8225
8243
8263
8287
8302
8320
8340
8359
8378
8397
8417
8436
8458
8475
8495
8514
8535
8552
8572
8591
8610
8629
8657
8670
8691
8707
8726
8746
8765
8785
8805
8823
8842
8862
8881
8902
8920
8939
8958
8978
8997
9017
9039
9057
9082
9098
9114
9133
9153
9173
9195
9211
9229
9248
9270
9290
9308
9327
9346
9365
9385
9404
9424
9443
9462
9482
9504
9523
9543
9566
9583
9603
9623
9642
9662
9682
9703
9723
9743
9768
9783
9804
9823
9844
9863
9883
9905
9924
9943
9962
9982
10003
10025
10045
10062
10080
10100
10120
10139
10158
10179
10198
10216
10236
10256
10276
10297
10314
10332
10354
10373
10391
10409
10429
10448
10467
10487
10508
10526
10545
10564
10583
10602
10624
10642
10661
10681
10701
10719
10740
10759
10778
10797
10816
10835
10855
10882
10894
10913
10932
10951
10970
10994
11010
11029
11050
11067
11086
11106
11128
11145
11165
11183
11203
11222
11243
11264
11283
11301
11321
11342
11362
11381
11402
11421
11445
11463
11482
11501
11522
11545
11563
11583
11601
11622
11642
11661
11682
11703
11722
11743
11762
11782
11802
11822
11845
11863
11880
11899
11918
11938
11957
11978
11997
12016
12035
12055
12074
12101
12116
12132
12152
12175
12190
12208
12228
12248
12267
12286
12306
12325
12348
12365
12383
12402
12421
12441
12462
12480
12500
12519
12538
12558
12576
12598
12615
12634
12654
12673
12692
12714
12732
12750
12770
12789
12808
12832
12853
12868
12886
12907
12924
12945
12963
12982
13002
13021
13041
13061
13087
13101
13120
13140
13160
13181
13201
13222
13240
13260
13281
13300
13321
13341
13361
13382
13401
13420
13440
13460
13481
13503
13520
13540
13563
13581
13600
13622
13640
13659
13681
13699
13718
13737
13757
13775
13795
13815
13834
13853
13873
13894
13912
13932
13950
13969
13989
14008
14027
14046
14069
14089
14107
14124
14143
14163
14184
14208
14221
14241
14259
14279
14300
14318
14338
14357
14375
14395
14415
14435
14453
14472
14491
14511
14530
14551
14569
14589
14610
14627
14647
14667
14686
14707
14730
14744
14762
14781
14803
14821
14840
14860
14880
14902
14925
14941
14960
14979
15000
15021
15040
15059
15080
15100
15121
15141
15162
15180
15200
15220
15239
15259
15279
15299
15321
15339
15359
15379
15399
15422
15439
15458
15478
15497
15517
15537
15555
15575
15594
15613
15632
15653
15674
15691
15710
15729
15749
15768
15789
15807
15826
15846
15865
15884
15906
15924
15942
15961
15981
16000
16020
16041
16061
16079
16097
16116
16136
16156
16179
16195
16213
16232
16252
16275
16292
16311
16332
16349
16368
16388
16409
16436
16448
16465
16484
16503
16523
16543
16562
16581
16600
16619
16641
16660
16679
16699
16718
16740
16763
16781
16799
16819
16839
16860
16878
16899
16919
16938
16960
16978
16999
17018
17038
17059
17078
17098
17118
17138
17159
17178
17199
17219
17238
17260
17281
17298
17316
17335
17355
17376
17396
17417
17432
17451
17470
17490
17510
17529
17552
17567
17587
17606
17627
17646
17665
17685
17703
17722
17743
17765
17780
17801
17819
17838
17858
17878
17897
17916
17935
17954
17974
17995
18015
18037
18051
18070
18090
18113
18131
18149
18168
18187
18206
18225
18246
18265
18284
18303
18322
18341
18361
18386
18407
18418
18438
18458
18499
18518
18539
18559
18579
18598
18617
18637
18661
18679
18698
18717
18737
18757
18781
18798
18817
18837
18857
18878
18898
18918
18938
18958
18977
19000
19019
19038
19058
19076
19099
19116
19136
19155
19174
19193
19212
19233
19251
19271
19289
19309
19328
19348
19368
19387
19406
19426
19444
19467
19485
19503
19521
19540
19561
19579
19599
19619
19638
19657
19677
19697
19717
19737
19755
19788
19796
19811
19832
19853
19872
19889
19909
19928
19947
19970
19986
20005
20025
20044
20063
20083
20103
20122
20141
20160
20179
20198
20218
20237
20258
20281
20296
20317
20336
20356
20376
20396
20419
20437
20456
20477
20496
20518
20537
20556
20576
20596
20618
20636
20656
20676
20697
20716
20736
20757
20776
20797
20817
20837
20856
20876
20905
20917
20934
20954
20972
20992
21011
21031
21050
21072
21091
21108
21127
21147
21167
21189
21206
21225
21244
21263
21282
21304
21326
21344
21363
21379
21398
21417
21437
21457
21475
21494
21515
21534
21554
21572
21592
21611
21630
21650
21670
21690
21711
21727
21747
21766
21785
21808
21824
21844
21863
21882
21901
21927
21941
22077
22096
22116
22158
22175
22195
22215
22257
22276
22295
22315
22357
22375
22395
22416
22457
22475
22495
22516
22557
22577
22595
22616
22658
22677
22696
22715
22733
22772
22792
22811
22830
22869
22888
22908
22927
22946
22965
22985
23004
23025
23043
23062
23081
23100
23127
23143
23164
23178
23198
23217
23235
23256
23277
23294
23313
23333
23352
23371
23391
23411
23430
23449
23468
23488
23507
23529
23546
23565
23584
23606
23623
23642
23662
23681
23700
23720
23739
23759
23778
23797
23816
23836
23855
23877
23895
23914
23935
23954
23975
23995
24014
24035
24055
24075
24096
24115
24135
24154
24176
24195
24216
24237
24256
24275
24295
24314
24336
24355
24375
24397
24415
24437
24456
24474
24496
24516
24532
24552
24571
24590
24610
24630
24650
24668
24687
24707
24726
24747
24765
24784
24804
24823
24842
24861
24881
24900
24919
24938
24958
24977
24997
25016
25035
25055
25074
25094
25119
25134
25153
25172
25190
25209
25228
25248
25268
25287
25306
25326
25354
25372
25384
25403
25422
25442
25461
25484
25502
25519
25538
25557
25580
25596
25618
25635
25656
25676
25693
25714
25735
25754
25773
25793
25813
25834
25853
25874
25894
25914
25934
25958
25978
25994
26014
26035
26055
26073
26093
26114
26135
26156
26175
26194
26214
26235
26254
26274
26294
26312
26331
26352
26370
26390
26409
26428
26448
26471
26486
26505
26525
26544
26563
26583
26604
26621
26642
26661
26680
26699
26719
26738
26757
26776
26795
26816
26838
26855
26874
26892
26912
26931
26955
26971
26989
27008
27028
27048
27071
27090
27107
27124
27144
27163
27182
27203
27222
27242
27260
27279
27299
27319
27338
27357
27376
27395
27414
27434
27455
27476
27493
27512
27532
27554
27579
27592
27612
27632
27653
27673
27692
27713
27733
27756
27774
27793
27813
27832
27853
27874
27893
27913
27933
27953
27973
27993
28013
28033
28054
28077
28094
28111
28130
28150
28169
28190
28208
28227
28247
28266
28285
28307
28324
28344
28362
28382
28401
28421
28442
28460
28479
28498
28517
28537
28557
28579
28598
28615
28634
28653
28674
28707
28711
28732
28750
28769
28790
28809
28827
28846
28866
28885
28904
28926
28943
28963
28982
29001
29020
29041
29059
29078
29098
29118
29137
29156
29176
29194
29214
29233
29254
29274
29292
29312
29332
29351
29371
29392
29411
29431
29452
29472
29495
29512
29532
29552
29572
29594
29613
29632
29652
29672
29692
29713
29733
29751
29772
29794
29813
29832
29852
29872
29892
29913
29931
29949
29968
29988
30007
30027
30046
30065
30084
30104
30123
30144
30165
30184
30201
30220
30239
30259
30279
30300
30318
30336
30355
30375
30397
30417
30439
30453
30471
30491
30512
30530
30549
30568
30587
30607
30628
30646
30665
30684
30704
30723
30745
30762
30781
30800
30820
30839
30858
30878
30896
30917
30937
30955
30974
30996
31013
31032
31053
31072
31091
31113
31132
31151
31171
31193
31210
31232
31252
31271
31291
31310
31332
31351
31371
31391
31410
31430
31451
31471
31491
31511
31532
31552
31571
31591
31610
31630
31651
31671
31690
31709
31729
31749
31768
31787
31806
31826
31845
31866
31884
31903
31924
31944
31961
31980
32000
32019
32038
32058
