0.08088684 -0.01322937 -0.030380249
0.018585205 -0.035217285 -0.009002686
-0.021118164 -0.0010070801 -0.025497437
-0.022949219 0.030136108 -0.032211304
0.014907837 0.014251709 -0.024276733
0.04057312 -0.018722534 -0.04197693
0.06744385 -0.0016326904 -0.03892517
0.09249878 -0.026672363 -0.029159546
0.034469604 -0.07064819 -0.05970764
-0.07304382 0.06251526 -0.09147644
-0.09869385 0.044189453 -0.10307312
-0.01928711 -0.15190125 -0.09269714
0.018585205 -0.24963379 -0.037094116
-0.027832031 -0.22825623 0.005050659
-0.073654175 -0.13417053 0.0032196045
-0.0821991 -0.02848816 0.0019989014
-0.07975769 0.004470825 0.014831543
-0.07060242 -0.014450073 0.027648926
-0.021118164 -0.0010070801 0.02520752
0.07417297 0.041748047 0.00932312
0.1010437 0.011810303 -0.009002686
0.042404175 0.002029419 -0.02243042
-0.014389038 0.047851562 -0.026107788
-0.005844116 0.05090332 -0.023651123
0.013092041 -0.01689148 -0.005935669
-0.0009613037 -0.10180664 -0.00044250488
-0.033340454 -0.09324646 -0.0028839111
-0.07914734 -0.01322937 -0.0132751465
-0.06021118 0.0765686 -0.017547607
0.0039367676 0.08389282 -0.019378662
0.021636963 0.017913818 -0.027938843
0.0039367676 -0.012008667 -0.043823242
-0.026611328 -0.009567261 -0.039535522
-0.052886963 -0.0028533936 -0.046875
-0.04737854 0.053955078 -0.03404236
0.008804321 0.0741272 -0.0034942627
0.025299072 -0.026046753 0.0074920654
0.033859253 -0.06637573 -0.0034942627
0.06561279 -0.02848816 -0.001663208
0.07783508 -0.10058594 -0.005935669
0.054016113 -0.2361908 0.0013885498
0.038131714 -0.30278015 0.011169434
0.0045318604 -0.28445435 0.0062713623
-0.011947632 -0.15068054 0.0062713623
-0.016235352 -0.006500244 -0.00044250488
-0.050430298 0.039916992 -0.013885498
-0.07853699 0.06312561 -0.013885498
-0.07426453 0.08206177 -0.02305603
-0.05593872 0.033187866 -0.040161133
-0.013793945 -0.059036255 -0.033432007
0.010650635 -0.11584473 -0.016937256
0.002090454 -0.08287048 0.008712769
0.0039367676 -0.09324646 0.008712769
0.0039367676 -0.11891174 0.00077819824
0.006378174 -0.099365234 0.002609253
0.010650635 -0.041931152 -0.0041046143
0.0002746582 -0.027893066 -0.005935669
-0.022338867 -0.06820679 -0.001663208
-0.045547485 -0.16532898 -0.004714966
-0.05593872 -0.23558044 -0.0022735596
-0.044937134 -0.18243408 -0.0022735596
-0.048599243 -0.08409119 -0.0053253174
-0.048599243 -0.02848816 -0.007171631
-0.030883789 -0.0901947 0.003829956
-0.021118164 -0.18611145 0.01727295
-0.004623413 -0.15371704 0.020935059
-0.032714844 0.049072266 0.024597168
-0.054107666 0.23049927 0.0074920654
-0.05532837 0.088775635 0.008712769
-0.037002563 -0.09814453 0.027648926
-0.024169922 -0.17082214 0.03437805
-0.02355957 -0.18304443 0.028869629
-0.006454468 -0.15249634 0.028274536
0.014907837 -0.21664429 0.051483154
0.010650635 -0.2716217 0.060012817
-0.02722168 -0.19404602 0.027648926
-0.07304382 0.014862061 0.008712769
-0.09197998 0.15292358 0.0062713623
-0.1481781 0.19873047 0.008102417
-0.18727112 0.3428955 0.00016784668
-0.18299866 0.39115906 0.0013885498
-0.16101074 0.21217346 -0.007171631
-0.12802124 0.036239624 -0.043823242
-0.09991455 -0.08041382 -0.08169556
-0.06692505 -0.16471863 -0.08229065
-0.07304382 -0.17327881 -0.07008362
-0.093811035 -0.052322388 -0.04260254
-0.09686279 0.12054443 -0.005935669
-0.09197998 0.2714386 0.006881714
-0.06816101 0.21278381 0.009933472
-0.03578186 0.048461914 0.019714355
-0.010726929 0.019134521 0.020324707
-0.0009613037 -0.019332886 0.020935059
-0.0040130615 -0.050491333 -0.0028839111
0.012466431 0.02708435 -0.018157959
0.014907837 0.0026550293 0.012390137
0.015533447 0.022201538 0.01727295
0.031417847 0.0912323 0.0129852295
0.021636963 0.03074646 0.0044403076
0.017974854 -0.054153442 -0.001663208
-0.0027923584 -0.024230957 -0.01449585
-0.02355957 0.04724121 -0.024276733
-0.04798889 0.109558105 -0.029159546
-0.07975769 0.124816895 -0.04197693
0.02041626 0.03930664 -0.03892517
0.007598877 -0.37486267 -0.04197693
-0.08830261 -0.24963379 -0.030380249
-0.12617493 0.4308777 -0.029159546
-0.04676819 0.5768738 0.008102417
-0.06387329 0.06312561 -0.0077819824
-0.077316284 -0.17694092 -0.036483765
-0.090148926 0.03440857 -0.060928345
-0.11457825 0.15109253 -0.08413696
-0.11701965 0.1113739 -0.07559204
-0.09686279 0.13214111 -0.07069397
-0.073654175 0.15048218 -0.08229065
-0.053497314 0.14743042 -0.10368347
-0.030883789 0.20179749 -0.112838745
-0.015014648 0.18896484 -0.11405945
0.000869751 0.0912323 -0.11224365
0.054016113 0.07106018 -0.11224365
0.06744385 0.10343933 -0.14826965
0.06561279 0.15414429 -0.17271423
0.043624878 0.27937317 -0.19165039
-0.006454468 0.32641602 -0.1782074
-0.06021118 0.29525757 -0.16905212
-0.062042236 0.2763214 -0.16966248
0.031417847 0.07901001 -0.20019531
0.1181488 -0.13357544 -0.20692444
0.23544312 -0.13661194 -0.20080566
0.2824707 -0.17510986 -0.19958496
0.25437927 -0.079818726 -0.20692444
0.21650696 -0.0077209473 -0.23074341
0.16152954 -0.043777466 -0.23501587
0.12487793 -0.0059051514 -0.23501587
0.1633606 -0.06820679 -0.22218323
0.25071716 -0.2203064 -0.21546936
0.2971344 -0.3204956 -0.20263672
0.24093628 -0.14517212 -0.18737793
0.08883667 -0.034606934 -0.20936584
-0.05227661 -0.01689148 -0.27166748
-0.08648682 0.11077881 -0.32725525
-0.09869385 0.12666321 -0.39813232
0.061340332 0.0741272 -0.34191895
0.14013672 0.06373596 -0.27044678
0.1987915 0.0008087158 -0.18615723
0.26109314 -0.019332886 -0.16537476
0.30445862 0.044189453 -0.23440552
0.27087402 0.016693115 -0.28388977
0.15724182 0.072906494 -0.28572083
0.13464355 0.13642883 -0.29182434
0.14320374 0.081451416 -0.30404663
0.12121582 -0.005279541 -0.25517273
0.033859253 -0.034606934 -0.18003845
-0.04737854 0.005706787 -0.113464355
-0.0663147 0.0594635 -0.07925415
-0.08892822 0.06556702 -0.032821655
-0.17445374 0.11566162 0.052078247
-0.16711426 0.11566162 0.14614868
-0.040664673 0.008758545 0.1638794
0.11204529 0.013641357 0.1174469
0.14013672 0.06373596 0.08506775
-0.109695435 0.10038757 0.07652283
-0.33999634 0.2689972 0.0868988
-0.26791382 0.25982666 0.0697937
0.17253113 0.19567871 -0.04626465
0.6203003 0.049072266 -0.18675232
0.5982971 -0.15434265 -0.2099762
0.18717957 -0.13967896 -0.09513855
-0.29234314 -0.027267456 0.031311035
-0.649704 0.03135681 0.04170227
-0.82380676 0.12176514 -0.0010528564
-0.6985779 0.17063904 -0.016937256
-0.4090271 0.14680481 -0.108566284
-0.077316284 0.1443634 -0.27290344
0.25926208 0.080841064 -0.3400879
0.41625977 0.024032593 -0.28144836
0.4272461 -0.030334473 -0.15621948
0.36860657 -0.091415405 -0.057861328
0.20977783 -0.08226013 -0.04260254
0.01612854 0.06983948 -0.09817505
-0.1640625 0.21951294 -0.18615723
-0.30334473 0.26654053 -0.25761414
-0.4474945 0.2567749 -0.25457764
-0.64175415 0.3428955 -0.21914673
-0.70285034 0.4663086 -0.13423157
-0.5489044 0.019134521 0.08262634
-0.18666077 -0.82507324 0.40455627
0.17985535 -0.52757263 0.35324097
0.43275452 0.19628906 0.09239197
0.4449768 0.41558838 -0.13056946
0.25559998 0.25982666 -0.280838
0.16152954 0.33862305 -0.3608551
0.12121582 0.3270111 -0.3486328
-0.0021820068 0.32824707 -0.29304504
-0.085861206 0.2616577 -0.15072632
-0.037612915 0.020355225 0.054534912
0.20977783 0.023422241 0.12966919
0.40159607 0.12666321 0.052703857
0.21711731 -0.123794556 -0.015106201
-0.07853699 -0.4359436 -0.072525024
-0.07853699 -0.39990234 -0.13484192
0.015533447 -0.270401 -0.17088318
0.07417297 -0.15068054 -0.13362122
0.22505188 0.0026550293 -0.14399719
0.47428894 0.1590271 -0.19836426
0.5683594 0.2103424 -0.15438843
0.31730652 -0.08041382 -0.12994385
-0.046157837 -0.4396057 -0.03831482
-0.31982422 -0.5611725 0.06613159
-0.3907013 -0.38830566 0.008102417
-0.1005249 -0.020553589 -0.07130432
0.31240845 0.1724701 -0.018157959
0.5567627 0.37649536 0.003829956
0.5549164 0.5799103 -0.06518555
0.38388062 0.48890686 -0.15988159
0.06011963 0.0912323 -0.13423157
-0.26057434 -0.3663025 -0.09147644
-0.4090271 -0.61431885 -0.07740784
-0.32167053 -0.5153656 -0.104904175
-0.07609558 -0.13113403 -0.2111969
0.12915039 0.081451416 -0.3229828
0.24093628 0.1083374 -0.3400879
0.32585144 0.020355225 -0.2967224
0.32034302 -0.091415405 -0.22584534
0.19696045 -0.13845825 -0.19104004
-0.046157837 -0.18855286 -0.18859863
-0.27340698 -0.34980774 -0.09817505
-0.2795105 -0.26428223 0.0013885498
-0.022338867 0.068618774 0.038650513
0.13954163 0.084503174 0.14370728
-0.08892822 -0.079193115 0.20602417
-0.5440216 -0.2557373 0.21029663
-0.82196045 -0.49154663 0.27198792
-0.661911 -0.44511414 0.25427246
0.2922516 0.005706787 0.003829956
0.6044159 0.1431427 0.002609253
0.6172333 0.1920166 0.079574585
0.333786 0.060684204 0.16020203
-0.08526611 -0.17022705 0.16998291
-0.4878235 -0.3204956 0.04475403
-0.7010193 -0.38952637 -0.11102295
-0.6100006 -0.22764587 -0.18247986
-0.3638153 0.085113525 -0.14704895
-0.1665039 0.27998352 -0.03404236
-0.09503174 0.22317505 0.104003906
-0.1469574 0.00021362305 0.23899841
-0.18605042 -0.15861511 0.27381897
-0.030273438 0.048461914 0.18708801
0.16641235 0.47851562 0.02949524
0.20123291 0.66604614 0.0178833
0.14257812 0.6074219 0.14736938
0.094329834 0.49195862 0.23840332
0.10777283 0.3929901 0.35446167
0.20733643 0.5102844 0.47969055
0.38449097 0.6709442 0.59513855
0.5903473 0.5353241 0.7496948
0.8053894 0.1455841 0.87675476
0.99902344 -0.07064819 0.7881775
0.8951874 -0.08958435 0.35202026
0.22200012 -0.20932007 -0.13850403
-0.431015 -0.47810364 -0.27290344
-1.022934 -1.151886 -0.39813232
-1.3748016 -1.8024597 -0.40361023
-0.92214966 -1.567276 -0.3229828
-0.060821533 -0.50009155 -0.29304504
0.4119873 0.67948914 -0.18309021
0.29164124 1.0289001 -0.07803345
-0.18299866 0.4479828 -0.12017822
-0.6533661 -0.6167755 -0.09513855
-0.87083435 -1.2911682 -0.06703186
-0.69673157 -0.9454193 -0.19897461
-0.2477417 -0.19770813 -0.31687927
0.06744385 0.31907654 -0.28877258
0.06806946 0.4711914 -0.25151062
-0.13595581 0.4198761 -0.20385742
-0.3479309 0.16390991 -0.1464386
-0.4285736 -0.10974121 -0.12017822
-0.3088379 -0.041931152 -0.08229065
-0.10662842 0.11199951 -0.046875
0.041793823 0.12054443 -0.04197693
0.11999512 0.06434631 -0.048095703
0.14442444 0.1071167 -0.048095703
0.1328125 0.21644592 -0.01876831
0.10714722 0.29769897 0.08628845
0.11021423 0.32151794 0.25427246
0.1499176 0.2928009 0.3459015
0.20123291 0.19750977 0.29826355
0.19818115 0.19140625 0.21151733
0.06439209 -0.13113403 0.05331421
0.046676636 -0.17510986 -0.08779907
0.06990051 -0.004058838 -0.10795593
0.006378174 -0.14212036 -0.08657837
-0.052886963 -0.09446716 -0.14155579
-0.09564209 0.21768188 -0.17210388
-0.15000916 0.43147278 -0.1464386
-0.17321777 0.26287842 -0.049316406
-0.018066406 -0.046218872 0.062469482
0.26109314 -0.43411255 0.3196411
0.3240204 -0.7224426 0.60369873
0.010025024 -0.778656 0.4008789
-0.15367126 -0.6650238 0.2206726
-0.2306366 -0.37974548 0.16020203
-0.20437622 -0.13905334 0.25672913
-0.13961792 0.20179749 0.24450684
-0.05532837 0.3441162 0.2646637
-0.09074402 0.38871765 0.24145508
-0.12313843 0.26593018 0.16569519
-0.0993042 0.08328247 0.08628845
-0.042495728 -0.0059051514 0.036209106
-0.041885376 0.04663086 0.028869629
-0.15734863 0.061294556 0.030090332
-0.28012085 0.039916992 -0.0010528564
-0.3442688 0.108932495 -0.04197693
-0.37236023 0.21768188 -0.055419922
-0.3980255 0.27388 -0.048706055
-0.38580322 0.21461487 -0.08229065
-0.25935364 0.053955078 -0.11405945
0.022857666 0.13520813 -0.06764221
0.25682068 0.39848328 -0.019989014
0.19940186 0.036865234 -0.057861328
-0.030273438 -0.40846252 -0.1769867
-0.33509827 -0.66441345 -0.45677185
-0.37908936 -0.6137085 -0.5752716
0.066833496 0.096725464 -0.3413086
0.52194214 0.9116211 0.030715942
0.53904724 1.1749115 0.24938965
0.25621033 0.68865967 0.29704285
0.18473816 -1.2013702 -0.03526306
0.29652405 -0.95274353 -0.15560913
0.3582306 -0.1060791 -0.08779907
0.35577393 0.60069275 0.009933472
0.26231384 0.82670593 -0.008392334
0.17802429 0.55181885 -0.035873413
0.20123291 0.1407013 -0.10185242
0.2788086 -0.15249634 -0.17393494
0.3484497 -0.24169922 -0.19226074
0.31118774 -0.12806702 -0.1953125
0.20489502 0.018539429 -0.19470215
0.17678833 0.024032593 -0.20629883
0.27270508 -0.10240173 -0.16537476
0.37838745 -0.2545166 -0.09207153
0.410141 -0.2728424 -0.046875
0.4119873 -0.19648743 -0.004714966
0.32341003 -0.2032013 0.008712769
0.21833801 -0.24658203 0.027648926
0.3093567 -0.31315613 0.13760376
0.4474182 -0.24658203 0.20724487
0.4321289 -0.011383057 0.1876831
0.25498962 -0.15190125 0.020935059
0.1816864 -0.14456177 -0.08047485
0.10714722 -0.14578247 -0.108566284
0.015533447 -0.39562988 -0.032821655
0.066833496 -0.40480042 0.08995056
0.26109314 0.013031006 0.14248657
0.43824768 0.5353241 0.10095215
0.4419098 0.6672821 0.2939911
0.40098572 0.30136108 0.67333984
0.4620819 -0.3400421 1.0862885
0.34173584 -0.6216583 1.380722
0.1010437 -0.5856018 1.1302643
-0.17382812 -0.40602112 0.76802063
-0.27401733 -0.5391846 0.61102295
-0.3907013 -1.1476135 0.5248871
-0.6429901 -1.0358124 0.48579407
-0.7016144 -0.50619507 0.43203735
-0.5543976 -0.14456177 0.40882874
-0.5256958 0.03440857 0.35079956
-0.63931274 -0.06515503 0.18157959
-0.7132416 -0.16044617 -0.046875
-0.6264801 -0.17082214 -0.22096252
-0.47071838 -0.04071045 -0.23440552
-0.38824463 0.017318726 -0.17515564
-0.5415802 0.0063171387 -0.005935669
-1.0412598 0.2891388 0.263443
-1.1805573 0.31541443 0.13882446
-0.9068756 0.37039185 0.003829956
-0.5770111 0.2579956 -0.046875
-0.35220337 0.12788391 -0.01449585
-0.11947632 0.013031006 -0.13728333
0.35028076 -0.17082214 -0.43722534
0.8939667 -0.2056427 -0.60032654
0.95809937 -0.08226013 -0.43478394
0.5970764 0.07350159 -0.3449707
0.25437927 0.0753479 -0.3730774
-0.07487488 0.14926147 -0.31015015
-0.20376587 0.1749115 -0.3388672
-0.18177795 0.003250122 -0.4402771
-0.093811035 -0.36813354 -0.48913574
0.042404175 -0.7774353 -0.50379944
0.16030884 -0.5361328 -0.47875977
0.017974854 0.5793152 -0.41156006
-0.15428162 1.2262115 -0.24723816
-0.12863159 0.8878021 -0.073135376
0.008804321 0.12298584 0.027038574
0.15724182 -0.5483551 0.14677429
0.1829071 -0.45977783 0.2182312
0.061950684 0.22805786 0.1999054
-0.0027923584 0.56892395 0.11378479
0.0051574707 0.4064331 0.03315735
-0.02722168 0.1590271 0.02949524
-0.13168335 0.15597534 0.035598755
-0.20620728 0.20301819 -0.0077819824
-0.12863159 0.16575623 -0.030380249
0.06072998 0.1932373 -0.04626465
0.26109314 0.25248718 -0.08596802
0.37104797 0.37283325 -0.11405945
0.4125824 0.4479828 -0.14216614
0.4822235 0.23600769 -0.1794281
0.4907837 -0.26856995 -0.16049194
0.19818115 -0.37974548 -0.1794281
-0.20559692 0.23905945 -0.20204163
-0.34976196 0.5768738 -0.060928345
-0.3748169 0.13581848 0.19319153
-0.3625946 -0.49887085 0.27871704
-0.23675537 -0.6173706 0.13760376
-0.029663086 -0.19831848 -0.09880066
0.16397095 0.20423889 -0.30099487
0.2672119 0.3563385 -0.35780334
0.23727417 0.33129883 -0.31199646
-0.038223267 -0.23130798 -0.025497437
-0.15000916 -0.39501953 0.11439514
-0.2929535 -0.34980774 0.1822052
-0.45361328 -0.10852051 0.20602417
-0.48110962 -0.027893066 0.22618103
-0.37908936 -0.15861511 0.20907593
-0.24346924 -0.399292 0.13516235
-0.15916443 -0.4053955 0.0129852295
-0.045547485 -0.05781555 -0.16415405
0.13342285 0.08633423 -0.3126068
0.22077942 -0.026046753 -0.33154297
0.15602112 -0.23069763 -0.26190186
-0.026611328 -0.29605103 -0.22280884
-0.16955566 -0.12623596 -0.27593994
-0.13717651 0.013641357 -0.31932068
-0.07060242 -0.17388916 -0.27227783
-0.10418701 -0.29545593 -0.17576599
-0.20986938 -0.13050842 -0.16720581
-0.2587433 0.008148193 -0.25028992
-0.19337463 0.13276672 -0.34681702
-0.077926636 0.21156311 -0.33276367
-0.027832031 0.100997925 -0.15682983
-0.006454468 0.0093688965 -0.0053253174
-0.045547485 -0.018722534 0.005050659
-0.13168335 0.049682617 -0.046875
-0.23858643 0.113220215 -0.05848694
-0.26057434 0.0765686 -0.03892517
-0.17567444 0.0008087158 -0.029159546
-0.09625244 -0.12194824 0.0074920654
-0.131073 -0.2361908 0.040481567
-0.23431396 -0.13661194 0.027648926
-0.26057434 0.040527344 0.012390137
-0.20498657 -0.0004119873 0.027038574
-0.13658142 -0.0743103 0.058792114
-0.08036804 0.037460327 0.030715942
-0.053497314 0.11871338 -0.0065612793
-0.07426453 0.11381531 0.03437805
-0.08892822 0.033798218 0.050857544
-0.05104065 0.019134521 -0.0065612793
0.027130127 0.096725464 -0.05970764
0.14442444 0.08694458 -0.12506104
0.24032593 0.033187866 -0.08718872
0.19940186 0.0912323 0.048416138
0.046676636 0.16636658 0.08995056
-0.038223267 0.12788391 0.036209106
-0.011947632 0.0741272 -0.032211304
0.06317139 0.052124023 -0.10002136
0.1303711 0.09977722 -0.13484192
0.1486969 0.16575623 -0.11834717
0.11387634 0.13154602 -0.068862915
0.090667725 0.013641357 -0.0132751465
0.07783508 -0.063323975 0.0062713623
0.071121216 -0.04499817 -0.03892517
0.079055786 0.016693115 -0.11468506
0.06500244 -0.023605347 -0.13789368
0.042404175 -0.013839722 -0.06947327
0.010025024 0.016693115 -0.001663208
-0.058380127 -0.024230957 0.019104004
-0.1151886 0.057632446 -0.009002686
-0.12251282 0.14743042 -0.057861328
-0.10847473 0.07962036 -0.07496643
-0.08280945 -0.004058838 -0.049926758
-0.053497314 -0.034606934 -0.033432007
-0.028442383 -0.029724121 -0.052368164
-0.011947632 -0.05659485 -0.05848694
0.017974854 -0.01689148 -0.05114746
0.062561035 0.07106018 -0.07803345
0.09738159 0.08816528 -0.10734558
0.091278076 0.025863647 -0.08047485
0.06072998 0.026473999 -0.027328491
0.037521362 0.07044983 -0.012664795
0.04118347 0.11810303 -0.044418335
0.04057312 0.07350159 -0.04748535
0.04789734 0.077178955 -0.009613037
0.082717896 0.20301819 0.059417725
0.09616089 0.16880798 0.09851074
0.09371948 0.044799805 0.067352295
0.14257812 0.07472229 -0.001663208
0.21711731 0.09489441 -0.045043945
0.27575684 0.109558105 -0.06825256
0.32156372 0.16268921 -0.04626465
0.3276825 0.036865234 0.002609253
0.27392578 -0.20993042 0.04170227
0.18412781 -0.27467346 0.04475403
0.10166931 -0.107910156 0.018493652
0.037521362 0.07472229 -0.0022735596
-0.008895874 0.10588074 -0.0028839111
-0.0040130615 0.024642944 0.024597168
0.049743652 -0.0071258545 0.028274536
0.12609863 0.0423584 0.014831543
0.1829071 0.057022095 0.019104004
0.2134552 0.015472412 0.012390137
0.21711731 -0.08287048 -0.004714966
0.19696045 0.06983948 -0.011444092
0.20184326 0.14802551 -0.009002686
0.18229675 0.08938599 0.020935059
0.17985535 0.0912323 0.019714355
0.19389343 0.05029297 0.01727295
0.1975708 -0.02545166 0.0056610107
0.20550537 0.030136108 -0.001663208
0.20794678 0.09794617 -0.001663208
0.14503479 0.06373596 -0.01083374
0.12731934 0.1272583 -0.03404236
0.12976074 0.1578064 -0.030380249
0.14930725 0.13092041 -0.021209717
0.18901062 0.08694458 -0.013885498
0.22261047 0.035629272 -0.009613037
0.20977783 -0.013839722 -0.01083374
0.17985535 -0.012619019 -0.0132751465
0.17068481 0.057632446 -0.0132751465
0.1511383 0.07901001 -0.015106201
0.102890015 0.008758545 -0.021209717
0.09310913 0.0435791 -0.016937256
0.12609863 0.14680481 -0.02305603
0.13832092 0.1296997 -0.035873413
0.1340332 0.0912323 -0.027938843
0.14564514 0.0912323 -0.024871826
0.16641235 0.033798218 -0.04260254
0.16152954 -0.09996033 -0.019378662
0.10838318 -0.19343567 0.026428223
0.04057312 -0.10852051 0.005050659
-0.038223267 0.011810303 -0.008392334
-0.13839722 0.020980835 0.0129852295
-0.20193481 0.029525757 0.009933472
-0.22880554 0.044799805 0.0019989014
-0.25386047 -0.013839722 -0.0028839111
-0.2611847 -0.063934326 -0.0053253174
-0.2318573 0.0069274902 -0.005935669
-0.19398499 0.061904907 -0.004714966
-0.17077637 0.019760132 -0.052978516
-0.18971252 -0.027267456 -0.15988159
-0.24102783 -0.07736206 -0.28450012
0.061340332 -0.2667389 -0.24235535
0.21772766 -0.17633057 0.016662598
-0.09991455 -0.022384644 0.20541382
-0.38702393 -0.0901947 0.2182312
-0.41818237 -0.021774292 0.22251892
-0.25080872 0.11199951 0.17791748
-0.013168335 0.20362854 0.12477112
0.17190552 0.053955078 0.12110901
0.2653656 -0.31559753 0.13882446
0.31118774 -0.4310608 0.15531921
0.30142212 -0.27713013 0.1717987
0.22383118 -0.13172913 0.19013977
0.13220215 -0.03643799 0.23106384
0.05279541 0.0093688965 0.27503967
-0.05532837 -0.03277588 0.3459015
-0.1799469 -0.054153442 0.40211487
-0.26057434 0.009979248 0.3947754
-0.29600525 -0.012008667 0.37217712
-0.29478455 -0.10668945 0.3795166
-0.299057 -0.16410828 0.41493225
-0.32044983 -0.09446716 0.47113037
-0.37113953 -0.01689148 0.5462799
-0.44812012 0.11932373 0.5554352
-0.52020264 0.44308472 0.5328369
-0.5745697 0.699646 0.5896454
-0.6307678 0.6208496 0.69654846
-0.6484833 0.34779358 0.72158813
-0.5757904 0.1578064 0.64645386
-0.4303894 -0.074920654 0.6067505
-0.18788147 -0.22642517 0.66477966
0.11204529 -0.107910156 0.755188
0.34539795 0.117492676 0.9140167
0.33563232 0.22805786 0.98731995
0.14320374 0.055786133 0.9134064
-0.01928711 -0.23924255 0.7881775
-0.121292114 -0.51597595 0.64157104
-0.13534546 -0.6137085 0.53344727
-0.056549072 -0.38401794 0.6043091
-0.061431885 0.23478699 0.912796
-0.26669312 0.97821045 1.2493896
-0.4902649 0.70513916 1.2671051
-0.4658203 -0.20259094 1.1773071
-0.2514038 -0.27772522 1.234726
-0.03578186 0.15597534 1.2689362
0.14257812 0.4540863 1.265274
0.23849487 0.5463257 1.3171844
0.2849121 0.5615845 1.3507843
0.27087402 0.65567017 1.3727722
0.19085693 0.74913025 1.4283752
0.079055786 0.6825409 1.4460907
-0.05166626 0.53349304 1.3404083
-0.16101074 0.5115051 1.1320953
-0.16038513 0.5719757 1.136383
-0.09869385 0.673996 0.9274597
-0.15856934 0.7472992 1.031311
-0.17077637 0.84809875 1.3892822
-0.14451599 0.7338562 1.4747925
-0.2129364 0.48034668 1.2866516
-0.21231079 0.42965698 1.1608124
-0.028442383 0.45835876 1.1534882
0.2501068 0.3526764 1.2078552
0.45413208 0.23782349 1.3306274
0.4290924 0.30136108 1.5151062
0.19818115 0.34901428 1.5810852
0.017364502 0.24638367 1.5548248
-0.07914734 0.12788391 1.5279388
-0.1493988 -0.0413208 1.523056
-0.19398499 -0.11279297 1.5169525
-0.16955566 0.044189453 1.5242767
-0.06692505 0.2537079 1.5200043
0.08883667 0.3080902 1.4326477
0.24459839 0.18652344 1.2799377
0.34539795 0.033798218 1.0985107
0.38510132 0.06800842 1.0154266
0.38510132 0.21339417 1.0343628
0.38754272 0.3257904 1.1156158
0.38632202 0.29586792 1.2041779
0.3484497 0.2262268 1.2029572
0.27087402 0.4003296 1.0514679
0.20733643 0.6904907 0.884079
0.1633606 0.7802887 0.79855347
0.12731934 0.6733856 0.76008606
0.0851593 0.48156738 0.731369
0.013687134 0.287323 0.72953796
-0.050430298 0.2915802 0.6837158
-0.05166626 0.49378967 0.58781433
0.017974854 0.60191345 0.51756287
0.14379883 0.41070557 0.5511627
0.27209473 0.046020508 0.6812744
0.2672119 -0.21237183 0.7845154
0.066223145 0.04724121 0.7649689
-0.13902283 0.416214 0.7032623
-0.2300415 0.5054016 0.6299591
-0.27890015 0.37039185 0.5700989
-0.365036 0.3038025 0.63119507
-0.4597168 0.5115051 0.7063141
-0.4114685 0.78089905 0.61590576
-0.22453308 0.65322876 0.381958
0.011245728 0.10649109 0.17974854
0.2501068 -0.29177856 0.059417725
0.42175293 -0.27772522 0.019714355
0.4125824 -0.051712036 0.1027832
0.22810364 0.09611511 0.27749634
0.019805908 0.0753479 0.4412079
-0.07609558 -0.038269043 0.4803009
-0.06265259 -0.17204285 0.381958
-0.030883789 -0.20932007 0.18952942
-0.08830261 -0.23008728 0.014221191
-0.1652832 -0.25756836 0.055130005
-0.15306091 -0.24473572 0.12782288
-0.040664673 -0.19282532 0.068573
0.04057312 -0.22213745 -0.024871826
-0.022338867 -0.38157654 -0.10612488
-0.12924194 -0.5404053 -0.11102295
-0.20010376 -0.541626 -0.051757812
-0.19398499 -0.29055786 -0.09085083
-0.08403015 0.025253296 -0.228302
-0.03578186 0.17674255 -0.34985352
-0.12863159 0.15597534 -0.39872742
-0.15428162 -0.083480835 -0.34681702
-0.20193481 -0.18121338 -0.23806763
-0.4792633 0.23416138 -0.064590454
-0.8983307 0.5573273 0.20846558
-1.2196503 0.47302246 0.4949646
-1.1170197 0.2561493 0.5145111
-0.6105957 0.20240784 0.15287781
0.01675415 0.092453 -0.29367065
0.6221161 -0.17816162 -0.5166321
1.110199 -0.36447144 -0.4268341
1.0686646 0.2091217 -0.06274414
0.23483276 0.90000916 0.3605652
-0.15794373 0.3441162 0.702652
-0.18605042 -0.087142944 0.86087036
-0.062042236 -0.14212036 0.7130432
0.11326599 -0.038269043 0.5554352
0.22993469 0.10404968 0.4937439
0.2788086 0.0942688 0.5065613
0.2861328 -0.042541504 0.51756287
0.21955872 -0.099365234 0.43569946
0.15298462 -0.05781555 0.33369446
0.14198303 0.020355225 0.30314636
0.14379883 0.0594635 0.3471222
0.1804657 0.0008087158 0.37095642
0.20367432 -0.079818726 0.34040833
0.3148651 -0.051712036 0.096069336
0.38937378 0.013641357 -0.027938843
0.32829285 0.16636658 -0.08413696
0.17619324 0.28242493 -0.09269714
0.06561279 0.046020508 -0.104904175
-0.03944397 0.060684204 -0.096954346
-0.246521 0.16758728 -0.06274414
-0.5531769 0.40092468 -0.011444092
-0.6350403 0.7472992 0.06674194
-0.3491516 0.7259064 0.07896423
0.06378174 0.081451416 -0.13667297
0.45230103 -0.7615509 -0.40179443
0.72535706 -1.0290985 -0.5337372
0.45230103 -0.030334473 -0.48181152
-0.077926636 0.6733856 -0.29977417
-0.19032288 0.38078308 -0.10551453
-0.027832031 -0.00894165 -0.18615723
0.23910522 -0.17694092 -0.35414124
0.43519592 -0.14395142 -0.37246704
0.46879578 -0.013839722 -0.32054138
0.4309082 -0.0059051514 -0.24723816
0.32218933 -0.04499817 -0.18859863
0.09738159 -0.024230957 -0.15194702
-0.13780212 0.08572388 -0.109176636
-0.20437622 0.109558105 -0.063964844
-0.13290405 0.116882324 -0.010223389
0.037521362 0.14498901 0.06123352
0.17312622 0.1565857 0.134552
0.16519165 0.19018555 0.17120361
0.10533142 0.2616577 0.14859009
0.12121582 0.18469238 0.103393555
0.1829071 -0.046218872 0.11439514
0.078445435 0.06617737 0.2610016
-0.23492432 0.2091217 0.44425964
-0.75660706 0.34962463 0.600647
-0.9459686 0.18223572 0.60858154
-0.47010803 -0.28138733 0.4277649
0.19451904 -0.56178284 0.13760376
0.5005646 -0.18733215 0.026428223
0.12976074 0.67948914 0.030715942
-0.3125 0.75645447 0.1651001
-0.31188965 0.21827698 0.42288208
0.021026611 -0.28016663 0.497406
0.35272217 -0.39624023 0.4277649
0.42053223 -0.22091675 0.42959595
0.24337769 -0.062088013 0.4900818
-0.011947632 -0.08103943 0.5444336
-0.20193481 -0.19770813 0.5273285
-0.28868103 -0.20687866 0.47357178
-0.2318573 -0.04559326 0.38989258
-0.07548523 0.09489441 0.29582214
-0.0040130615 0.16880798 0.26039124
-0.01133728 0.1455841 0.22189331
0.014312744 0.0069274902 0.14736938
0.054626465 -0.17144775 0.031311035
0.11753845 -0.28933716 -0.07437134
0.15968323 -0.36325073 -0.13606262
0.13647461 -0.3376007 -0.19226074
0.16763306 -0.35775757 -0.22584534
0.08456421 -0.21420288 -0.14826965
-0.20742798 0.093673706 -0.04626465
-0.44995117 0.3563385 -0.021820068
-0.3479309 0.49806213 -0.06703186
0.13954163 0.27876282 -0.23928833
0.6929779 -0.47322083 -0.472641
0.95199585 -1.022995 -0.5276184
0.6343384 -0.82873535 -0.46897888
0.07173157 -0.2752838 -0.3290863
-0.3760376 0.3551178 -0.24295044
-0.5770111 0.7094269 -0.18309021
-0.48538208 0.6141205 -0.08596802
-0.13412476 0.069229126 -0.035873413
0.30691528 -0.2911682 -0.14277649
0.6563263 -0.37364197 -0.27166748
0.7180176 -0.15800476 -0.30343628
0.51216125 -0.008346558 -0.23257446
0.165802 -0.026046753 -0.08596802
-0.07548523 -0.054153442 0.028274536
-0.1665039 -0.06881714 0.10461426
-0.15490723 -0.043777466 0.14981079
-0.04798889 0.016693115 0.15715027
0.13832092 0.051513672 0.11500549
0.34661865 0.040527344 0.09667969
0.37043762 0.16331482 0.13943481
0.27819824 0.12237549 0.21456909
0.13954163 -0.123184204 0.3141327
-0.021728516 -0.28689575 0.4509735
-0.34976196 -0.25880432 0.5426178
-0.95880127 -0.107910156 0.5847626
-1.3833618 0.14620972 0.63423157
-1.0284424 0.2567749 0.5328369
-0.25080872 0.17552185 0.083236694
0.47306824 -0.2532959 -0.15805054
0.37287903 0.29953003 0.3171997
-0.008285522 0.2861023 0.39538574
0.10838318 0.057022095 0.31047058
0.2959137 -0.041931152 0.17730713
0.38937378 -0.12562561 0.21212769
0.36860657 -0.16410828 0.26771545
0.23910522 -0.13417053 0.27503967
-0.0027923584 -0.0010070801 0.26161194
-0.22819519 0.1260376 0.22129822
-0.29356384 0.08755493 0.21456909
-0.25630188 -0.09751892 0.25427246
-0.14024353 -0.24963379 0.24389648
-0.0052337646 -0.2740631 0.170578
0.062561035 -0.27650452 0.12049866
0.12854004 -0.33270264 0.08934021
0.24520874 -0.31071472 -0.0053253174
0.38693237 -0.20014954 -0.17393494
0.42114258 -0.12745667 -0.30465698
0.30691528 -0.062698364 -0.24723816
0.19207764 -0.15739441 0.0062713623
0.14320374 -0.3058319 0.1504364
0.058288574 -0.10118103 0.14736938
-0.011947632 0.03868103 0.11683655
-0.07304382 0.14802551 0.14248657
-0.040664673 0.3221283 0.1308899
0.15174866 0.29830933 0.016662598
0.38082886 -0.20748901 -0.15194702
0.4254303 -0.6772461 -0.30038452
0.15052795 -0.47322083 -0.4121704
-0.2941742 0.11566162 -0.5031891
-0.6008301 0.53715515 -0.4903717
-0.66619873 0.8413696 -0.29426575
-0.45117188 0.8157196 -0.032211304
-0.062042236 0.3722229 -0.018157959
0.3350067 -0.20075989 -0.29060364
0.644104 -0.7004547 -0.57710266
0.799881 -0.80430603 -0.6662903
0.6758728 -0.39196777 -0.5899353
0.3252411 0.03074646 -0.4781494
0.021636963 0.061294556 -0.39567566
-0.13961792 -0.008346558 -0.31504822
-0.15550232 0.044799805 -0.25335693
-0.025390625 0.08694458 -0.25151062
0.13710022 -0.018112183 -0.25761414
0.19940186 -0.0010070801 -0.25151062
0.11326599 0.061294556 -0.33459473
-0.054107666 -0.0077209473 -0.5740509
-0.11152649 -0.27101135 -0.75914
-0.024169922 -0.5507965 -0.8067932
0.038131714 -0.4713745 -0.73349
-0.18666077 -0.027267456 -0.5312805
-0.6985779 0.34901428 -0.25946045
-1.182373 0.53105164 -0.03892517
-1.3045502 0.4681244 -0.07069397
-0.98690796 0.2066803 -0.47875977
-0.35647583 -0.24291992 -0.8807068
0.29042053 -0.82751465 -0.9601288
0.6196747 -0.88249207 -0.73654175
0.4309082 -0.09202576 -0.3400879
0.09616089 0.4345398 -0.035873413
0.02041626 0.0912323 0.06491089
0.10777283 -0.5104675 0.071624756
0.110824585 -0.8366852 0.07711792
-0.044326782 -0.5190277 0.0856781
-0.21781921 -0.08409119 0.099121094
-0.246521 -0.054153442 0.071624756
-0.18544006 -0.45915222 -0.04197693
-0.25447083 -0.7688751 -0.18737793
-0.33937073 -0.762146 -0.16720581
-0.3014984 -0.5214691 -0.06764221
-0.19644165 -0.17266846 -0.03526306
-0.12863159 0.19873047 0.030090332
-0.06997681 0.27937317 0.1516571
-0.11885071 -0.067596436 0.13821411
-0.4078064 -0.29483032 -0.13667297
-0.7352295 -0.29360962 -0.58322144
-0.9410858 -0.2593994 -0.96318054
-0.9917908 -0.14089966 -1.1433868
-0.8934479 -0.012619019 -1.0346527
-0.6839142 0.055786133 -0.7139435
-0.40473938 -0.016281128 -0.42071533
-0.23370361 -0.11828613 -0.39323425
-0.27401733 -0.095077515 -0.58932495
-0.4157257 -0.20259094 -0.7958069
-0.5037079 -0.17510986 -0.838562
-0.35159302 -0.00894165 -0.7286072
0.05279541 0.19996643 -0.62597656
0.4651184 0.24333191 -0.57466125
0.6404419 0.12054443 -0.55511475
0.6105194 0.07778931 -0.58078
0.5824127 0.12666321 -0.6607971
0.6630554 0.21768188 -0.8422241
0.8023224 0.019134521 -1.1464386
0.4968872 -0.16044617 -0.95217896
0.07539368 -0.33454895 -0.7958069
-0.2978363 -0.47932434 -0.7976227
-0.6215973 -0.33210754 -0.78785706
-0.8292999 0.15536499 -0.7060089
-0.7474518 0.6281891 -0.59176636
-0.41879272 0.6391754 -0.42378235
-0.06326294 0.21400452 -0.24906921
0.18412781 -0.44448853 -0.162323
0.33622742 -0.6980133 -0.18493652
0.34417725 -0.17510986 -0.21485901
0.32096863 0.2903595 -0.24357605
0.347229 0.11381531 -0.23318481
0.27270508 -0.10240173 -0.19348145
0.055236816 0.003250122 -0.19897461
-0.13902283 0.18896484 -0.18370056
-0.14328003 0.097335815 -0.11834717
-0.019897461 0.013031006 -0.04626465
0.106552124 0.0423584 0.044143677
0.14930725 0.20729065 0.14126587
0.14930725 0.27693176 0.19258118
0.15480042 0.15597534 0.18830872
0.12609863 -0.11769104 0.11378479
0.050338745 -0.29971313 -0.0053253174
-0.0021820068 -0.26368713 -0.109802246
-0.014389038 -0.07369995 -0.1476593
0.006378174 0.17919922 -0.12445068
0.11265564 0.22988892 -0.076187134
0.20733643 0.11199951 -0.07559204
0.20611572 0.016082764 -0.08718872
0.12487793 -0.08470154 -0.08657837
0.010025024 -0.16349792 -0.03404236
-0.05227661 -0.123794556 0.024597168
-0.01928711 -0.06820679 0.044143677
0.02468872 -0.048049927 0.049041748
0.021636963 -0.01689148 0.059417725
-0.030273438 -0.041931152 0.047821045
-0.11091614 -0.07675171 0.008712769
-0.11579895 -0.04071045 -0.045639038
-0.024169922 -0.03277588 -0.07130432
0.05279541 -0.06820679 -0.07069397
0.047286987 -0.111572266 -0.08596802
0.008804321 -0.13172913 -0.11405945
0.011245728 -0.11218262 -0.11224365
0.05279541 -0.083480835 -0.08291626
0.07356262 -0.040100098 -0.037704468
0.031417847 -0.034606934 0.008102417
-0.041275024 -0.07064819 0.0178833
-0.056549072 -0.11706543 0.003829956
-0.015014648 -0.11584473 0.005050659
0.015533447 -0.08592224 0.011764526
0.0045318604 -0.07064819 0.0056610107
-0.016235352 -0.02848816 0.00932312
0.019805908 0.0008087158 0.008712769
0.07539368 -0.016281128 -0.015716553
0.070510864 -0.03643799 -0.023651123
-0.013168335 -0.04988098 -0.035873413
-0.07853699 -0.009567261 -0.027328491
-0.05104065 0.0063171387 -0.011444092
0.015533447 -0.018722534 -0.004714966
0.051574707 -0.023605347 -0.004714966
0.035690308 -0.019943237 -0.0041046143
-0.016830444 -0.022384644 0.014831543
-0.041275024 -0.022384644 0.03253174
0.0033111572 -0.0572052 0.0337677
0.033859253 -0.07736206 0.03437805
0.037521362 -0.05293274 0.028869629
0.035079956 -0.071258545 0.035598755
-0.0027923584 -0.05659485 0.04170227
-0.030273438 -0.01689148 0.03253174
-0.02722168 -0.018722534 0.0074920654
-0.024169922 -0.005279541 -0.02671814
-0.017456055 -0.0028533936 -0.09880066
0.07234192 -0.055374146 -0.23747253
0.32829285 -0.027267456 -0.1940918
0.15235901 0.27388 -0.025497437
-0.1787262 -0.0077209473 0.1522522
-0.13717651 -0.27894592 0.24145508
0.03263855 0.09611511 0.10217285
0.055236816 0.4705658 0.027648926
-0.04005432 0.4235382 0.08079529
-0.07426453 0.10649109 0.1516571
0.007598877 -0.14334106 0.111328125
0.086380005 -0.14517212 0.042312622
0.12365723 -0.10118103 0.024597168
0.07783508 -0.10240173 0.060012817
-0.029663086 -0.04499817 0.115615845
-0.07609558 -0.038269043 0.15959167
-0.02355957 -0.059646606 0.1504364
0.070510864 -0.08287048 0.13272095
0.12915039 -0.09814453 0.12966919
0.11265564 -0.04559326 0.1822052
-0.0027923584 -0.09629822 0.4900818
0.02468872 -0.14639282 0.612854
0.13647461 -0.26856995 0.66111755
0.22383118 -0.31744385 0.7118225
0.24520874 -0.26184082 0.78756714
0.19818115 -0.2581787 0.89019775
0.07173157 -0.26184082 1.0007629
-0.08097839 -0.24169922 1.0484161
-0.12495422 -0.10180664 1.0056458
0.006378174 0.031967163 0.9622803
0.20245361 0.08023071 0.95433044
0.30630493 0.17796326 1.0545197
0.25804138 0.12788391 1.236557
0.05645752 0.007537842 1.3532257
-0.22514343 0.07962036 1.3245239
-0.35464478 0.2756958 1.1980743
-0.2471466 0.38749695 1.0899506
-0.07609558 0.49134827 1.0404663
0.046066284 0.53837585 1.0911713
0.09310913 0.38200378 1.1803589
0.011871338 0.28120422 1.2414398
-0.19949341 0.35939026 1.2255554
-0.4114685 0.4534607 1.2005157
-0.48355103 0.5634308 1.2463226
-0.40596008 0.6587219 1.2958221
-0.24041748 0.69659424 1.3562927
-0.085861206 0.5903015 1.4473114
-0.02355957 0.44003296 1.4998474
-0.07670593 0.34779358 1.5322113
-0.1005249 0.37527466 1.523056
-0.017456055 0.46202087 1.5303955
0.071121216 0.44308472 1.5810852
0.006378174 0.43025208 1.6372833
-0.16467285 0.6770477 1.6916504
-0.19154358 0.9049072 1.7680206
-0.004623413 0.792511 1.8071136
0.231781 0.48095703 1.7832794
0.32341003 0.35084534 1.7423553
0.24398804 0.4345398 1.7637329
0.078445435 0.5157776 1.8413086
-0.04798889 0.611084 1.8144379
-0.036392212 0.6654358 1.7228088
0.0082092285 0.65444946 1.6586609
0.006378174 0.5951996 1.6036987
0.0045318604 0.49806213 1.5817108
0.0051574707 0.39237976 1.5774231
-0.018676758 0.31724548 1.5731506
-0.065093994 0.28120422 1.5749817
-0.10359192 0.25065613 1.612854
-0.12313843 0.21217346 1.6611176
-0.13168335 0.19140625 1.6592865
-0.14878845 0.15719604 1.6195679
-0.19337463 0.13764954 1.5853729
-0.23248291 0.072280884 1.6220245
-0.24591064 -0.043777466 1.6824951
-0.25325012 -0.1402893 1.6806641
-0.2825775 -0.13235474 1.6134644
-0.27523804 -0.075531006 1.494339
-0.17749023 -0.018112183 1.3617859
-0.02722168 0.0093688965 1.2243347
0.07234192 -0.010787964 1.1571503
0.079055786 -0.06820679 1.1510315
0.013092041 -0.19892883 1.0954437
-0.053497314 -0.21054077 0.95373535
-0.03149414 -0.110961914 0.82666016
0.09921265 0.13032532 0.7698517
0.3325653 0.19506836 0.70755005
0.5732422 -0.16227722 0.6409607
0.6428833 -0.5263519 0.53344727
0.36372375 -0.35102844 0.4815216
-0.2746277 0.4247589 0.59513855
-0.70407104 0.8871918 0.71121216
-0.61976624 0.84931946 0.744812
-0.21781921 0.5377655 0.7014313
0.25621033 0.14620972 0.5554352
0.5854645 -0.016281128 0.3807373
0.7308655 0.020980835 0.35629272
0.7039795 0.109558105 0.417984
0.4804077 0.22744751 0.4900818
0.20489502 0.1920166 0.5303955
0.058288574 0.06373596 0.5267334
0.055847168 0.093048096 0.4460907
0.17007446 0.24516296 0.31903076
0.33073425 0.33862305 0.24511719
0.43397522 0.2518921 0.24572754
0.3948822 0.024642944 0.3135376
0.24154663 -0.20687866 0.3624115
0.057678223 -0.32476807 0.33979797
-0.0675354 -0.21847534 0.3000946
-0.089523315 -0.029724121 0.27015686
-0.05899048 0.09794617 0.24450684
-0.046157837 0.1614685 0.20478821
-0.010116577 0.028915405 0.17974854
0.06744385 -0.09446716 0.107055664
0.15664673 -0.17510986 0.0019989014
0.25437927 -0.15556335 -0.06581116
0.3423462 0.025863647 -0.10734558
0.4144287 0.2518921 -0.11590576
0.3814392 0.3538971 -0.104904175
0.2861328 0.23049927 -0.09207153
0.21833801 -0.052322388 -0.063964844
0.14379883 -0.34736633 -0.05848694
-0.16894531 -0.27713013 -0.01449585
-0.8800049 0.12237549 0.26527405
-1.5440063 0.22805786 0.75579834
-1.6148834 0.038085938 0.92134094
-1.195816 -0.03277588 0.5847626
-0.5556183 0.038085938 -0.045639038
0.12792969 0.036865234 -0.50502014
0.69725037 -0.02848816 -0.61865234
0.92022705 0.15109253 -0.4072876
0.6661072 0.6495514 -0.03526306
0.2836914 0.6422272 0.22923279
0.049743652 0.23110962 0.3440857
-0.025390625 -0.04927063 0.35263062
-0.00340271 -0.067596436 0.3000946
0.0002746582 0.05029297 0.2952118
-0.018066406 0.11199951 0.35751343
0.022247314 0.12359619 0.3984375
0.15357971 0.072906494 0.33491516
0.27270508 -0.10852051 0.1876831
0.2824707 -0.13235474 0.02949524
0.22566223 0.06800842 -0.11590576
0.19818115 0.1260376 -0.2111969
0.17863464 -0.060256958 -0.24906921
0.16885376 -0.19831848 -0.33642578
0.2293396 -0.13845825 -0.48120117
0.36494446 -0.013839722 -0.6192627
0.5170593 0.02708435 -0.6595764
0.5903473 -0.041931152 -0.58078
0.52804565 -0.16838074 -0.472641
0.32707214 -0.32598877 -0.45187378
-0.044937134 -0.2887268 -0.44638062
-0.40229797 -0.03765869 -0.4072876
-0.4927063 0.1773529 -0.35169983
-0.4096222 0.37956238 -0.33642578
-0.24836731 0.5255585 -0.30404663
-0.024780273 0.22195435 -0.2441864
0.24520874 -0.41456604 -0.30099487
0.41870117 -0.7291565 -0.49708557
0.36982727 -0.48664856 -0.6565094
0.15664673 -0.09202576 -0.60398865
-0.09320068 0.08572388 -0.30892944
-0.33815002 0.081451416 -0.001663208
-0.5391388 0.16390991 0.1663208
-0.5098114 0.2091217 0.18157959
-0.26669312 -0.016281128 0.075302124
-0.049819946 -0.2887268 -0.0010528564
-0.021728516 -0.35958862 -0.0010528564
-0.11824036 -0.17510986 0.023376465
-0.25935364 0.056411743 0.12171936
-0.38824463 0.15965271 0.27320862
-0.4487152 0.16331482 0.41737366
-0.34121704 0.13887024 0.4766388
-0.10847473 -0.018722534 0.4619751
0.04423523 -0.13050842 0.44059753
0.019805908 -0.004058838 0.42288208
-0.057159424 0.13459778 0.42349243
-0.05227661 0.092453 0.46502686
0.08149719 -0.13905334 0.45646667
0.179245 -0.16349792 0.4002838
0.102264404 0.040527344 0.42105103
-0.113967896 0.22744751 0.5682678
-0.3907013 0.36489868 0.7496948
-0.63565063 0.38200378 0.90301514
-0.7003937 0.2561493 0.93356323
-0.4560547 -0.009567261 0.6837158
-0.0027923584 -0.28323364 0.23777771
0.45352173 -0.52757263 -0.16171265
0.6538849 -0.399292 -0.36817932
0.47184753 0.24882507 -0.3095398
0.08027649 1.011795 -0.040161133
-0.20010376 1.1736755 0.31781006
-0.3235016 0.72836304 0.60736084
-0.3308258 0.13520813 0.6458435
-0.24285889 -0.31988525 0.40455627
-0.1811676 -0.31681824 0.14859009
-0.20803833 -0.01322937 0.0697937
-0.2489624 0.15292358 0.119277954
-0.28012085 0.14376831 0.1809845
-0.3235016 0.002029419 0.23228455
-0.37236023 -0.123184204 0.2793274
-0.378479 -0.22459412 0.2976532
-0.37786865 -0.32720947 0.2866516
-0.30578613 -0.39013672 0.1852417
-0.20132446 -0.3718109 0.1321106
-0.101135254 -0.3663025 0.1003418
-0.04676819 -0.2911682 0.08262634
0.058898926 -0.06942749 0.014221191
0.22444153 0.14987183 -0.06336975
0.21772766 0.2775421 0.049041748
-0.12251282 0.4375763 0.25305176
-0.38641357 0.3257904 0.27137756
-0.30456543 0.058242798 0.1864624
-0.005844116 -0.24780273 0.09056091
0.23849487 -0.29667664 0.039260864
0.14013672 -0.014450073 0.107055664
-0.19766235 0.15170288 0.1681366
-0.43955994 0.12176514 0.15837097
-0.45178223 0.05517578 0.12110901
-0.36747742 0.051513672 0.04475403
-0.22270203 0.121154785 -0.053588867
0.02041626 0.15841675 -0.12017822
0.25804138 0.081451416 -0.17210388
0.3179016 -0.04071045 -0.21730042
0.17312622 -0.04559326 -0.26678467
-0.04005432 0.031967163 -0.30465698
-0.24102783 0.22012329 -0.28266907
-0.35710144 0.2903595 -0.22096252
-0.41696167 0.23660278 -0.15499878
-0.35403442 0.06434631 -0.14949036
-0.20559692 -0.22581482 -0.1476593
-0.1164093 -0.24963379 -0.18859863
-0.12495422 0.03440857 -0.15988159
-0.18421936 0.2567749 -0.037704468
-0.246521 0.064956665 -0.0065612793
-0.2453003 -0.22703552 -0.12567139
-0.19459534 -0.5733948 -0.23747253
-0.2526245 -0.5856018 -0.20141602
-0.37786865 -0.16656494 -0.09451294
-0.47010803 0.3441162 0.027038574
-0.4420166 0.70513916 0.111328125
-0.35832214 0.64527893 0.20663452
-0.32899475 0.27937317 0.2878723
-0.3735962 -0.021774292 0.2671051
-0.45361328 -0.19648743 0.25794983
-0.4474945 -0.25268555 0.26649475
-0.33755493 -0.19465637 0.2164154
-0.16711426 0.13276672 0.17730713
0.02897644 0.39848328 0.19746399
0.17131042 0.44857788 0.24328613
0.16091919 0.32885742 0.28359985
0.01675415 0.13703918 0.2939911
-0.06997681 -0.06881714 0.3086548
-0.06997681 -0.110961914 0.3147583
-0.048599243 0.06983948 0.3086548
-0.021728516 0.3056488 0.3171997
0.04852295 0.1773529 0.29154968
0.08332825 -0.18855286 0.24938965
0.0027160645 -0.24169922 0.22740173
-0.041275024 -0.10240173 0.1980896
0.0069732666 -0.09385681 0.1876831
0.07539368 -0.035827637 0.19258118
0.13769531 0.13214111 0.15531921
0.18595886 0.21827698 0.05819702
0.1975708 0.17919922 0.022155762
0.14198303 0.1895752 0.091171265
0.1340332 0.21768188 0.12904358
0.17375183 0.15719604 0.13272095
0.15908813 0.0741272 0.1522522
0.07356262 0.077178955 0.13272095
0.014312744 0.13642883 0.11071777
-0.018066406 0.16268921 0.15837097
-0.03944397 0.06617737 0.20907593
-0.04371643 -0.07858276 0.1852417
-0.015014648 -0.11340332 0.10888672
-0.00035095215 -0.020553589 0.05026245
-0.01133728 0.0741272 0.034988403
0.01612854 -0.015670776 0.03253174
0.03201294 -0.088974 0.036209106
-0.009506226 -0.015670776 0.038650513
-0.05899048 0.06312561 0.038650513
-0.036392212 0.038085938 0.05819702
0.021636963 -0.013839722 0.08506775
0.0027160645 -0.022994995 0.0844574
-0.058380127 -0.04071045 0.083236694
-0.07304382 -0.055374146 0.10888672
-0.04371643 -0.06576538 0.1186676
-0.033935547 -0.051101685 0.12049866
-0.057769775 -0.024230957 0.14859009
-0.040664673 -0.022384644 0.14736938
0.014312744 -0.04437256 0.1003418
0.038742065 -0.02911377 0.05697632
-0.0052337646 0.008148193 0.05757141
-0.08648682 -0.017501831 0.09422302
-0.12863159 -0.048049927 0.09667969
-0.085861206 -0.033996582 0.07652283
0.02835083 0.0069274902 -0.011444092
0.0027160645 0.0093688965 -0.0028839111
-0.044937134 -0.02116394 0.020935059
-0.05593872 -0.035827637 0.010543823
-0.016235352 -0.006500244 -0.0053253174
0.023468018 -0.0004119873 -0.0041046143
0.033859253 -0.0016326904 -0.00044250488
0.022857666 0.014251709 0.0062713623
0.0014953613 0.011810303 0.031311035
-0.025390625 -0.006500244 0.047195435
-0.024169922 -0.030944824 0.03253174
0.010650635 -0.043151855 0.0178833
0.009429932 -0.02116394 0.028869629
-0.019897461 0.0026550293 0.030715942
-0.015609741 -0.0022277832 0.012390137
0.013092041 -0.0077209473 0.008102417
0.025909424 -0.015670776 0.00077819824
-0.0021820068 -0.02116394 -0.0041046143
-0.038223267 -0.022994995 0.002609253
-0.034561157 -0.019332886 0.01361084
-0.018066406 -0.03704834 0.008102417
-0.016830444 -0.035217285 -0.015106201
-0.008895874 -0.015670776 -0.033432007
0.022857666 -0.014450073 -0.024276733
0.02897644 -0.026046753 -0.007171631
-0.009506226 -0.02911377 -0.00044250488
-0.04676819 -0.018112183 0.0056610107
-0.037002563 -0.005279541 0.0129852295
0.0027160645 -0.0059051514 0.008102417
0.03201294 0.0014343262 0.014221191
0.027740479 -0.0022277832 0.023986816
-0.012573242 -0.051101685 0.031311035
-0.049209595 -0.048049927 0.03742981
-0.03517151 -0.038879395 0.016662598
0.014312744 -0.13235474 -0.044418335
0.36616516 -0.04071045 -0.17271423
0.51460266 0.7705231 -0.28388977
0.1486969 0.2714386 -0.162323
-0.28501892 -0.59355164 0.26405334
-0.4584961 -1.3015594 0.5853729
-0.26669312 -0.65586853 0.38806152
0.13954163 0.83343506 -0.030380249
0.6392212 1.0160828 -0.09817505
0.6037903 0.19140625 0.083847046
-0.06387329 -0.29849243 0.052703857
-0.37908936 -0.29055786 -0.015716553
-0.1493988 0.019760132 -0.019378662
0.20611572 0.16758728 -0.027938843
0.28431702 0.20301819 -0.0132751465
0.12365723 0.141922 0.0056610107
-0.027832031 0.028915405 0.034988403
-0.04676819 0.025253296 0.035598755
0.06561279 0.16453552 0.0044403076
0.21650696 0.29403687 -0.040756226
0.30691528 0.31602478 -0.04260254
0.29103088 0.22805786 0.011764526
0.23361206 0.11627197 0.042312622
0.20245361 0.10038757 0.030715942
0.22444153 0.16819763 -0.025497437
0.3117981 0.15597534 -0.029159546
0.38754272 0.07778931 0.018493652
0.34295654 -0.012008667 0.04660034
0.21650696 -0.099365234 0.04537964
0.17985535 -0.10668945 0.052703857
0.24398804 -0.107910156 0.107666016
0.2464447 -0.12745667 0.15287781
0.123031616 -0.14151001 0.17608643
-0.029663086 -0.12623596 0.15715027
-0.08770752 -0.11769104 0.1308899
-0.04310608 -0.15190125 0.1308899
0.082107544 -0.17266846 0.13882446
0.17253113 -0.17572021 0.123550415
0.1315918 -0.07736206 0.07223511
0.062561035 -0.04437256 0.039260864
0.05706787 -0.098739624 0.034988403
0.08456421 -0.14456177 0.02154541
0.1315918 -0.08287048 -0.021820068
0.19023132 -0.054763794 -0.044418335
0.19451904 -0.08041382 -0.048095703
0.15480042 -0.06086731 -0.04197693
0.08883667 -0.03704834 -0.024276733
0.025299072 -0.010787964 -0.012664795
0.01675415 -0.0413208 -0.01083374
0.04852295 -0.06147766 -0.011444092
0.071121216 -0.05293274 0.0062713623
0.06500244 -0.029724121 0.022766113
0.03996277 -0.018722534 0.020935059
0.013092041 -0.03277588 0.027648926
-0.010116577 -0.011383057 0.052078247
0.009429932 -0.0010070801 0.051483154
0.050338745 -0.019943237 0.030715942
-0.029663086 -0.035217285 0.0032196045
-0.033340454 -0.022384644 -0.012054443
-0.014389038 0.028305054 -0.0065612793
0.011871338 0.002029419 -0.0077819824
0.035079956 -0.02482605 -0.03892517
0.050964355 0.011199951 -0.06764221
0.05279541 0.003250122 -0.060928345
0.02468872 -0.02848816 -0.027938843
-0.03883362 0.025253296 -0.016937256
-0.33999634 0.3019867 -0.029769897
-0.493927 0.3032074 -0.12689209
-0.35710144 0.13825989 -0.09880066
0.08761597 -0.25634766 -0.00044250488
