69
96
105
124
146
163
182
201
221
241
263
279
298
317
337
356
376
395
414
434
453
472
494
512
530
550
569
588
608
627
647
667
687
707
727
747
767
787
807
828
848
867
887
907
928
947
967
987
1007
1027
1049
1067
1087
1107
1128
1148
1167
1187
1207
1230
1247
1272
1285
1305
1324
1344
1364
1393
1403
1421
1440
1459
1480
1499
1518
1538
1557
1575
1597
1616
1636
1652
1672
1691
1711
1732
1751
1770
1788
1807
1827
1849
1866
1885
1904
1923
1943
1964
1982
2002
2020
2040
2061
2079
2100
2120
2138
2156
2175
2195
2217
2234
2253
2272
2291
2311
2330
2349
2369
2388
2408
2427
2446
2468
2486
2508
2526
2547
2568
2588
2606
2626
2646
2671
2687
2706
2726
2746
2767
2788
2806
2826
2846
2867
2887
2906
2926
2946
2969
2986
3006
3027
3046
3065
3085
3104
3123
3143
3164
3181
3201
3220
3240
3259
3278
3297
3318
3337
3355
3375
3396
3415
3435
3452
3471
3490
3512
3529
3549
3569
3588
3607
3626
3646
3665
3684
3704
3723
3742
3761
3781
3800
3821
3840
3859
3878
3897
3916
3938
3957
3975
3994
4013
4032
4052
4071
4091
4111
4130
4149
4168
4189
4208
4227
4246
4265
4285
4305
4325
4345
4365
4385
4405
4425
4448
4465
4485
4506
4526
4545
4565
4585
4606
4628
4645
4666
4685
4706
4732
4745
4765
4785
4807
4826
4845
4866
4884
4903
4924
4943
4964
4981
5000
5019
5038
5062
5080
5097
5116
5135
5155
5177
5194
5213
5232
5251
5271
5293
5311
5330
5348
5368
5387
5407
5427
5449
5465
5485
5503
5522
5542
5564
5583
5600
5621
5639
5659
5678
5699
5716
5737
5754
5774
5794
5812
5833
5851
5871
5890
5911
5930
5948
5968
5987
6006
6026
6046
6069
6086
6104
6124
6145
6166
6185
6204
6224
6248
6264
6285
6304
6325
6347
6365
6385
6404
6424
6447
6465
6484
6504
6530
6548
6569
6584
6604
6624
6647
6675
6687
6702
6722
6741
6760
6780
6801
6819
6838
6857
6877
6900
6917
6935
6955
6973
6993
7012
7032
7054
7071
7089
7109
7128
7151
7167
7186
7213
7231
7244
7266
7283
7302
7321
7341
7360
7381
7400
7418
7438
7458
7476
7496
7516
7534
7554
7573
7592
7612
7632
7652
7670
7689
7708
7728
7747
7767
7786
7806
7824
7844
7864
7884
7903
7924
7944
7963
7985
8004
8023
8043
8084
8105
8123
8143
8163
8183
8203
8223
8243
8264
8283
8303
8323
8343
8363
8383
8403
8423
8443
8463
8482
8502
8521
8540
8560
8579
8599
8618
8638
8657
8677
8695
8714
8734
8754
8774
8792
8811
8830
8850
8871
8889
8908
8927
8947
8966
8986
9006
9024
9043
9063
9082
9101
9121
9141
9160
9179
9198
9218
9239
9259
9275
9295
9314
9334
9353
9374
9392
9411
9431
9449
9469
9490
9511
9529
9547
9567
9585
9607
9625
9644
9663
9683
9702
9723
9743
9762
9782
9802
9824
9843
9865
9882
9902
9924
9942
9964
9983
10003
10024
10042
10062
10085
10102
10122
10143
10162
10188
10202
10222
10242
10262
10282
10301
10320
10340
10359
10378
10398
10418
10438
10457
10481
10495
10514
10533
10553
10572
10595
10611
10630
10649
10669
10688
10707
10727
10746
10765
10784
10804
10823
10843
10863
10882
10901
10920
10939
10961
10981
10998
11017
11036
11057
11075
11097
11114
11133
11153
11172
11191
11213
11231
11251
11268
11288
11309
11326
11347
11366
11385
11408
11424
11443
11464
11485
11503
11521
11541
11563
11582
11602
11621
11642
11662
11683
11702
11721
11741
11761
11782
11801
11821
11841
11861
11881
11901
11922
11941
11961
11981
12001
12021
12041
12061
12082
12101
12120
12139
12159
12178
12198
12218
12236
12255
12275
12294
12313
12333
12352
12372
12390
12415
12430
12451
12469
12488
12507
12526
12545
12565
12586
12604
12623
12642
12661
12685
12702
12720
12739
12758
12777
12797
12819
12837
12856
12874
12894
12913
12932
12952
12971
12991
13019
13029
13049
13072
13088
13108
13126
13145
13164
13186
13205
13226
13243
13261
13281
13304
13324
13341
13360
13380
13400
13420
13440
13460
13480
13500
13521
13543
13560
13580
13600
13621
13646
13660
13682
13700
13721
13740
13760
13780
13800
13821
13840
13861
13880
13900
13919
13939
13959
13977
13996
14016
14036
14056
14075
14093
14113
14132
14151
14173
14191
14210
14228
14248
14267
14287
14307
14326
14345
14364
14383
14403
14423
14442
14462
14480
14499
14519
14538
14560
14577
14596
14616
14635
14654
14677
14693
14715
14732
14753
14771
14792
14810
14830
14848
14867
14886
14906
14926
14945
14964
14983
15002
15022
15046
15064
15081
15100
15119
15139
15160
15179
15199
15219
15239
15260
15280
15299
15319
15339
15360
15380
15399
15419
15439
15460
15479
15499
15520
15539
15561
15581
15599
15619
15639
15662
15681
15700
15718
15738
15760
15779
15798
15815
15835
15854
15873
15892
15914
15932
15950
15970
15989
16008
16029
16047
16068
16086
16105
16125
16145
16164
16183
16203
16221
16240
16260
16282
16299
16318
16337
16357
16376
16399
16415
16435
16454
16473
16493
16512
16532
16551
16572
16589
16608
16628
16648
16671
16687
16705
16724
16744
16764
16783
16802
16821
16840
16860
16879
16900
16921
16938
16958
16979
17001
17020
17038
17058
17078
17101
17121
17139
17158
17178
17199
17220
17238
17258
17278
17299
17318
17338
17358
17378
17399
17419
17438
17459
17478
17499
17518
17537
17558
17576
17595
17614
17634
17653
17673
17692
17711
17730
17752
17771
17789
17808
17827
17847
17866
17886
17905
17924
17943
17963
17982
18002
18021
18040
18059
18084
18098
18118
18139
18157
18176
18195
18214
18233
18254
18272
18292
18311
18330
18350
18370
18388
18408
18427
18446
18466
18485
18504
18524
18543
18562
18582
18601
18621
18642
18659
18679
18698
18718
18740
18758
18777
18798
18817
18841
18860
18878
18897
18917
18939
18957
18977
18997
19017
19039
19058
19077
19097
19117
19137
19157
19178
19198
19217
19237
19257
19277
19297
19317
19336
19357
19375
19394
19414
19433
19453
19472
19492
19510
19530
19549
19569
19588
19609
19627
19646
19665
19685
19704
19725
19744
19764
19781
19801
19820
19840
19859
19878
19898
19917
19937
19956
19977
19995
20013
20033
20052
20072
20093
20113
20131
20149
20168
20188
20207
20227
20247
20265
20284
20309
20323
20344
20362
20383
20400
20420
20439
20461
20480
20499
20517
20537
20557
20578
20597
20616
20637
20656
20680
20697
20717
20737
20757
20778
20797
20817
20837
20856
20879
20897
20917
20936
20956
20977
20998
21017
21036
21056
21077
21097
21116
21136
21156
21174
21194
21214
21232
21252
21271
21291
21310
21330
21349
21368
21387
21407
21428
21449
21469
21485
21503
21523
21543
21563
21582
21600
21621
21639
21658
21678
21699
21718
21737
21755
21774
21794
21815
21834
21853
21871
21890
21910
21930
21949
21968
21992
22007
22026
22045
22066
22085
22104
22123
22142
22161
22181
22201
22219
22239
22258
22278
22297
22317
22336
22358
22375
22396
22418
22440
22456
22476
22496
22517
22544
22557
22576
22597
22616
22635
22657
22675
22695
22715
22736
22756
22775
22795
22815
22836
22855
22875
22895
22916
22937
22955
22975
22993
23013
23032
23052
23070
23090
23109
23129
23148
23169
23187
23206
23225
23246
23264
23283
23302
23322
23342
23361
23380
23401
23420
23438
23457
23477
23496
23515
23537
23558
23575
23593
23612
23631
23652
23671
23691
23709
23728
23748
23767
23788
23807
23826
23844
23864
23883
23902
23922
23943
23961
23980
23999
24019
24040
24059
24077
24096
24115
24135
24156
24175
24195
24214
24234
24254
24275
24295
24314
24334
24354
24375
24395
24414
24434
24454
24475
24494
24514
24534
24554
24575
24594
24614
24634
24659
24677
24694
24714
24734
24754
24776
24795
24813
24831
24850
24870
24889
24909
24933
24948
24967
24986
25005
25026
25046
25064
25083
25102
25121
25141
25162
25179
25199
25218
25237
25257
25279
25297
25315
25334
25354
25373
25393
25412
25431
25450
25470
25489
25508
25528
25547
25567
25586
25605
25625
25645
25663
25682
25702
25721
25741
25760
25781
25798
25818
25837
25857
25876
25897
25915
25935
25954
25973
25993
26014
26034
26053
26073
26093
26115
26133
26153
26174
26193
26214
26233
26253
26273
26293
26314
26335
26353
26373
26394
26413
26434
26453
26473
26493
26515
26534
26553
26573
26591
26611
26632
26653
26672
26689
26708
26727
26747
26767
26785
26805
26824
26843
26863
26884
26901
26921
26940
26959
26987
27002
27019
27037
27056
27075
27095
27114
27135
27155
27173
27191
27211
27230
27251
27272
27290
27308
27327
27346
27367
27386
27405
27424
27443
27462
27482
27502
27521
27540
27559
27578
27598
27619
27638
27658
27675
27696
27714
27733
27754
27772
27792
27812
27832
27853
27872
27892
27912
27932
27953
27972
27993
28012
28032
28053
28072
28095
28112
28132
28153
28172
28192
28212
28232
28254
28272
28292
28312
28332
28352
28372
28391
28410
28430
28449
28468
28489
28507
28527
28546
28565
28585
28606
28624
28642
28662
28682
28701
28720
28741
28760
28778
28797
28817
28836
28856
28877
28894
28913
28933
28952
28973
28991
29010
29029
29049
29068
29088
29108
29130
29145
29165
29184
29204
29225
29243
29262
29281
29300
29320
29341
29362
29379
29397
29417
29437
29455
29476
29494
29513
29532
29552
29572
29592
29611
29631
29651
29671
29692
29711
29731
29751
29771
29792
29812
29831
29851
29871
29894
29912
29931
29951
29971
29993
30011
30031
30051
30071
30092
30111
30133
30151
30171
30191
30212
30229
30249
30268
30287
30310
30328
30346
30365
30384
30403
30423
30444
30463
30482
30500
30520
30539
30558
30579
30597
30617
30635
30654
30674
30695
30714
30732
30752
30771
30790
30809
30832
30849
30868
30887
30906
30926
30951
30967
30985
31003
31022
31042
31061
31081
31101
31119
31139
31158
31177
31202
31218
31236
31255
31274
31293
31317
31334
31353
31372
31390
31410
31432
31452
31472
31490
31510
31533
31552
31573
31590
31610
31633
31650
31670
31691
31710
31730
31751
31770
31790
31810
31830
31851
31871
31890
31910
31931
31953
31970
31990
32009
32028
32048
32068
32086
32106
32125
32144
32164
32184
32206
32222
32241
32261
32280
32301
32319
32339
32357
32377
32396
32415
32435
32455
32473
32492
32512
32531
32553
32571
32590
32609
32628
32647
32670
32688
32707
32725
32744
32764
32783
32802
32823
32841
32861
32880
32900
32919
32938
32959
32977
32996
33015
33036
33054
33073
33092
33113
33132
33152
33171
33190
33210
33229
33250
33270
33289
33311
33329
33349
33369
33389
33409
33429
33449
33469
33489
33509
33530
33550
33569
33589
33611
33632
33649
33669
33692
33710
33729
33749
33769
33790
33810
33828
33847
33866
33886
33908
33925
33944
33963
33983
34002
34021
34042
34060
34079
34099
34118
34137
34160
34177
34197
34215
34234
34253
34276
34294
34314
34331
34350
34370
34389
34408
34427
34448
34466
34486
