-166.76788 -126.17798 82.09076
-167.07611 -126.638794 78.227234
-168.44177 -126.379395 81.2027
-168.44177 -126.379395 81.2027
-168.44177 -126.379395 81.2027
-168.44177 -126.379395 81.2027
-168.33801 -127.8595 80.903625
-168.29224 -126.52588 79.8645
-168.47229 -127.42157 80.01099
-168.48145 -127.71759 79.714966
-167.53998 -126.80054 79.41742
-166.46576 -126.46942 79.859924
-167.56592 -127.542114 79.86145
-166.61072 -126.327515 78.52173
-167.57355 -127.83966 79.41589
-167.87872 -127.84729 79.86145
-167.41486 -127.68707 78.52173
-167.07916 -126.63727 79.26788
-167.37518 -126.34735 79.71344
-167.88788 -128.14484 80.15747
-168.28613 -126.22681 80.90668
-165.88593 -127.3407 80.00488
-167.57507 -127.838135 79.86145
-167.40875 -127.388 79.711914
-167.54913 -127.09808 79.11987
-166.21246 -128.09448 79.11224
-168.15643 -126.96686 80.45807
-166.48407 -127.06299 79.859924
-166.82281 -128.11127 80.15442
-167.53998 -126.80054 79.41742
-168.17169 -127.412415 80.45654
-167.24701 -127.08435 80.60455
-166.76025 -126.182556 79.11835
-166.83502 -128.55988 78.66821
-166.83502 -128.55988 78.66821
-167.71088 -127.40021 79.26788
-167.56287 -127.545166 78.67279
-166.50696 -127.80609 79.115295
-167.40417 -127.39105 78.22571
-167.82684 -126.2146 79.8645
-167.53082 -126.50452 79.11987
-167.4408 -128.42712 79.71039
-167.21649 -126.19629 79.41742
-167.38434 -126.6449 79.71344
-165.86151 -126.597595 80.00641
-166.80298 -127.519226 79.115295
-166.16058 -126.46179 79.115295
-167.18903 -125.45471 78.37677
-165.53497 -125.84381 80.00641
-167.65442 -125.61493 79.71649
-166.73737 -125.43793 80.159
-167.50336 -125.76141 78.378296
-166.78925 -127.07214 80.15747
-166.77856 -126.77612 79.11682
-167.23328 -126.79138 78.67279
-167.04102 -125.59967 77.7832
-167.83447 -126.51367 79.11987
-167.08679 -126.934814 78.97034
-166.78772 -127.07367 79.11682
-167.04712 -125.59509 80.01099
-166.45508 -126.1734 79.41589
-167.84058 -126.81122 78.37677
-167.16919 -124.71008 79.418945
-166.50085 -127.50702 80.6015
-167.69257 -126.95618 78.22876
-166.31622 -126.615906 78.52173
-166.61377 -126.32446 80.007935
-168.27698 -126.23291 77.63672
-164.67438 -127.45056 79.85382
-166.61835 -126.62506 78.22571
-167.25922 -127.53296 79.11682
-168.29224 -126.52588 80.16205
-167.57355 -127.83966 79.41589
-167.35077 -125.60425 80.01099
-167.1112 -127.67792 78.52173
-167.86652 -127.55432 78.67279
-169.21997 -127.00043 79.71802
-166.47186 -126.76849 78.671265
-168.1366 -126.371765 79.71649
-167.8833 -128.14789 78.37372
-169.23676 -127.445984 80.45807
-168.14117 -126.67236 78.230286
-167.56897 -127.54059 80.9021
-169.06128 -126.84784 79.122925
-170.30182 -127.47803 80.76019
-168.80951 -128.46985 79.714966
-167.3584 -125.90332 78.52478
-166.1789 -127.05536 79.41284
-166.77551 -126.77765 77.92816
-168.30902 -127.12097 79.418945
-168.35785 -128.60565 79.11835
-167.07306 -126.338196 80.45502
-165.8493 -126.3031 78.5202
-167.67426 -126.361084 78.22876
-167.67426 -126.361084 78.22876
-165.70587 -126.44501 80.155945
-166.7862 -127.075195 78.671265
-165.8493 -126.301575 78.967285
-166.64734 -127.36511 79.71039
-167.56287 -127.545166 78.67279
-166.29486 -125.86975 79.26788
-167.84515 -126.80817 79.862976
-166.33911 -127.35901 78.22418
-166.63208 -126.919556 80.007935
-167.5705 -127.84119 77.92969
-166.48102 -127.06604 78.671265
-167.2348 -126.789856 79.41589
-166.47339 -126.76697 79.11682
-167.25922 -127.53296 79.41437
-167.08832 -126.934814 79.26788
-168.70422 -125.354004 77.78931
-167.08984 -126.93329 79.71344
-167.5415 -127.10266 76.44501
-166.65955 -127.96326 77.778625
-166.8045 -127.5177 80.155945
-166.82129 -128.1128 79.411316
-167.25616 -127.534485 77.92816
-166.8045 -127.5177 80.155945
-167.8772 -127.848816 79.41589
-167.6773 -126.35956 79.26941
-169.20624 -126.70593 78.23181
-168.3197 -127.56958 77.63367
-167.45148 -128.72467 79.71039
-169.11774 -128.63159 78.67432
-166.61072 -126.327515 78.52173
-166.61072 -126.327515 78.52173
-168.32123 -127.568054 78.37677
-167.56592 -127.542114 79.86145
-169.50989 -126.71356 78.97644
-168.6615 -128.61633 78.67279
-167.15393 -129.01611 78.51868
-168.17322 -127.71301 77.7832
-169.50989 -126.71509 78.52936
-168.4784 -127.72064 78.52478
-168.78662 -127.726746 79.71649
-169.20776 -126.70593 78.52783
-169.21692 -127.00195 78.974915
-167.40417 -127.39105 78.22571
-168.46466 -127.42767 76.74255
-168.64471 -128.17078 77.92969
-167.91534 -129.19006 77.62909
-169.4046 -128.19519 78.378296
-167.72003 -127.99988 75.997925
-167.72003 -127.99988 75.997925
-167.72003 -127.99988 75.997925
-170.57343 -126.75018 77.493286
-169.5404 -127.75574 77.48871
-169.40155 -128.19824 76.89209
-168.82172 -129.06952 77.03705
-170.92285 -128.24402 77.19116
-168.77136 -127.4353 77.48718
-170.16296 -128.22113 77.18964
-169.97528 -127.02637 78.23486
-168.1961 -128.45612 77.48413
-168.19153 -128.45917 75.997925
-170.92285 -128.24554 76.89514
-169.66248 -126.87073 76.449585
-170.9137 -127.948 76.89667
-169.24896 -128.0426 78.230286
-171.52405 -127.96631 77.6413
-169.17114 -125.66681 77.490234
-169.99664 -127.770996 76.74713
-170.14313 -127.62909 76.15204
-171.0617 -127.80304 77.04468
-171.04645 -127.5116 74.816895
-169.69757 -127.90985 76.893616
-171.85516 -128.86963 76.30463
-170.46509 -128.23181 76.44806
-171.97571 -127.98309 75.70953
-172.2763 -127.69318 77.64282
-172.45483 -128.5904 76.75171
-170.15228 -127.92511 76.449585
-171.81396 -127.53296 76.75171
-172.89124 -127.8595 78.23944
-172.1283 -127.838135 76.75171
-171.17767 -126.62048 77.64282
-172.7478 -128.302 76.15662
-171.40045 -128.85437 76.74866
-171.51337 -127.67029 77.194214
-172.76306 -128.74756 76.45416
-171.34247 -127.07062 77.04773
-170.88013 -126.908875 76.89819
-173.68317 -128.92456 77.05078
-174.10431 -127.74963 78.3905
-172.89886 -128.15857 77.49634
-173.79913 -127.73895 77.94495
-173.79913 -127.73895 77.94495
-172.79663 -129.78668 77.194214
-175.17548 -128.07922 77.20337
-173.35815 -128.32184 76.901245
-173.7915 -127.74353 75.41809
-171.40045 -128.85284 77.04468
-171.51184 -127.671814 76.15509
-172.74017 -128.00293 77.197266
-172.7356 -128.0075 74.96948
-173.35663 -128.32184 76.15814
-172.4289 -127.848816 75.56305
-173.6557 -128.18451 76.01318
-173.21625 -128.61328 77.049255
-173.80524 -128.03802 76.9043
-173.24982 -129.65546 76.75171
-174.72992 -128.66669 74.079895
-172.12524 -127.83966 76.008606
-173.0423 -128.01514 76.457214
-173.64044 -127.58942 76.75629
-173.38867 -129.36401 75.70953
-173.9624 -128.19061 77.05231
-173.64807 -127.88544 76.31073
-174.55444 -127.76642 76.460266
-173.95172 -127.89459 76.31073
-174.25842 -127.90527 76.75781
-172.9187 -128.90472 76.008606
-173.98376 -128.93677 76.01166
-173.02856 -127.72217 74.67346
-174.09973 -127.752686 76.161194
-173.97003 -128.64075 74.52545
-175.6546 -128.83911 76.46179
-175.6546 -128.83911 76.46179
-173.34595 -128.02582 75.712585
-174.79553 -130.74646 73.7793
-174.83978 -127.33307 74.679565
-175.35858 -129.28009 74.079895
-175.17395 -128.08075 76.164246
-174.89166 -128.81622 75.71564
-174.70703 -127.923584 74.08142
-174.71161 -127.92053 75.56763
-175.81024 -128.99475 75.56915
-175.99945 -130.18799 75.71411
-176.70135 -128.42865 74.97864
-174.7528 -129.25873 75.268555
-175.79346 -128.70178 73.34137
-175.32043 -127.93884 75.56915
-175.31738 -127.94037 74.827576
-175.19836 -128.82385 76.16272
-175.12817 -126.74713 75.42267
-175.63629 -128.3966 74.975586
-175.30823 -127.64435 74.827576
-174.7055 -127.923584 73.783875
-175.65918 -129.14124 74.67804
-175.18005 -128.38135 74.97406
-175.76447 -127.65961 74.531555
-174.7055 -127.923584 73.783875
-174.5636 -128.36609 73.18878
-175.31433 -127.94342 73.34137
-174.28131 -128.95203 73.04077
-174.22028 -126.867676 75.27313
-175.1709 -128.0838 74.975586
-174.07532 -127.31323 73.19031
-175.16022 -127.78778 74.67804
-175.12817 -126.74866 74.97711
-174.82758 -127.03705 73.490906
-174.68109 -127.18353 73.34137
-173.28644 -126.397705 73.19031
-173.76404 -127.00348 73.93341
-173.89984 -126.564026 73.0423
-175.15564 -127.79083 73.19183
-174.25537 -128.20892 72.59674
-174.98169 -127.19269 72.59979
-175.00916 -127.93274 73.7854
-175.70038 -125.87891 72.602844
-176.64948 -127.09656 72.00928
-173.76862 -127.30408 72.447205
-173.89984 -126.564026 73.0423
-174.54529 -127.77252 73.19031
-175.87585 -126.47705 73.939514
-174.8169 -126.74255 73.19336
-174.48578 -125.990295 72.45026
-174.48425 -125.990295 72.0047
-174.97559 -126.89514 73.342896
-174.86115 -128.07617 73.48938
-174.25232 -127.908325 74.5285
-174.11499 -128.3493 74.97101
-175.13123 -127.04773 73.19336
-174.66736 -126.88751 71.85516
-174.8169 -126.74255 73.19336
-175.1419 -127.34375 73.490906
-176.65253 -127.09503 72.75238
-175.31433 -127.94342 73.34137
-176.83105 -127.69165 75.27771
-176.83105 -127.69165 75.27771
-177.1347 -127.70233 74.83215
-177.1347 -127.70233 74.83215
-177.1347 -127.70233 74.83215
-177.1347 -127.70233 74.83215
-177.7237 -127.12402 75.42877
-175.63629 -128.3966 74.975586
-177.90985 -128.01819 76.76697
-177.6535 -129.79736 73.78845
-176.57318 -129.31824 73.7854
-176.29242 -129.8996 75.42114
-177.79083 -129.20685 74.98016
-178.13568 -130.55267 74.68109
-178.40118 -129.37622 74.087524
-177.92664 -128.76434 74.83368
-178.12805 -130.25665 74.97864
-179.0451 -130.43213 74.83215
-178.58582 -130.27039 74.98016
-179.93011 -129.56848 75.4303
-179.9118 -128.97491 74.98627
-179.27704 -128.2135 73.94562
-178.862 -129.53796 74.23859
-178.72925 -130.12848 73.34747
-178.72925 -130.12848 73.34747
-178.51105 -128.19366 72.457886
-179.91028 -128.97491 74.68872
-180.79681 -128.11127 75.286865
-179.57764 -128.22723 72.45941
-179.44336 -128.81622 73.05298
-179.7821 -129.86603 73.05298
-179.43115 -128.37067 73.35205
-179.43115 -128.37067 73.35205
-178.97491 -128.35388 73.794556
-179.43115 -128.36914 73.79608
-178.9917 -128.79791 74.835205
-179.91028 -128.97491 74.68872
-179.31061 -129.25568 74.24164
-179.56085 -127.48108 74.98779
-178.81927 -128.19977 74.24164
-180.8487 -129.8996 73.35205
-179.71802 -127.786255 73.35358
-180.48248 -127.804565 75.286865
-179.90875 -128.97644 73.94562
-179.90875 -128.97644 73.94562
-179.44946 -128.81165 75.28229
-179.28314 -128.20892 76.17493
-180.36804 -128.98865 74.69025
-180.22003 -129.1336 74.83826
-179.75464 -128.8208 75.28381
-180.36957 -128.98865 74.98779
-180.78308 -127.819824 73.3551
-178.49121 -127.449036 73.94562
-179.85992 -127.49176 73.94867
-178.94135 -127.316284 73.35205
-180.35126 -128.54462 73.94714
-180.18799 -128.09143 75.28534
-178.9627 -128.05786 72.60742
-179.72107 -127.7832 74.54224
-179.45862 -129.11072 74.539185
-178.06549 -128.47443 73.49548
-180.85632 -130.19562 72.60895
-180.38483 -129.58527 74.243164
-179.00238 -129.09546 74.835205
-180.49774 -128.40118 74.09668
-178.84369 -128.94287 73.942566
-181.44989 -129.61884 74.24469
-179.46777 -129.40826 74.53766
-181.4331 -129.02222 74.69177
-179.87976 -128.23639 72.46094
-180.15442 -127.05231 75.286865
-179.90875 -128.97644 74.243164
-179.58832 -128.52325 72.75543
-178.82843 -128.49731 74.24011
-179.9408 -130.01709 73.94409
-178.82843 -128.49731 73.942566
-180.38635 -129.58374 74.68872
-180.50995 -128.84674 73.79761
-178.49121 -127.449036 74.243164
-179.30145 -128.9566 73.94409
-178.71857 -129.83246 73.34747
-179.4342 -128.36761 74.54071
-180.24597 -129.87518 75.57831
-178.71857 -129.83246 73.34747
-179.74854 -128.82538 73.054504
-180.68085 -129.2984 73.94714
-178.84369 -128.94287 73.942566
-178.98865 -128.80096 73.349
-178.54767 -129.23279 73.49701
-180.33295 -127.95105 74.246216
-178.97491 -128.35388 73.794556
-179.4342 -128.36761 74.54071
-179.61273 -129.26788 73.20099
-179.61273 -129.26788 73.20099
-180.18341 -128.09601 73.35358
-179.00848 -129.39453 73.791504
-180.3833 -129.58527 73.50006
-179.3045 -128.95508 74.98474
-178.79486 -127.45819 74.243164
-181.12793 -129.01459 74.246216
-179.73785 -128.3783 74.09515
-178.96881 -128.05481 74.83673
-178.85284 -129.24194 73.942566
-179.44641 -128.8147 74.0921
-179.30145 -128.9566 74.24164
-179.27551 -128.2135 73.50006
-180.70068 -130.0415 73.202515
-180.59845 -126.62048 75.43793
-181.25458 -128.125 76.031494
-179.91028 -128.97491 74.68872
-181.59332 -129.17328 76.32904
-181.5567 -128.13416 75.28992
-180.82123 -128.85437 76.02844
-180.65796 -128.55225 74.69025
-179.85992 -127.49176 73.94867
-180.33295 -127.95105 73.94867
-178.81775 -128.19977 73.498535
-179.90875 -128.97644 73.94562
-180.31769 -127.50549 73.950195
-180.16205 -127.35138 74.54376
-178.84369 -128.94287 73.942566
-181.09131 -127.97699 73.20709
-180.78003 -127.819824 72.612
-179.87366 -127.93732 73.50159
-179.87366 -127.93732 73.50159
-179.23126 -126.87988 73.20404
-179.72107 -127.7832 74.54224
-179.41895 -128.07465 72.309875
-177.75574 -128.16467 74.68414
-180.1712 -127.79999 72.61047
-179.8584 -127.49176 73.50311
-178.98712 -128.80096 73.05145
-180.67322 -128.9978 74.69025
-178.9383 -127.31781 72.309875
-179.40063 -127.32849 74.54224
-180.48553 -128.10516 73.057556
-178.51105 -128.19366 72.457886
-178.80554 -127.9068 72.457886
-180.50995 -128.84674 73.79761
-179.25262 -127.471924 73.94714
-179.20685 -126.135254 73.20557
-180.19562 -128.3905 74.83978
-179.70276 -127.33917 73.79913
-179.70276 -127.33917 73.79913
-179.70276 -127.33917 73.79913
-177.45209 -128.45917 71.26465
-179.45557 -129.11377 73.350525
-179.88129 -128.23486 73.20404
-179.5456 -127.186584 73.20404
-179.72717 -128.08075 73.79761
-180.61371 -127.2171 73.950195
-179.57611 -128.22723 72.013855
-178.8086 -127.90375 73.498535
-180.33142 -127.95105 73.50311
-179.3869 -127.034 73.05603
-180.63507 -127.96173 73.20557
-179.71497 -127.786255 72.61047
-180.3299 -127.952576 72.76001
-179.43115 -128.37067 73.35205
-180.14679 -127.056885 72.612
-180.14984 -127.056885 73.3551
-178.79181 -127.45972 73.202515
-180.31769 -127.50549 74.24774
-179.35486 -125.99335 73.3551
-180.18951 -128.39355 72.61047
-180.15594 -127.35443 72.612
-179.53796 -126.88904 73.50159
-179.1977 -125.83923 72.76001
-179.73022 -128.07922 74.54224
-180.29785 -126.91193 73.50464
-179.71497 -127.786255 72.61047
-178.80707 -127.90527 73.20099
-178.06396 -128.47595 72.75238
-180.49622 -128.40271 73.3551
-178.75061 -126.119995 73.50159
-178.02429 -127.13776 74.24164
-178.05481 -128.1784 72.75391
-178.65295 -127.752686 73.350525
-179.5456 -127.186584 73.20404
-178.66821 -128.34625 72.60742
-178.81622 -128.2013 73.20099
-177.919 -128.76892 71.86127
-178.35846 -128.34167 70.37506
-179.41132 -127.7771 73.054504
-181.05774 -126.93787 73.20862
-181.05774 -126.93787 73.20862
-179.27246 -128.21655 72.45941
-179.87976 -128.23639 72.46094
-178.34473 -127.745056 72.30682
-180.13611 -126.76239 71.57135
-178.9383 -127.316284 72.60895
-178.97491 -128.35541 73.350525
-177.72675 -127.42615 72.75391
-178.96423 -128.05786 73.05298
-178.6377 -127.3056 73.79608
-179.28314 -128.51257 73.20099
-178.65143 -127.752686 73.05298
-179.54712 -127.18506 73.50159
-178.68195 -128.79181 72.605896
-180.14984 -127.056885 73.3551
-178.79181 -127.45972 72.75696
-178.6377 -127.3056 73.79608
-178.97339 -128.35541 73.05298
-177.87628 -127.28119 73.794556
-177.13776 -128.0014 72.602844
-178.9566 -127.76184 73.350525
-178.50342 -127.89612 73.20099
-179.41284 -127.77557 73.79608
-178.77655 -126.864624 73.94562
-177.09961 -126.66321 74.08905
-177.87628 -127.28119 73.794556
-179.54865 -127.18506 73.94714
-178.47748 -126.85242 75.727844
-176.75781 -125.61493 73.05298
-177.54974 -126.68152 71.56525
-179.36707 -126.28784 74.09668
-179.36707 -126.28784 74.09668
-176.18713 -126.78528 73.19641
-176.77917 -126.208496 73.349
-177.69775 -126.53656 72.457886
-175.89111 -127.07214 73.194885
-176.20697 -127.37732 73.49396
-176.17798 -126.48773 72.75238
-175.54016 -125.42572 74.68414
-177.38037 -126.0788 72.75543
-175.80719 -124.39728 73.49701
-175.80414 -124.40033 72.45636
-176.42517 -124.56055 75.28229
-177.45361 -123.55652 73.79913
-173.78235 -122.69592 75.279236
-174.64752 -121.240234 74.98627
-173.89374 -121.51642 74.24011
-174.95117 -121.24939 74.68872
-174.07684 -122.41211 74.835205
-172.85461 -122.22595 74.98016
-173.74725 -121.658325 74.835205
-173.55957 -120.46356 75.72632
-172.20459 -120.866394 75.57526
-172.45331 -119.09027 76.1734
-173.3902 -119.86542 75.579834
-172.46094 -119.39087 75.72479
-171.86584 -119.81964 74.83368
-171.94061 -117.29584 76.17493
-172.89886 -118.811035 75.28381
-172.15271 -119.23218 75.57831
-172.73865 -118.65845 74.68872
-172.66388 -116.28113 74.990845
-173.64502 -118.53943 73.79761
-173.7915 -118.39905 73.20557
-174.21875 -117.6712 72.01843
-174.59412 -119.758606 72.76001
-173.38562 -119.86847 74.09363
-173.98987 -119.88983 72.61047
-175.53406 -120.68024 72.31293
-175.52185 -120.38574 71.12579
-174.80316 -121.698 71.12274
-174.80621 -121.69495 72.60895
-173.88763 -121.51947 72.0108
-175.07782 -120.66345 72.61047
-176.47858 -121.90094 70.23468
-173.76709 -122.40448 73.04993
-175.4364 -122.309875 72.75696
-174.51324 -121.98334 73.05298
-175.43793 -122.30835 73.50006
-175.88348 -122.02606 73.057556
-174.07227 -122.41516 73.05145
-176.0315 -121.8811 73.50311
-174.53613 -122.72644 72.30682
-176.4801 -121.595764 73.950195
-173.80066 -123.44208 73.78998
-174.96643 -121.847534 73.50006
-174.95422 -121.55151 72.45941
-174.94507 -121.25397 72.45941
-175.91553 -123.06671 72.309875
-175.68817 -120.83435 71.71936
-177.49786 -120.295715 72.46857
-175.50507 -119.63806 74.098206
-174.90692 -120.217896 70.5307
-174.90692 -120.217896 70.5307
-176.85547 -119.38934 70.09125
-176.5747 -119.97223 71.873474
-177.31018 -119.4046 69.64722
-175.8133 -119.94934 71.128845
-177.65198 -120.451355 71.1319
-177.20032 -120.58563 70.98236
-178.1189 -120.762634 71.57745
-178.30963 -121.95587 71.725464
-178.30963 -121.95587 71.725464
-178.30963 -121.95587 71.725464
-178.30963 -121.95587 71.725464
-177.28882 -123.410034 70.5307
-175.76752 -123.361206 71.269226
-177.01263 -124.142456 71.5683
-176.38245 -123.52753 71.5683
-176.38245 -123.52753 71.5683
-177.7649 -123.86627 72.31445
-178.2486 -124.923706 70.825195
-176.37634 -123.53058 69.33899
-177.00958 -124.142456 70.82367
-177.59552 -123.41614 71.71936
-177.75116 -123.57025 71.12732
-176.83105 -123.3963 70.529175
-177.78015 -124.61395 69.63959
-177.41089 -122.525024 69.34357
-177.23999 -121.92688 69.79065
-177.24304 -121.92383 70.980835
-180.22003 -120.08972 69.355774
-179.22668 -122.1344 71.57898
-181.7276 -119.540405 71.58966
-181.7276 -119.540405 71.58966
-181.1264 -119.66858 72.47772
-181.23627 -118.4845 71.14563
-182.17926 -119.4046 71.29364
-182.46765 -118.96973 70.55206
-180.43976 -117.42554 69.36035
-180.49469 -119.05823 70.39642
-181.28967 -120.12024 71.14258
-180.8548 -120.69855 71.73309
-180.39703 -120.684814 70.98999
-181.1966 -122.050476 69.799805
-180.61523 -122.92175 69.64874
-179.75616 -124.52698 70.53528
-179.71039 -123.039246 70.98541
-181.19965 -122.047424 70.98999
-182.38983 -121.19293 71.588135
-183.91113 -121.240234 71.59271
-183.86993 -119.90204 72.335815
-183.28857 -120.77484 71.7392
-183.02307 -121.80023 73.5199
-181.17065 -121.00372 73.2193
-181.77032 -120.87555 71.884155
-181.48651 -121.458435 72.03064
-183.39081 -119.1452 72.335815
-183.38165 -118.84766 72.335815
-182.33948 -119.55719 72.33276
-182.44934 -118.37463 71.00067
-182.18536 -119.7052 70.251465
-181.25305 -119.081116 70.103455
-180.35431 -119.34662 71.28906
-180.21393 -119.78912 71.13953
-179.39758 -117.98248 71.14105
-180.51453 -119.80286 69.65332
-179.62036 -120.36743 69.503784
-180.8075 -119.3634 70.24994
-179.1565 -120.05615 70.095825
-176.76697 -121.31348 71.27533
-179.06342 -121.67969 72.47009
-180.00336 -122.602844 71.57898
-178.75824 -121.821594 70.832825
-179.09393 -122.72186 70.98389
-178.78265 -122.56622 70.38574
-178.63617 -122.70813 71.27838
-178.45917 -121.80939 72.6181
-180.08575 -120.37659 72.4762
-180.05066 -119.33594 72.032166
-180.36346 -119.64569 70.991516
-182.04193 -119.84711 71.58966
-179.60052 -119.6228 71.28601
-180.97687 -119.81354 71.58661
-181.85272 -118.65387 71.295166
-181.89697 -119.98901 71.73767
-180.93414 -118.47534 71.58966
-180.2948 -117.567444 70.251465
-180.93414 -118.47534 71.58966
-181.1142 -119.37103 71.29059
-181.68182 -118.05267 72.33276
-181.06232 -117.58728 72.77985
-183.21228 -118.39752 72.04132
-181.79626 -116.86859 71.743774
-182.72552 -117.492676 70.851135
-182.72552 -117.492676 70.851135
-182.70416 -116.74805 71.89484
-182.24945 -116.73279 72.63641
-182.38678 -116.293335 72.4884
-180.91125 -117.733765 71.59119
-182.66144 -115.4129 71.598816
-181.81305 -117.31415 73.228455
-181.93817 -116.42456 73.82355
-182.99103 -116.163635 72.34039
-181.32324 -116.25824 72.7829
-182.27844 -117.474365 74.11957
-182.12585 -117.622375 72.48535
-181.30646 -115.81421 72.48688
-181.0257 -116.54663 72.03827
-180.75256 -117.5827 70.55054
-181.01807 -116.25061 72.483826
-181.29578 -115.51666 71.743774
-178.41492 -115.72418 72.47925
-179.50287 -116.49933 72.03522
-179.49371 -116.20331 72.03522
-178.58887 -116.3208 73.072815
-180.0766 -115.32898 73.07892
-179.53644 -117.541504 72.03369
-178.0777 -119.42444 72.32208
-178.63464 -117.959595 70.39337
-179.87976 -118.73932 71.58508
-179.1275 -119.01245 71.8811
-180.29785 -117.56592 71.292114
-177.31781 -119.400024 72.32056
-177.7359 -118.2251 72.77069
-179.42657 -118.722534 73.07129
-179.42657 -118.722534 73.07129
-179.3274 -120.35217 73.21625
-178.56445 -120.32776 72.769165
-178.36914 -118.98804 72.32361
-178.3722 -118.98651 73.36578
-178.38593 -119.43054 73.809814
-178.9917 -119.29932 73.96088
-179.19006 -120.791626 74.105835
-179.88281 -118.73627 73.07129
-177.45361 -118.80646 73.51074
-178.68652 -119.44122 72.62268
-178.4607 -117.21039 72.03064
-179.38538 -117.385864 73.37189
-178.52936 -119.288635 72.473145
-179.50897 -116.49628 73.96698
-178.92456 -117.22107 73.96393
-178.19061 -118.24036 72.02911
-177.70386 -117.18445 73.51532
-180.4718 -118.00995 74.56055
-179.53186 -117.240906 73.965454
-179.2633 -118.270874 73.9624
-180.27954 -116.81671 73.52295
-179.85382 -117.69409 74.56055
-180.28107 -116.81671 74.26605
-180.45807 -117.71698 73.07587
-180.29785 -117.26227 75.00763
-178.47748 -117.50488 74.25995
-180.73578 -116.83197 73.524475
-179.86298 -117.99011 74.85657
-180.44128 -116.96777 75.6012
-178.95508 -118.26172 73.2193
-180.08575 -115.626526 73.07892
-181.0379 -116.84265 73.22693
-181.0379 -116.84265 73.22693
-181.0379 -116.84265 73.22693
-179.43115 -118.71948 74.557495
-179.40674 -117.97638 74.55902
-180.2948 -117.263794 73.96698
-178.9917 -119.29932 74.25842
-180.78003 -118.32123 72.480774
-180.03693 -118.58826 75.45166
-181.25153 -118.77899 73.07587
-179.13513 -119.00787 74.55597
-181.07605 -117.88025 74.71008
-179.84619 -117.39502 75.30365
-180.23224 -120.08209 74.11041
-180.03845 -118.89038 72.47772
-179.89655 -119.03076 74.85504
-180.21088 -119.487 73.81439
-181.40564 -118.63251 75.009155
-180.54199 -120.08972 75.59662
-181.75507 -120.129395 74.85809
-181.10504 -118.922424 73.22235
-179.91028 -119.47632 74.85504
-180.36499 -119.33899 75.450134
-181.10199 -118.62335 75.00763
-179.36859 -121.38672 75.738525
-181.88019 -119.392395 73.2254
-180.27191 -121.11664 76.78528
-180.55878 -120.53375 76.78528
-181.28967 -119.81506 75.30365
-181.28967 -119.81506 75.30365
-179.93317 -120.069885 76.042175
-180.12695 -121.40961 75.44556
-180.54962 -120.53833 73.81134
-180.57556 -121.12732 76.33972
-180.54504 -120.088196 76.786804
-181.04095 -121.59119 74.10889
-179.03748 -120.63446 75.44403
-179.68597 -121.99402 74.70093
-179.07104 -121.67511 74.99695
-181.44531 -119.9707 74.263
-179.2038 -121.08612 76.03912
-180.0888 -120.373535 73.516846
-180.13458 -121.70868 74.70245
-180.41382 -120.97778 74.25842
-179.97589 -121.55762 74.105835
-179.65393 -120.95184 75.44556
-182.09076 -121.1792 74.113464
-180.11475 -120.96405 76.190186
-182.08313 -120.88013 74.85809
-180.51758 -119.49768 74.11194
-182.78656 -119.122314 74.11804
-182.23114 -120.736694 74.70856
-181.50482 -121.7514 75.00305
-181.0669 -122.180176 77.0813
-182.54395 -121.043396 74.71008
-181.01196 -120.54901 76.0437
-183.00323 -121.05713 75.00763
-184.76562 -123.7793 77.0874
-183.52966 -122.99652 78.27606
-182.0221 -123.54736 76.190186
-182.0221 -123.54736 76.190186
-182.06635 -124.88251 77.22778
-182.19452 -124.29657 75.29755
-182.06177 -124.88556 75.44556
-183.55713 -124.04175 75.598145
-184.23767 -126.286316 76.190186
-183.57086 -124.33624 77.52991
-184.09729 -126.42517 79.01459
-184.92126 -128.53241 78.26996
-184.6283 -128.66669 80.200195
-186.32355 -129.31366 81.2439
-185.58807 -130.33295 78.26843
-184.66187 -129.70734 80.19867
-184.08508 -130.72815 80.19562
-184.56116 -131.33545 80.49011
-186.81793 -130.66864 78.56598
-185.27985 -130.0232 80.79529
-186.79657 -130.07507 78.271484
-185.13794 -130.46875 78.71094
-185.42023 -129.73328 79.45709
-184.95636 -129.57306 78.56293
-186.01227 -129.30908 78.567505
-186.27472 -127.98157 78.56903
-186.69891 -126.95465 78.57208
-187.31995 -127.571106 77.0874
-186.82861 -126.364136 78.4256
-187.31995 -127.571106 77.0874
-187.75787 -126.99127 76.79291
-186.3678 -126.353455 76.493835
-186.84082 -126.812744 77.23541
-188.53302 -127.30713 79.02374
-187.3352 -128.01819 76.789856
-189.0976 -125.990295 78.28522
-187.91809 -127.142334 77.98157
-188.5376 -127.60773 77.090454
-189.58588 -127.04773 76.797485
-189.11133 -126.58844 76.05438
-189.90173 -127.65503 75.31128
-188.69324 -127.76337 76.49689
-189.91089 -127.65045 78.57971
-189.79492 -128.83301 77.68555
-187.63275 -127.726746 78.427124
-190.70892 -128.71094 79.32587
-188.13171 -129.07715 78.27606
-188.3316 -130.56946 77.67944
-187.68158 -129.21143 77.978516
-187.41302 -130.39246 77.52991
-188.74664 -129.245 77.98004
-187.43591 -131.13556 77.52838
-187.29706 -131.57501 77.22778
-186.95984 -130.52673 77.22778
-186.51276 -130.81055 76.93176
-187.44354 -131.43158 77.07977
-187.89215 -131.14929 77.52991
-187.75635 -131.58875 78.419495
-189.56146 -130.90057 79.1687
-189.11285 -131.33698 76.93787
-188.92365 -130.14374 77.83203
-189.87427 -131.35986 76.93939
-188.17596 -130.41382 78.274536
-188.81836 -131.62537 76.934814
-188.81836 -131.62537 76.934814
-188.96942 -131.47583 79.01764
-190.85541 -133.31604 79.019165
-187.13379 -131.12183 79.01459
-189.35547 -133.85925 80.79834
-188.0188 -134.85718 80.79376
-188.3255 -134.86633 81.23932
-188.98926 -136.51886 82.42645
-187.60986 -136.32965 80.789185
-187.48169 -137.06818 80.192566
-187.94098 -137.08191 81.38275
-188.26141 -137.5351 82.125854
-188.55286 -137.09717 82.42493
-189.1449 -136.67297 82.27997
-188.98926 -136.51886 82.42645
-186.67603 -135.70862 79.45099
-186.25946 -136.88354 80.485535
-186.24878 -136.586 80.48706
-185.8139 -137.31537 79.296875
-185.643 -136.7157 79.444885
-184.88312 -136.69128 79.14581
-186.09009 -136.43341 79.44794
-185.35919 -137.45117 77.95715
-185.495 -136.86218 78.552246
-184.44214 -137.27417 78.253174
-183.67767 -137.25433 76.76544
-183.82416 -136.95831 78.39966
-181.99463 -136.90186 77.204895
-181.3919 -136.88202 78.6911
-181.3919 -136.88202 78.6911
-181.3919 -136.88202 78.6911
-181.37665 -136.58752 76.90735
-181.37665 -136.58752 76.90735
-181.5918 -138.52234 77.49939
-181.1264 -138.21106 77.796936
-180.9433 -137.31537 76.460266
-181.5918 -138.52234 77.796936
-181.72302 -137.93335 76.460266
-182.75604 -136.9278 76.9104
-180.53131 -138.78937 76.01013
-181.10657 -137.76855 75.5661
-181.11115 -137.7655 77.49939
-182.03735 -138.38959 75.41962
-180.94025 -137.3169 75.41962
-181.54755 -137.1872 76.75934
-181.07147 -136.4273 78.541565
-180.6427 -137.30316 77.94647
-181.57654 -138.22784 75.27161
-181.66809 -136.30219 75.71869
-180.88684 -135.53162 76.46332
-182.51953 -134.39941 75.57678
-182.6889 -134.84802 76.91345
-181.32935 -135.25238 75.424194
-181.48804 -135.40497 75.572205
-182.85065 -135.14862 76.76544
-181.34308 -135.54688 76.46484
-182.37152 -134.54285 75.42877
-182.27081 -136.17249 75.572205
-181.48651 -135.40497 75.276184
-182.18842 -133.64563 75.28076
-181.61316 -134.5169 76.16882
-181.34003 -135.5484 75.424194
-182.25403 -135.72845 74.53308
-181.5979 -134.22546 74.23706
-182.52869 -134.69543 76.023865
-182.54242 -135.14099 76.02234
-182.51953 -134.39941 75.57678
-182.38068 -134.84192 74.98169
-182.99255 -134.85718 76.91498
-182.78198 -133.07037 76.02539
-181.60095 -134.22241 75.42572
-182.64313 -133.51135 75.72632
-182.20367 -134.09271 75.279236
-182.49207 -133.65631 74.539185
-182.17773 -133.35114 74.835205
-181.8573 -132.74536 75.72632
-181.86798 -133.19244 74.24011
-182.67517 -134.55353 74.983215
-180.78308 -132.41577 74.98169
-182.36542 -134.2453 76.171875
-181.84357 -132.45087 74.24164
-181.68335 -131.99615 76.32446
-182.13959 -132.01141 76.32446
-182.61719 -132.76978 75.43182
-183.2367 -133.0841 75.28381
-183.2138 -132.34253 75.58136
-181.56738 -133.18176 74.98169
-182.5058 -134.10492 74.090576
-182.18689 -133.64716 74.835205
-182.9544 -133.81958 74.98627
-182.93457 -133.22449 74.68872
-182.2113 -134.39178 74.83368
-181.26831 -133.47168 73.49548
-181.26831 -133.47168 73.49548
-182.6416 -133.51288 74.98474
-180.83954 -134.19952 74.68109
-182.4585 -132.61719 74.54071
-182.61261 -132.77283 73.50006
-181.67572 -132.00073 73.79608
-182.34558 -133.80127 74.687195
-182.4768 -133.06122 75.57831
-182.17773 -133.35114 74.835205
-181.71234 -133.03833 74.835205
-182.46155 -132.61566 75.579834
-182.65076 -133.81042 74.98474
-183.52661 -132.64923 76.02997
-182.79724 -133.66547 74.83673
-182.44019 -132.02362 74.83978
-182.78961 -133.36792 75.28229
-181.88019 -133.48846 74.983215
-182.14874 -132.30896 76.32294
-181.7154 -133.0368 75.57678
-181.427 -133.62274 74.83368
-182.3761 -134.54132 76.91498
-182.2815 -131.71997 75.43335
-182.46155 -132.61566 76.02692
-181.39648 -132.58209 76.023865
-183.83026 -132.65839 75.286865
-182.64465 -133.50983 76.1734
-183.67615 -132.50427 76.475525
-183.3786 -132.79266 75.43335
-183.70361 -133.54797 74.24469
-181.56891 -133.18024 75.72327
-181.56891 -133.18024 75.72327
-182.64008 -133.51288 74.687195
-182.76367 -132.62634 74.83826
-183.54492 -133.09326 76.771545
-182.92389 -132.7774 76.474
-183.56323 -133.6853 77.067566
-185.01892 -131.65588 76.77765
-183.20465 -132.04498 76.02997
-185.1944 -132.55463 74.99237
-184.10034 -131.47736 76.92413
-184.39484 -131.18896 76.182556
-185.28748 -130.62592 76.0376
-185.03418 -132.09991 77.8183
-184.09576 -131.48041 74.99237
-184.57642 -132.08618 76.77612
-183.74634 -129.98505 76.034546
-185.1654 -131.51093 76.92566
-184.53064 -130.59845 77.52075
-184.55963 -131.64215 76.03302
-185.55908 -129.59442 76.33667
-185.55603 -129.59595 75.29602
-185.82306 -128.41644 75.00305
-185.08606 -129.13666 74.998474
-186.12976 -128.4256 75.74463
-187.17346 -127.71454 76.93939
-187.04224 -128.60413 74.85809
-187.15973 -127.420044 75.00763
-187.54272 -125.05493 76.49994
-189.32343 -123.776245 75.76141
-187.8128 -124.02496 75.756836
-190.20691 -122.91565 74.87488
-190.17334 -121.875 74.8764
-187.77008 -122.68982 75.75836
-189.80408 -119.93713 74.28436
-189.60114 -118.29529 74.583435
-190.17334 -117.12494 75.03357
-190.5899 -115.95154 74.591064
-191.51154 -116.127014 75.78125
-189.33105 -114.42413 76.22528
-189.03656 -115.01465 72.805786
-187.18414 -113.916016 75.03204
-189.6164 -113.99231 74.7406
-190.19928 -113.26904 73.85101
-188.96637 -112.63275 75.48523
-187.21008 -110.05707 74.89014
-186.72333 -109.002686 75.63324
-187.35046 -109.765625 74.29657
-187.30011 -108.13141 74.74518
-183.33893 -108.010864 73.24982
-184.552 -107.899475 73.10486
-182.96356 -105.7724 73.10333
-182.98187 -106.36597 72.65625
-181.75812 -106.181335 71.762085
-182.36389 -106.05011 72.65625
-179.4693 -105.963135 71.162415
-179.60052 -105.37567 70.56885
-180.05829 -105.23682 73.09723
-181.1676 -102.15912 70.13245
-181.1676 -102.15912 70.13245
-181.1676 -102.15912 70.13245
-178.90167 -102.53143 70.869446
-178.12805 -102.06146 71.16547
-178.12805 -102.06146 71.16547
-179.47235 -101.36261 70.57648
-179.47235 -101.36261 70.57648
-178.09296 -101.023865 70.42236
-177.03094 -100.98724 71.90857
-177.15454 -100.25177 70.5719
-177.1347 -99.50714 71.762085
-174.36371 -98.532104 70.121765
-173.62366 -99.09973 71.75293
-174.20502 -98.38104 69.5282
-175.88348 -98.58246 69.680786
-172.05048 -97.5708 69.82117
-173.55957 -97.32056 69.081116
-172.63184 -96.698 69.67621
-171.71478 -96.520996 69.82117
-170.4483 -95.14923 68.03894
-169.29169 -97.04437 67.13867
-170.14618 -95.1355 69.078064
-166.8045 -95.33234 67.28363
-167.38739 -94.45801 68.62488
-168.013 -95.07294 67.585754
-166.78772 -94.73877 68.029785
-166.64124 -94.88068 68.62335
-165.55481 -94.10248 69.36493
-164.711 -96.30432 68.31818
-164.34021 -94.21539 68.76526
-163.28735 -94.62738 68.31665
-162.68005 -94.76013 67.126465
-162.65869 -94.0155 67.87109
-161.7981 -95.62225 67.56897
-160.22949 -94.088745 67.56592
-160.22949 -94.088745 67.56592
-161.02295 -95.15076 67.2699
-159.78851 -94.66858 67.12036
-159.7641 -93.925476 66.67633
-159.15527 -93.75763 67.56592
-158.68835 -93.59894 65.92865
-158.4137 -94.47632 67.263794
-159.77478 -94.22302 67.12036
-157.23419 -95.62988 66.3681
-158.432 -95.07141 66.52069
-156.044 -96.4859 65.026855
-158.29926 -95.66193 66.6687
-158.30078 -95.66193 67.11426
-157.37915 -95.487976 66.07208
-157.08923 -95.77026 67.25769
-155.99823 -94.99817 65.76996
-154.61273 -94.50989 65.91644
-155.96619 -93.95752 66.51611
-154.4342 -93.611145 66.81061
-156.11267 -93.81256 66.36963
-154.6341 -95.103455 66.659546
-155.23376 -94.97528 65.322876
-154.1626 -94.64111 66.511536
-155.09033 -95.11719 66.66107
-155.56335 -95.72601 66.06598
-156.14471 -94.85474 65.919495
-155.22308 -94.677734 65.3244
-154.52118 -96.43555 66.06293
-156.15845 -95.14923 67.85278
-156.44989 -94.862366 66.66412
-155.85175 -95.140076 67.108154
-155.26886 -96.014404 66.06445
-154.17023 -94.94171 65.319824
-154.2038 -95.98236 65.02228
-154.19159 -95.684814 64.57672
-153.41187 -94.91577 66.804504
-154.039 -95.529175 66.65802
-154.49677 -95.692444 66.06293
-154.36096 -96.13342 65.911865
-154.04663 -95.82825 65.911865
-153.6148 -96.55609 65.61279
-153.31726 -96.84448 65.16724
-153.73535 -95.67108 65.02075
-154.02069 -95.08667 64.87427
-151.75781 -95.75958 63.67798
-152.8305 -95.788574 66.355896
-151.50299 -97.08099 66.35132
-151.30463 -95.591736 66.796875
-148.72589 -95.80994 66.04767
-150.9903 -95.43915 64.419556
-149.00208 -94.77539 67.53693
-151.37329 -93.07251 65.61432
-149.40948 -93.45703 65.756226
-150.67749 -94.97986 66.648865
-149.86572 -93.32123 67.09595
-150.21515 -94.81506 66.500854
-148.71826 -95.510864 66.79077
-148.40088 -95.207214 66.049194
-148.70758 -95.21484 66.49628
-149.59106 -94.35272 65.904236
-149.9054 -94.659424 65.90271
-149.30878 -94.93561 67.09137
-149.30878 -94.93561 67.09137
-151.5976 -95.3064 65.75928
-149.47357 -95.53833 65.01007
-150.21362 -94.81659 65.756226
-149.07837 -97.3053 65.7486
-149.04175 -96.266174 64.564514
-149.39728 -97.758484 66.641235
-149.85046 -97.62421 67.23633
-150.72021 -96.46912 64.41498
-149.35913 -96.72241 64.41193
-151.60065 -95.606995 63.52997
-150.57983 -96.90857 64.26697
-150.58289 -96.90704 65.0116
-151.03302 -96.77429 64.86359
-151.77155 -96.0556 64.419556
-151.00708 -96.032715 63.676453
-149.6521 -96.43555 63.671875
-150.56458 -96.31348 65.01312
-149.40796 -93.45856 65.01465
-150.66528 -94.68536 65.16266
-151.58081 -94.86084 64.57214
-153.37372 -93.8797 65.319824
-151.87225 -94.573975 64.2746
-152.3346 -94.584656 66.50696
-152.33307 -94.58618 66.059875
-151.22375 -93.21747 65.31525
-151.69525 -93.67828 64.42413
-151.54572 -93.82324 64.2746
-152.78625 -94.451904 65.911865
-154.13208 -93.90564 63.539124
-154.53796 -92.13257 65.623474
-154.53796 -92.13257 65.623474
-153.66974 -93.59131 65.32135
-153.64227 -92.85126 64.28223
-154.10461 -92.86194 65.76996
-154.3045 -94.50073 64.87579
-154.88434 -93.63098 64.28375
-155.02472 -93.18848 65.17792
-154.87213 -93.33496 63.542175
-155.19714 -93.93768 63.838196
-153.20587 -93.429565 64.13269
-152.6474 -94.89441 65.02075
-154.10461 -92.86194 66.067505
-152.46124 -93.69812 66.35895
-151.66168 -92.63916 64.42566
-150.42877 -92.15393 64.2746
-152.38495 -91.32233 66.362
-152.20947 -90.72418 66.06598
-151.65558 -92.33856 65.911865
-152.41241 -92.36603 64.131165
-149.24316 -93.00537 65.608215
-148.98376 -94.48242 64.567566
-149.25842 -93.60199 64.12201
-148.36273 -94.16962 63.82141
-147.73407 -93.25409 66.34827
-148.96393 -93.73932 65.7547
-148.96393 -93.73932 65.7547
-148.96393 -93.73932 65.7547
-148.39935 -95.20874 65.01007
-149.76959 -95.251465 65.01312
-148.70148 -95.21942 64.26544
-148.84033 -94.625854 65.60364
-148.53668 -94.6167 65.89966
-147.64862 -95.48035 65.30151
-147.67456 -96.221924 66.04462
-149.32556 -95.68329 64.41345
-148.86475 -95.36743 66.34674
-148.70148 -95.21942 63.819885
-149.50409 -96.57898 64.263916
-148.703 -95.217896 64.564514
-150.57831 -96.910095 63.52539
-148.4314 -96.24786 64.56299
-149.05243 -96.562195 65.008545
-150.51727 -94.82727 65.31067
-148.86932 -95.669556 64.41193
-150.68665 -95.42999 64.41803
-149.42932 -94.20166 64.567566
-151.77002 -95.75195 68.1366
-151.65558 -96.93451 68.28308
-151.27106 -94.55109 66.79993
-150.58899 -96.902466 67.53693
-150.25635 -95.851135 69.47174
-149.93896 -95.69855 66.64581
-149.9878 -97.03064 68.57605
-151.36261 -97.37549 66.79382
-149.97101 -96.7392 65.60364
-150.46082 -97.79358 65.60364
-149.97711 -97.03827 64.41345
-149.88861 -98.96393 65.00702
-149.88098 -98.66638 66.04614
-150.04578 -99.11804 65.1535
-150.9674 -99.443054 65.008545
-150.9674 -99.443054 65.008545
-149.71008 -98.06824 65.89813
-151.40991 -99.01123 65.01007
-150.5249 -99.8764 64.4104
-150.84381 -100.18005 66.34216
-150.99182 -100.035095 66.789246
-150.10376 -100.89874 65.59601
-151.3916 -98.41614 65.75165
-149.90692 -99.40491 67.23328
-150.76294 -97.805786 64.860535
-152.30865 -98.594666 64.86359
-153.35236 -97.883606 65.61127
-152.76031 -98.46039 65.31067
-150.88959 -96.91467 66.49933
-149.71466 -98.065186 67.83142
-150.00916 -97.776794 67.38434
-151.857 -98.576355 66.64581
-151.33057 -96.33331 67.53998
-153.47748 -96.995544 66.80145
-153.3081 -96.546936 65.16724
-154.4754 -94.947815 66.511536
-152.31476 -93.84155 67.54608
-153.15704 -96.3913 66.80145
-152.53906 -96.07544 67.09747
-154.9469 -95.41016 66.511536
-152.70844 -96.673584 66.79993
-153.32794 -97.13898 65.61279
-153.64838 -97.59674 65.90729
-153.53088 -98.78235 65.312195
-152.93884 -99.20654 65.60669
-154.4754 -99.697876 66.352844
-154.4754 -99.697876 66.352844
-155.05371 -98.82965 65.31525
-155.0293 -98.08655 65.02075
-154.28467 -98.506165 66.05682
-154.5639 -97.77374 65.76233
-156.44379 -99.61395 64.57672
-153.60718 -101.15967 65.0116
-153.84216 -99.08905 63.82599
-153.18451 -97.435 64.57062
-151.5625 -98.864746 67.09137
-154.1153 -97.906494 66.355896
-155.50385 -98.69537 64.42413
-157.00226 -97.99957 65.174866
-156.25305 -98.272705 65.91492
-156.21033 -96.93451 65.62042
-153.45612 -96.4035 65.76233
-154.25262 -97.46704 66.05835
-154.70123 -97.1817 67.10205
-156.55518 -98.28339 65.17334
-156.97937 -97.25342 65.91797
-156.97937 -97.25342 65.62195
-155.48248 -97.950745 65.615845
-155.9494 -98.2605 66.36047
-156.4331 -99.16687 65.76538
-155.97076 -99.00513 65.17029
-156.83746 -97.54944 65.026855
-156.43158 -99.168396 65.0238
-156.12335 -98.86017 66.508484
-155.51147 -98.99292 64.12811
-155.67169 -99.14398 65.02228
-156.32172 -100.35095 66.35742
-156.456 -99.913025 65.3183
-155.52216 -99.29047 64.42261
-154.31671 -99.546814 65.312195
-155.21698 -99.28131 64.12659
-155.0766 -99.57123 65.31372
-154.33807 -100.14038 65.756226
-157.04803 -99.33319 66.36047
-155.70526 -100.18463 65.31525
-155.6076 -101.81122 66.352844
-154.88892 -103.12805 65.901184
-153.75824 -101.01166 66.34827
-152.85034 -101.1322 66.49628
-155.11627 -100.91095 64.271545
-154.21295 -101.02692 65.90271
-155.29327 -101.35498 67.39197
-154.54254 -101.77765 66.64734
-154.8523 -102.090454 64.416504
-156.51245 -101.69525 65.019226
-156.35223 -101.39313 65.16724
-156.49567 -101.25122 64.2746
-155.78918 -102.708435 66.50238
-156.09436 -102.86865 65.16266
-156.36902 -101.83563 66.65344
-156.98853 -102.30408 65.31525
-155.6366 -102.85492 64.86359
-156.9809 -102.00348 66.05835
-155.49164 -102.996826 65.7547
-156.59637 -104.36859 64.56909
-157.60803 -102.770996 64.27612
-158.078 -103.07922 65.019226
-158.078 -103.07922 65.019226
-158.24127 -103.53088 64.42413
-159.02557 -103.99475 67.396545
-159.13239 -102.81677 64.57825
-159.17358 -103.85132 67.54608
-160.08759 -104.02832 66.65802
-160.4538 -101.07117 68.00232
-161.24878 -102.13165 68.29834
-160.83527 -103.60718 67.10663
-161.4273 -103.03192 67.404175
-161.00159 -103.907776 67.99774
-161.39526 -101.989746 68.151855
-160.05402 -102.9892 66.659546
-161.86218 -102.604675 65.17944
-159.31396 -103.559875 67.10205
-160.0708 -103.58429 65.91492
-161.39832 -102.29187 65.623474
-160.36072 -102.99988 67.1051
-161.1206 -103.022766 67.10663
-159.57184 -102.23389 65.91492
-162.64801 -103.36914 65.625
-159.90753 -103.13263 66.51001
-161.73401 -103.19061 66.81061
-161.8805 -103.04718 66.36658
-162.04071 -103.19824 67.55524
-160.87189 -104.644775 68.14575
-160.87189 -104.644775 68.14575
-162.34131 -103.21045 66.06903
-161.13892 -103.61633 67.10663
-163.2843 -104.12903 66.3681
-163.2843 -104.12903 66.3681
-161.72485 -102.89459 66.81213
-162.79144 -102.926636 67.26074
-163.19122 -101.30768 65.9256
-162.62512 -102.62451 66.667175
-162.01477 -102.45819 66.81366
-162.1521 -102.015686 67.11273
-163.25378 -103.08838 67.40875
-162.65106 -103.367615 67.111206
-162.89978 -101.59454 67.11426
-163.84125 -102.51465 66.81824
-163.49487 -101.16577 67.56287
-162.9013 -101.59302 67.85736
-164.13727 -102.22473 67.56134
-163.23395 -102.645874 65.62805
-163.53455 -102.50549 66.52069
-164.85443 -100.91095 67.2699
-164.43481 -102.0874 66.67328
-162.15057 -102.015686 66.36963
-165.49988 -102.12097 66.67633
-161.83472 -101.560974 67.11273
-163.07678 -102.493286 65.77606
-163.83514 -102.21405 68.00842
-162.77771 -102.48108 67.55829
-162.58087 -101.28784 65.92407
-163.21869 -102.049255 67.11578
-163.17139 -100.564575 67.11731
-164.58282 -101.94397 66.82129
-162.30469 -101.87073 68.00537
-165.34424 -101.96838 66.822815
-163.52539 -102.20642 66.52069
-165.47546 -101.37787 66.67633
-163.20496 -101.6037 67.11578
-164.10065 -101.18713 66.52527
-162.58698 -101.283264 68.15491
-163.50403 -101.46484 66.81824
-163.79547 -101.17798 66.078186
-162.5946 -101.58386 67.11426
-164.41345 -101.34277 67.414856
-163.94196 -101.034546 65.92865
-162.1399 -101.5686 67.855835
-163.48419 -100.868225 67.26532
-162.74261 -101.441956 66.52069
-164.11285 -101.48468 66.81976
-161.99799 -101.86157 67.55829
-163.04474 -101.45264 66.075134
-162.76398 -102.18506 66.07208
-162.30011 -101.87225 66.519165
-163.53912 -102.50397 68.0069
-163.97552 -102.07367 65.927124
-162.59766 -101.58081 68.15491
-162.73346 -101.14288 67.263794
-163.61542 -100.28076 66.674805
-162.17194 -102.60925 67.40723
-162.73956 -101.44501 65.330505
-161.09467 -102.27966 66.36505
-162.7594 -102.18811 63.842773
-163.65662 -101.61896 65.927124
-163.53455 -102.50549 66.52069
-163.06305 -101.89514 67.56134
-162.91504 -102.038574 67.41028
-163.52386 -102.20795 66.07361
-163.52386 -102.20795 66.07361
-161.65619 -100.81329 66.519165
-163.1958 -101.30463 67.411804
-163.65814 -101.61743 66.37421
-162.74567 -101.44043 67.559814
-163.60779 -99.98169 67.863464
-162.12921 -101.27106 67.40875
-161.41205 -102.586365 67.85278
-162.0636 -103.94287 66.81061
-163.67493 -102.06146 67.41333
-165.36255 -102.56195 67.266846
-164.59808 -102.23541 69.496155
-163.07526 -102.18811 69.04602
-165.33356 -101.519775 68.30902
-165.44647 -100.33722 67.86804
-163.05847 -101.89819 66.075134
-163.92822 -100.58899 65.63263
-163.64136 -101.02234 67.414856
-164.4043 -101.04675 67.41638
-163.48724 -100.868225 68.00995
-161.98578 -101.416016 68.00537
-162.86774 -100.553894 67.411804
-163.4674 -100.42572 65.77911
-161.18927 -100.35095 67.26074
-160.15472 -101.361084 66.51459
-161.32507 -99.913025 67.11426
-161.32507 -99.913025 67.11426
-160.45837 -101.371765 65.76996
-160.42023 -100.03204 67.55676
-160.29358 -100.920105 67.10968
-158.46558 -100.86212 66.659546
-159.04846 -99.990845 66.81061
-159.51843 -100.450134 67.108154
-157.07397 -100.076294 67.10358
-157.86438 -101.14136 65.911865
-157.24487 -100.67444 66.508484
-155.38483 -99.57733 66.80145
-154.31061 -99.09668 67.99011
-153.27759 -100.10376 67.53693
-153.76129 -101.01013 67.83447
-151.92566 -100.65613 67.83142
-150.68207 -99.72687 67.97943
-150.9018 -101.96228 67.082214
-149.06616 -101.60675 67.07916
-150.10986 -100.894165 68.12286
-147.6654 -100.52338 67.82074
-147.97974 -100.82703 68.118286
-146.32416 -101.371765 67.518616
-145.3598 -99.70703 68.11371
-144.63959 -101.02234 67.3645
-145.55054 -100.901794 67.96417
-142.54456 -101.99432 68.548584
-142.40723 -102.28577 69.73572
-143.7912 -102.923584 68.25256
-142.5766 -103.03345 68.1015
-143.18237 -102.90375 68.99414
-142.40723 -102.28424 70.181274
-141.41388 -104.63257 67.94739
-140.61127 -103.26843 68.984985
-141.26892 -104.77295 69.28253
-140.94238 -104.17328 67.94586
-140.50446 -104.75159 68.09235
-140.36102 -104.89197 69.43054
-139.62555 -105.61066 70.46661
-139.15253 -105.15289 69.425964
-139.94598 -106.21643 68.681335
-138.5788 -106.17218 69.71893
-138.89465 -106.629944 68.67828
-138.71765 -105.729675 70.314026
-138.78021 -107.810974 69.270325
-139.52026 -107.092285 70.01648
-139.11285 -108.56171 70.30945
-137.26044 -107.762146 70.010376
-137.31995 -109.54437 70.7489
-137.89825 -108.67462 69.71283
-137.91962 -109.26514 71.199036
-138.27667 -111.0611 68.966675
-138.39417 -109.87549 70.30487
-138.48572 -112.69684 71.04492
-138.13019 -111.206055 69.56024
-139.17847 -110.64148 70.3064
-136.91254 -111.01532 70.89691
-137.97455 -111.050415 69.70978
-135.2127 -110.06775 72.528076
-138.16986 -112.2406 71.788025
-138.16986 -112.2406 71.788025
-138.16986 -112.2406 71.788025
-138.16986 -112.2406 71.788025
-137.2528 -112.0636 72.37854
-137.2528 -112.0636 72.37854
-135.76202 -113.05542 71.928406
-135.42328 -112.00867 71.1853
-136.055 -112.61749 72.97058
-134.17816 -115.82794 70.88013
-134.4513 -114.79645 71.624756
-135.24628 -115.859985 72.36786
-135.51941 -114.82849 72.66693
-135.24475 -115.859985 71.624756
-136.23047 -113.3667 71.632385
-137.10327 -116.95709 71.62781
-135.26154 -116.15448 74.15161
-136.3327 -116.485596 72.66693
-135.78033 -118.09845 74.44763
-136.48682 -116.63818 72.51892
-134.70612 -118.06946 71.769714
-136.57684 -119.462585 72.21527
-136.85455 -118.42804 74.44763
-138.39264 -119.22455 71.77582
-137.34131 -119.48395 73.703
-136.72638 -119.31763 73.10791
-135.8017 -118.69202 75.18921
-135.52094 -119.42291 75.48218
-135.88257 -121.21735 75.18463
-135.45074 -122.09625 74.14093
-134.39636 -122.3587 73.84033
-135.4248 -121.354675 72.65625
-133.89587 -121.00983 73.84033
-134.2804 -118.94531 71.61713
-134.2804 -118.94531 71.61713
-133.84094 -119.52667 71.91162
-134.0149 -120.12329 72.506714
-134.61761 -119.99512 71.6156
-134.3811 -122.065735 72.354126
-135.77118 -122.39838 76.37024
-132.99103 -121.12579 75.177
-132.74994 -123.19794 74.42932
-132.68433 -121.118164 74.72992
-134.84955 -122.2229 75.92316
-132.87964 -122.60895 73.3902
-133.79059 -122.48993 73.98682
-132.94067 -124.391174 74.87335
-132.62634 -124.086 74.13025
-133.49457 -122.77832 73.687744
-134.61609 -124.59412 73.68622
-134.77325 -124.746704 73.39172
-132.57904 -122.59979 74.131775
-132.60193 -123.342896 73.83423
-133.20923 -123.36273 73.835754
-133.79822 -122.787476 73.687744
-134.93042 -124.90082 73.24371
-134.18427 -125.32349 73.24066
-133.86536 -124.86725 73.24066
-134.0149 -124.720764 74.57733
-133.57849 -125.302124 74.72534
-134.6466 -125.63782 72.19849
-134.82513 -126.535034 70.86334
-134.97925 -126.387024 73.98224
-135.06775 -124.45984 73.39172
-134.15985 -124.57886 73.68622
-134.7168 -123.117065 71.61102
-134.57794 -123.558044 71.75751
-134.75952 -124.453735 71.90552
-134.1568 -124.58191 72.20001
-133.21686 -123.661804 72.64557
-134.57031 -123.25897 72.50214
-134.10034 -122.79816 72.50214
-133.44879 -121.44165 72.50366
-133.67157 -123.67706 71.606445
-133.19855 -123.06671 73.3902
-133.75854 -121.7514 71.01593
-132.54242 -121.562195 73.09418
-133.92944 -122.351074 70.42084
-132.99103 -121.42792 71.75903
-134.51843 -121.77734 70.27283
-134.06677 -121.75903 72.20459
-133.75854 -121.7514 71.01593
-134.1095 -123.24829 70.2713
-133.42438 -120.70007 72.50519
-134.07745 -122.206116 71.017456
-133.04749 -123.21167 71.75598
-133.95996 -123.0896 73.39172
-133.4671 -122.187805 70.71686
-133.80737 -123.23761 71.45996
-134.56573 -123.26355 70.2713
-134.39484 -122.66388 69.677734
-134.37805 -122.06726 71.16547
-133.92792 -122.351074 70.12329
-134.4986 -121.18378 69.97833
-134.36432 -121.621704 71.16699
-134.36432 -121.621704 71.16699
-135.90393 -122.2641 71.02203
-134.83276 -122.23358 69.23523
-133.68683 -119.67468 69.236755
-134.93195 -120.60547 68.940735
-134.4986 -121.18378 69.97833
-133.13599 -121.28754 71.16394
-134.8175 -121.4859 72.20764
-134.60999 -119.999695 68.940735
-133.44421 -121.44623 70.27283
-133.86383 -120.269775 71.16699
-134.59778 -119.555664 69.68536
-133.6258 -122.34192 70.42084
-133.99811 -119.680786 71.46759
-133.70361 -120.11871 69.97833
-133.55713 -120.262146 70.12634
-134.02557 -120.72449 69.236755
-134.8999 -119.56482 69.38934
-134.04388 -121.16699 70.71991
-135.69641 -120.62836 70.13092
-134.57642 -118.9621 68.64624
-135.93292 -118.55774 69.39392
-134.85107 -118.2312 67.160034
-135.10437 -116.604614 67.31262
-135.12268 -117.04712 69.54346
-134.8114 -116.89148 68.203735
-134.82208 -117.189026 68.203735
-134.81293 -116.88995 68.94684
-134.68475 -117.630005 68.499756
-135.08911 -116.00952 68.50433
-134.66187 -117.03644 67.75818
-134.66187 -117.03644 67.75818
-135.57434 -116.91589 68.65082
-135.672 -114.98413 71.03424
-135.82153 -115.1413 68.655396
-137.06055 -115.9256 67.915344
-136.76453 -116.0614 68.507385
-135.67963 -115.58533 67.01965
-136.09619 -114.260864 68.80493
-134.56726 -113.91449 69.24896
-134.1568 -115.38696 67.90924
-135.70404 -116.329956 67.01965
-135.1883 -114.38141 67.91382
-133.66547 -114.33258 68.20526
-135.17914 -114.08234 68.20984
-134.28345 -114.64996 67.759705
-135.67047 -115.28931 67.02118
-135.02045 -113.92975 68.06183
-133.80127 -113.89465 67.01813
-135.31494 -113.64288 67.318726
-134.12018 -114.349365 66.72058
-135.05249 -114.9704 67.315674
-133.52661 -114.92615 65.82489
-133.51746 -114.6286 65.52887
-134.26819 -114.20593 67.31415
-132.87048 -113.27057 67.46216
-133.48846 -113.586426 67.31415
-134.59167 -114.95972 65.53192
-135.17914 -114.08234 68.20984
-134.10797 -114.053345 65.97748
-134.11407 -114.04877 68.20679
-133.19092 -113.87634 66.571045
-134.12323 -114.34631 68.20679
-134.25903 -113.90839 67.76123
-134.44977 -115.1001 67.463684
-133.3435 -113.731384 67.90924
-133.3435 -113.731384 67.90924
-133.3435 -113.731384 67.90924
-132.74841 -114.15558 68.055725
-134.26666 -114.20746 67.01813
-136.24115 -114.11743 67.17224
-133.77838 -113.1485 67.315674
-134.2575 -113.90991 67.01813
-135.35461 -114.98108 66.27655
-134.35822 -112.28027 66.72516
-134.70001 -113.323975 68.95294
-134.729 -114.367676 67.46521
-133.49762 -113.88397 67.31262
-134.40857 -113.76495 67.91229
-133.49457 -113.8855 66.571045
-133.77686 -113.150024 67.01965
-134.07745 -113.01117 66.72211
-134.56268 -113.91754 67.315674
-133.79822 -113.89618 65.82794
-135.15015 -113.34381 65.982056
-134.08356 -113.00659 69.3985
-134.24835 -113.612366 67.01965
-132.25098 -112.953186 67.163086
-134.41467 -114.0625 66.72211
-132.39441 -112.812805 65.52887
-133.65936 -114.33716 65.678406
-133.80432 -113.8916 68.05878
-134.58405 -114.660645 66.275024
-134.58405 -114.660645 66.275024
-135.00671 -113.635254 66.2796
-133.48541 -113.58795 66.57257
-134.39178 -113.31787 67.16919
-133.63342 -113.29346 67.91077
-133.62122 -112.99591 67.463684
-133.59985 -112.25433 67.91229
-133.1955 -113.87329 68.05725
-134.62982 -115.997314 67.31262
-132.29675 -114.289856 68.20221
-133.39386 -115.364075 67.46063
-133.83636 -114.93225 67.31262
-134.11102 -114.05182 66.72058
-134.73053 -114.367676 67.91229
-131.9748 -113.838196 67.01355
-132.90253 -114.31122 67.46063
-132.73926 -113.85803 68.055725
-133.2367 -115.21149 67.3111
-134.26819 -114.20593 67.31415
-134.45282 -115.097046 68.94989
-132.74841 -114.15558 68.055725
-133.36182 -114.32495 67.90924
-133.815 -114.18915 68.50433
-132.7713 -114.89868 67.75665
-132.59888 -114.30054 67.907715
-132.34406 -115.77606 68.19916
-132.59583 -114.30054 67.163086
-132.96051 -116.09497 67.45758
-133.32672 -113.2843 67.16614
-132.00989 -114.87579 67.308044
-133.18481 -113.57727 67.31415
-133.18481 -113.57727 67.31415
-133.36182 -114.32495 67.90924
-132.901 -114.312744 66.71753
-133.68988 -115.07568 67.907715
-132.92847 -115.052795 67.90619
-132.74841 -114.15558 68.055725
-131.54907 -114.71405 67.90314
-133.56934 -115.96069 69.24286
-132.59888 -114.29901 68.203735
-132.90558 -114.30817 68.94684
-134.31091 -115.23895 71.02966
-133.8501 -115.226746 69.54346
-132.9895 -116.833496 69.68536
-133.23517 -114.90936 70.28351
-133.72803 -116.11328 70.13397
-133.84094 -114.9292 69.54346
-134.48792 -116.13922 69.39545
-132.87354 -113.26904 68.65082
-133.23975 -115.20996 68.50128
-133.52509 -114.62402 68.7973
-132.29218 -113.99078 69.688416
-132.46002 -114.590454 68.79425
-132.81555 -116.23535 68.05267
-133.57697 -116.259766 68.79578
-132.78198 -115.1947 68.0542
