0.058654785 0.39865112 -0.09213257
0.058654785 0.39865112 -0.09213257
0.058654785 0.39865112 -0.09213257
-0.14842224 -0.1486969 -0.12205505
-0.10076904 -0.02835083 -0.16236877
-0.08795166 0.065719604 -0.11593628
-0.08305359 0.05961609 -0.0896759
-0.057403564 0.029678345 -0.0884552
-0.029907227 -0.0057373047 -0.078063965
-0.025634766 -0.035064697 -0.038970947
-0.05128479 -0.0155181885 0.0068359375
-0.07084656 0.04006958 0.033721924
-0.03112793 0.07060242 0.025772095
-0.017700195 0.042510986 0.02394104
-0.010971069 -0.003921509 0.03555298
-0.003036499 -0.013687134 0.050201416
-0.015853882 -0.0014648438 0.05204773
-0.014038086 0.00035095215 0.03555298
0.014663696 0.0015716553 0.022109985
0.033615112 0.044952393 0.020889282
0.04460144 0.06877136 0.011108398
0.057434082 0.041900635 -0.007827759
0.04827881 0.015014648 -0.014541626
0.0128479 0.0052337646 -0.021865845
-0.012191772 0.015014648 -0.047531128
-0.012191772 0.008911133 -0.05180359
-0.010360718 -0.002090454 -0.049362183
-0.020141602 0.014404297 -0.0554657
-0.020751953 0.036392212 -0.05241394
-0.017074585 0.030899048 -0.0395813
-0.0024261475 0.016845703 -0.034698486
0.026885986 -0.009399414 -0.047531128
0.061706543 -0.021621704 -0.066467285
0.07392883 -0.0155181885 -0.07746887
0.0635376 -0.00024414062 -0.07928467
0.067214966 0.016235352 -0.06768799
0.10630798 0.019897461 -0.045074463
0.1270752 -0.017349243 -0.030426025
0.08859253 -0.03994751 -0.03591919
0.046432495 -0.01612854 -0.049972534
0.05682373 0.013183594 -0.046295166
0.075149536 0.004638672 -0.023086548
0.045211792 -0.027130127 -0.007217407
0.015289307 -0.046066284 -0.004760742
0.017120361 -0.04850769 0.007446289
0.06414795 -0.016738892 0.023330688
0.102645874 0.0034179688 0.03555298
0.08554077 -0.011245728 0.037384033
0.051940918 0.005859375 0.01966858
0.066604614 0.06388855 0.012329102
0.10386658 0.046783447 0.0068359375
0.102645874 0.0015716553 -0.025527954
0.10568237 0.026626587 -0.046295166
0.1441803 0.09992981 -0.021865845
0.18022156 0.09687805 -0.017593384
0.031173706 -0.094314575 -0.11717224
-0.062286377 -0.097976685 -0.18681335
-0.11604309 -0.05583191 -0.20817566
-0.1331482 -0.038116455 -0.18252563
-0.10505676 -0.061325073 -0.17459106
-0.061065674 -0.10836792 -0.18435669
-0.048843384 -0.14318848 -0.21980286
-0.081222534 -0.10714722 -0.24606323
-0.07206726 0.008911133 -0.23262024
0.0488739 0.08404541 -0.18986511
0.1759491 0.0632782 -0.1532135
0.15455627 -0.034454346 -0.14526367
-0.009750366 -0.09675598 -0.17947388
-0.1526947 -0.08699036 -0.20941162
-0.17958069 -0.03994751 -0.19779968
-0.109313965 0.0009765625 -0.17337036
0.005508423 -0.002090454 -0.16114807
0.10079956 -0.049118042 -0.14892578
0.15028381 -0.066223145 -0.14587402
0.15640259 -0.014297485 -0.106781006
0.15945435 0.038223267 -0.04019165
0.1747284 0.04434204 0.0025634766
0.16738892 0.017456055 0.015396118
0.1136322 0.004638672 -0.0041503906
0.051940918 0.027236938 -0.04447937
0.02017212 0.07182312 -0.049972534
0.04032898 0.11703491 -0.070739746
0.09225464 0.19644165 -0.11105347
0.13745117 0.13780212 -0.18681335
0.13378906 0.10725403 -0.14892578
0.033615112 0.21476746 -0.04875183
-0.015258789 0.17018127 0.029434204
0.03666687 0.0076904297 0.13877869
-0.02319336 -0.10041809 0.16870117
-0.18812561 -0.110198975 0.109451294
-0.20401001 0.0064697266 0.037994385
0.34332275 0.13963318 -0.009048462
0.39830017 0.02784729 -0.0896759
0.16494751 -0.023468018 -0.11717224
-0.1184845 -0.03201294 -0.06340027
-0.21072388 -0.00024414062 0.0599823
-0.151474 -0.02406311 0.17237854
-0.036026 -0.06439209 0.21452332
0.058654785 -0.014907837 0.19314575
0.09713745 0.102371216 0.14183044
0.10813904 0.113357544 0.106399536
0.065979004 0.026626587 0.093566895
-0.006088257 -0.021011353 0.08502197
-0.06411743 -0.07293701 0.086242676
-0.109313965 -0.11630249 0.10029602
-0.13070679 -0.09492493 0.1253357
-0.1026001 -0.086380005 0.16259766
3.0517578e-05 -0.0851593 0.18580627
0.12219238 -0.066833496 0.17298889
0.1942749 -0.049728394 0.1448822
0.22480774 -0.038116455 0.118621826
0.23397827 -0.061935425 0.09173584
0.20098877 -0.12181091 0.08380127
0.122787476 -0.16273499 0.058135986
0.039718628 -0.10041809 0.042266846
-0.013412476 0.029678345 0.065475464
0.009185791 -0.12669373 -0.010879517
-0.12763977 -0.26963806 -0.1043396
-0.36894226 -0.078430176 -0.07746887
-0.553421 0.024795532 -0.062179565
-0.44592285 0.15368652 -0.04385376
-0.12519836 0.2960205 0.011734009
0.28222656 0.32777405 0.041046143
0.63287354 0.20133972 -0.026763916
0.6689148 -0.17861938 -0.119003296
0.36958313 -0.46328735 -0.17825317
-0.1184845 -0.3453827 -0.19413757
-0.61268616 -0.06439209 -0.21917725
-0.682312 0.23858643 -0.2686615
-0.21255493 0.37542725 -0.24789429
0.37019348 0.25997925 -0.2698822
0.6566925 0.15429688 -0.27537537
0.60598755 0.14819336 -0.16297913
0.37631226 0.13963318 -0.031036377
0.07148743 0.08282471 -0.0059814453
-0.16552734 0.020523071 -0.0554657
-0.22477722 -0.008804321 -0.06036377
-0.17407227 -0.021621704 0.009887695
-0.11175537 -0.027130127 0.06364441
-0.069000244 -0.014907837 0.08258057
-0.0066986084 0.011962891 0.08074951
0.09408569 0.08648682 0.0929718
0.079422 0.03578186 0.066085815
0.03666687 0.057174683 0.065475464
0.034225464 0.12069702 0.109451294
0.05987549 0.065719604 0.09112549
0.051330566 -0.20672607 0.07279968
0.02444458 -0.05949402 0.12289429
-0.17163086 -0.1486969 0.062423706
-0.332901 -0.24337769 0.08807373
-0.24066162 -0.09126282 0.11679077
0.06414795 -0.011245728 0.11923218
0.36592102 -0.025909424 0.10273743
0.44532776 -0.03933716 0.06303406
0.26390076 -0.090042114 0.023330688
-0.020141602 0.009521484 -0.020645142
-0.22904968 0.20561218 0.009277344
-0.3121338 0.18362427 0.2071991
-0.31762695 -0.06378174 0.30921936
-0.16184998 -0.23603821 0.27622986
0.078201294 -0.20121765 0.20109558
0.21199036 -0.07598877 0.13816833
0.20831299 -0.044830322 0.12716675
0.12156677 -0.08027649 0.13450623
-0.020141602 -0.10592651 0.11128235
-0.11604309 -0.1315918 0.078308105
-0.05067444 -0.16334534 0.10334778
-0.0079193115 -0.10592651 0.13816833
0.029953003 -0.07598877 0.1595459
0.05621338 -0.02468872 0.16566467
0.12768555 0.026626587 0.16322327
0.24864197 0.0027923584 0.13511658
0.31399536 -0.038726807 0.09602356
0.2559662 -0.04789734 0.05632019
0.14111328 -0.0026855469 0.01966858
0.15211487 0.10910034 -0.009048462
0.25352478 -0.016738892 -0.08418274
0.14173889 -0.32644653 -0.1703186
-0.30418396 -0.23786926 -0.13182068
-0.7171478 0.011352539 -0.086624146
-0.6365051 0.20866394 -0.06951904
-0.13926697 0.30700684 0.017837524
0.4373932 0.23614502 0.0599823
0.7886505 0.078552246 0.009887695
0.6957855 -0.19389343 -0.09213257
0.20159912 -0.38571167 -0.16664124
-0.33961487 -0.31729126 -0.2185669
-0.6664429 -0.14318848 -0.32302856
-0.7128601 0.054718018 -0.35235596
-0.4593506 0.27952576 -0.25460815
0.03727722 0.38703918 -0.24360657
0.47465515 0.31678772 -0.27355957
0.55773926 0.14819336 -0.22039795
0.30911255 0.0021972656 -0.14587402
-0.03173828 -0.0692749 -0.14953613
-0.25286865 -0.049118042 -0.14404297
-0.30236816 0.008911133 -0.12327576
-0.20645142 0.05105591 -0.08050537
0.14967346 0.07426453 0.012329102
0.22114563 0.07121277 0.045318604
0.24435425 0.08099365 0.09541321
0.28041077 0.11457825 0.12106323
0.3280487 0.14878845 0.16810608
0.3915863 0.15429688 0.22613525
0.43128967 0.11642456 0.21820068
0.34698486 -0.1157074 0.15588379
0.15518188 -0.08821106 0.19865417
-0.00730896 -0.005142212 0.12716675
-0.11665344 -0.18411255 0.08380127
-0.2027893 -0.24031067 0.17604065
-0.14108276 -0.07232666 0.26950073
0.16984558 0.027236938 0.28904724
0.52597046 0.020523071 0.27989197
0.6121063 -0.04055786 0.19314575
0.33843994 0.0040130615 0.10029602
-0.15818787 0.22454834 0.14060974
-0.53326416 0.43711853 0.30493164
-0.4996643 0.41331482 0.45765686
-0.20523071 0.15856934 0.49613953
0.11302185 -0.16395569 0.42100525
0.2901764 -0.20365906 0.31044006
0.29873657 -0.07476807 0.24568176
0.18632507 -0.02406311 0.25300598
-0.21316528 -0.038726807 0.23652649
-0.28952026 -0.050338745 0.2218628
-0.22294617 -0.005142212 0.22064209
-0.061676025 0.046173096 0.26522827
0.10630798 0.08465576 0.31532288
0.20587158 0.09565735 0.32936096
0.23275757 0.0644989 0.3202057
0.23275757 0.03517151 0.30249023
0.23153687 0.019897461 0.29882812
0.26818848 0.046783447 0.30371094
0.33110046 0.10420227 0.30615234
0.34332275 0.13658142 0.31471252
0.33354187 0.25202942 0.31288147
0.36592102 0.3723755 0.30126953
0.45266724 0.25447083 0.37886047
0.33966064 -0.022842407 0.41978455
-0.12641907 -0.07659912 0.4399414
-0.6542206 0.13352966 0.5285187
-0.67437744 0.4261322 0.57432556
-0.08732605 0.52264404 0.59020996
0.65486145 0.3809204 0.7160492
1.1521149 0.32839966 0.84432983
1.1154633 0.29234314 0.82966614
0.70861816 0.197052 0.80462646
0.19915771 0.16896057 0.7514801
-0.3622284 0.36198425 0.6598511
-0.8551941 0.6490936 0.6897888
-0.8930664 0.9087219 0.7905731
-0.41415405 0.93193054 0.7270508
0.19120789 0.7865448 0.6928406
0.5094757 0.6637573 0.8565521
0.37997437 0.6246643 1.0385895
0.038497925 0.600235 1.0697479
-0.19117737 0.60694885 1.1039581
-0.30969238 0.5941162 1.112503
-0.33717346 0.58496094 1.1094513
-0.26264954 0.5648041 1.0807495
-0.1331482 0.5391388 1.0178223
-0.014038086 0.53486633 0.9658966
0.08920288 0.55197144 0.96406555
0.145401 0.5593109 0.9884949
0.1136322 0.5330353 1.0202637
0.02444458 0.5195923 1.0153809
-0.042129517 0.50738525 1.0129395
3.0517578e-05 0.5232544 1.0495911
0.15945435 0.5965576 1.1039581
0.27490234 0.5953369 1.1986389
0.15518188 0.3980255 1.2560577
-0.1368103 0.33755493 1.2493439
-0.40864563 0.4432373 1.1882477
-0.43553162 0.5623474 1.1161804
-0.20401001 0.59962463 1.0593567
-0.026245117 0.5916748 1.071579
-0.0054779053 0.71751404 1.1693115
0.066604614 0.9374237 1.2798767
0.24801636 1.0706024 1.3757935
0.38912964 1.0296631 1.3861847
0.37265015 0.8659668 1.3421936
0.20220947 0.6307678 1.2475128
-0.6603241 0.46461487 1.215744
-0.97554016 0.4933319 1.2059631
-0.75746155 0.457901 1.0850067
-0.23272705 0.5635681 0.9359741
0.15151978 0.6814728 0.8962555
0.17778015 0.66926575 0.9017639
0.017730713 0.600235 0.86265564
-0.14292908 0.52815247 0.83088684
-0.23150635 0.444458 0.824173
-0.26997375 0.34243774 0.8333435
-0.26875305 0.35038757 0.82907104
-0.17895508 0.3552704 0.77653503
-0.012802124 0.27157593 0.6806183
0.08125305 0.2434845 0.60731506
0.07637024 0.25202942 0.5358429
0.08369446 0.18055725 0.49613953
0.10386658 0.07672119 0.4845276
0.09286499 0.022964478 0.4228363
0.06843567 0.018676758 0.33242798
0.094696045 0.042510986 0.27500916
0.17350769 0.043121338 0.18702698
0.14233398 -0.14074707 0.041656494
-0.105651855 -0.2140503 -0.017593384
-0.42453003 -0.1157074 -0.025527954
-0.60839844 0.021118164 -0.04875183
-0.42881775 0.23187256 -0.03591919
0.045822144 0.31251526 -0.057922363
0.54063416 0.20927429 -0.073791504
0.82774353 0.049835205 0.010513306
0.8057556 -0.12547302 0.006225586
0.5583496 -0.30690002 -0.08540344
0.20098877 -0.39974976 -0.13793945
-0.2962494 -0.3123932 -0.18925476
-0.9443817 -0.08027649 -0.26438904
-1.2241669 0.21903992 -0.21246338
-0.7592926 0.33450317 -0.12327576
0.042770386 0.13963318 -0.0059814453
0.4703827 0.021118164 0.0770874
0.35676575 0.19888306 0.13511658
0.13317871 0.37420654 0.1925354
0.015899658 0.33816528 0.21635437
-0.050064087 0.20683289 0.23712158
-0.12948608 0.17323303 0.22001648
-0.16003418 0.19888306 0.18276978
-0.044570923 0.19400024 0.13999939
0.10630798 0.13719177 0.13206482
0.14906311 0.090148926 0.11373901
0.102645874 0.085876465 0.1253357
0.065979004 0.10664368 0.15710449
0.05682373 0.14146423 0.16444397
0.06782532 0.19400024 0.1253357
0.16555786 0.20378113 0.03187561
0.29811096 0.15856934 0.026382446
0.21931458 -0.012466431 0.0599823
-0.10505676 0.065719604 0.0758667
-0.44407654 0.22088623 0.118621826
-0.5265503 0.08099365 0.14978027
-0.3353424 -0.04360962 0.16992188
-0.008529663 -0.046066284 0.17237854
0.37997437 0.05593872 0.21025085
0.60295105 0.18362427 0.26889038
0.4850464 0.11703491 0.28416443
0.13929749 -0.011245728 0.25300598
-0.17713928 0.19522095 0.31410217
-0.26509094 0.52571106 0.50102234
-0.05189514 0.20805359 0.69833374
-0.044570923 -0.1529541 0.6115875
0.03605652 -0.23054504 0.3922882
0.22602844 -0.08699036 0.23774719
0.3085022 0.005859375 0.23040771
0.12522888 -0.055221558 0.176651
-0.15881348 -0.16824341 0.04776001
-0.26693726 -0.19328308 -0.061584473
-0.109939575 -0.14074707 -0.08050537
0.12585449 0.004638672 0.02394104
0.24679565 0.11703491 0.13389587
0.25474548 0.10910034 0.12838745
0.24069214 0.053497314 0.07524109
0.21992493 -0.021011353 0.0440979
0.1906128 -0.1670227 0.05569458
0.110580444 -0.3130188 0.074645996
0.08369446 -0.2482605 0.074645996
0.1759491 -0.12913513 0.057540894
0.10020447 -0.40769958 -0.01637268
-0.25105286 -0.4437256 -0.10372925
-0.63101196 -0.15907288 -0.22528076
-0.63772583 0.197052 -0.33525085
-0.23944092 0.3143463 -0.28759766
0.34820557 0.28808594 -0.16236877
0.7727661 0.14941406 -0.10189819
0.6860199 -0.201828 -0.0884552
0.16433716 -0.6025696 -0.03164673
-0.51249695 -0.6850281 0.02394104
-1.0610504 -0.396698 -0.09150696
-1.1288605 0.14819336 -0.36883545
-0.52227783 0.51898193 -0.5551605
0.41601562 0.4139099 -0.56066895
1.0617065 0.11579895 -0.52949524
1.0763702 0.04006958 -0.4842987
0.61943054 0.08526611 -0.39694214
0.07392883 0.110321045 -0.3529663
-0.27365112 0.14878845 -0.3211975
-0.39949036 0.16529846 -0.23994446
-0.38116455 0.08831787 -0.16481018
-0.27119446 0.014404297 -0.13549805
-0.11604309 -0.02406311 -0.10739136
0.018341064 0.036392212 -0.06462097
0.087371826 0.14390564 0.015396118
0.13195801 0.20133972 0.09234619
0.16067505 0.24287415 0.19192505
0.20281982 0.24409485 0.3202057
0.2425232 0.20133972 0.43199158
0.12400818 -0.0692749 0.43811035
-0.13131714 -0.08027649 0.42893982
-0.40620422 -0.09248352 0.34709167
0.0647583 0.054718018 0.3910675
0.63960266 0.31922913 0.60487366
0.8149109 0.24531555 0.65374756
0.45877075 0.15124512 0.5016327
-0.11909485 0.26608276 0.3922882
-0.48379517 0.30456543 0.43444824
-0.52960205 0.066329956 0.53157043
-0.44651794 -0.27574158 0.59020996
-0.280365 -0.4431305 0.47232056
-0.041519165 -0.19999695 0.23040771
0.18449402 0.10847473 0.10334778
0.27612305 0.13108826 0.15771484
0.26023865 0.033340454 0.20231628
0.19242859 -0.05949402 0.18092346
0.09408569 -0.0032958984 0.1265564
0.021392822 0.16957092 0.102127075
-0.021972656 0.17140198 0.114349365
-0.045791626 0.069992065 0.110672
-0.05923462 -0.03933716 0.065475464
-0.029907227 -0.061325073 0.03187561
0.054992676 -0.005142212 0.07096863
0.10386658 -0.026504517 0.093566895
0.094696045 -0.15235901 0.023330688
0.13685608 -0.1847229 -0.070129395
0.25535583 -0.044830322 -0.13427734
0.0647583 -0.21282959 -0.29737854
-0.24861145 0.008911133 -0.23934937
-0.40986633 0.093811035 -0.2674408
-0.36039734 0.16101074 -0.22773743
-0.18812561 0.2947998 -0.12510681
0.22602844 0.32595825 -0.13059998
0.6298218 0.012573242 -0.23139954
0.63409424 -0.4773407 -0.30775452
0.23458862 -0.71128845 -0.23078918
-0.28526306 -0.5683594 -0.17398071
-0.6200104 -0.1315918 -0.3040924
-0.527771 0.44874573 -0.41770935
-0.1661377 0.559906 -0.38290405
0.27368164 0.25875854 -0.37068176
0.574234 0.07182312 -0.40794373
0.58522034 0.12924194 -0.39572144
0.36653137 0.2288208 -0.25704956
0.053771973 0.16285706 -0.17886353
-0.151474 0.06816101 -0.12449646
-0.1869049 -0.005142212 -0.023086548
-0.121536255 -0.016738892 0.03250122
-0.02746582 0.0027923584 0.048980713
0.054382324 -0.022842407 0.074645996
0.11424255 -0.036895752 0.11312866
0.16860962 -0.02406311 0.11923218
0.27612305 0.043121338 0.13511658
0.3622589 0.14634705 0.1949768
0.3231659 0.14512634 0.24324036
0.13563538 -0.036895752 0.23774719
-0.5131073 -0.008178711 0.1277771
-0.5705261 -0.030792236 0.11923218
-0.3377838 -0.12364197 0.105789185
0.009780884 0.026016235 0.1253357
0.36470032 0.36198425 0.21635437
0.55529785 0.4273529 0.29333496
0.45632935 0.20805359 0.28416443
0.087371826 0.08343506 0.27011108
-0.39031982 0.18850708 0.29333496
-0.61024475 0.38520813 0.45092773
-0.47462463 0.31617737 0.61709595
-0.15513611 -0.1211853 0.6451874
0.15821838 -0.4651184 0.48086548
0.2718506 -0.3820343 0.2621765
0.23092651 -0.123031616 0.1949768
0.1307373 0.08770752 0.23652649
-0.045791626 0.11457825 0.21697998
-0.24371338 0.07426453 0.13816833
-0.3145752 0.10664368 0.11251831
-0.27853394 0.12557983 0.14060974
-0.20584106 0.10054016 0.16381836
-0.097717285 0.07548523 0.16566467
0.042160034 0.06022644 0.11984253
0.11730957 0.045562744 0.05204773
0.12097168 0.046173096 -0.021865845
0.1918335 -0.07171631 -0.12327576
0.30055237 -0.082107544 -0.16908264
0.44229126 0.004638672 -0.20941162
0.5253601 0.029067993 -0.26560974
0.3744812 -0.26841736 -0.38290405
0.011627197 -0.2806244 -0.40550232
-0.43370056 -0.12181091 -0.45620728
-0.75624084 0.0632782 -0.43666077
-0.78616333 0.3119049 -0.27478027
-0.38726807 0.43774414 -0.16908264
0.24742126 0.31007385 -0.14709473
0.73550415 0.015625 -0.14221191
0.7544403 -0.3979187 -0.13182068
0.3243866 -0.73023987 -0.042633057
-0.27182007 -0.72657776 -0.016983032
-0.81121826 -0.42539978 -0.1373291
-1.0219574 0.16101074 -0.3175354
-0.66400146 0.6759796 -0.34684753
-0.06594849 0.6100006 -0.2637787
0.3585968 0.1787262 -0.17520142
0.37753296 -0.090042114 -0.12937927
0.11790466 -0.14624023 -0.078063965
-0.10015869 -0.1334076 -0.002319336
-0.20462036 -0.09738159 0.0056152344
-0.25898743 -0.03201294 -0.021255493
-0.21806335 0.07366943 -0.01210022
-0.10321045 0.12802124 0.012954712
0.05621338 0.14697266 0.057540894
0.1906128 0.12435913 0.098464966
0.22602844 0.061447144 0.11128235
0.16189575 0.022964478 0.11984253
0.07209778 0.02357483 0.09051514
-0.0018157959 0.017456055 0.015396118
-0.0066986084 -0.027130127 -0.059143066
0.091033936 -0.022232056 -0.09335327
0.21138 0.0021972656 -0.08294678
0.29200745 0.049224854 -0.05973816
0.25047302 -0.030181885 -0.08418274
-0.020141602 -0.18045044 -0.17886353
-0.28463745 0.098098755 -0.16053772
-0.33351135 0.12130737 -0.14709473
-0.19056702 -0.078430176 -0.07562256
-0.12826538 -0.1010437 -0.053024292
-0.09893799 0.027236938 -0.037750244
0.05621338 0.15551758 0.025772095
0.26023865 0.26852417 0.11618042
0.33538818 0.29356384 0.12838745
0.20098877 0.16285706 0.061203003
-0.12460327 0.009521484 0.094192505
-0.66093445 -0.08699036 0.38008118
-0.61268616 -0.30995178 0.32081604
-0.29136658 -0.4675598 0.18765259
0.011627197 -0.26841736 0.07891846
0.102645874 -0.066833496 0.012329102
0.029327393 -0.013687134 -0.037139893
-0.11116028 -0.0026855469 -0.0884552
-0.24066162 -0.09187317 -0.12205505
-0.3304596 -0.24093628 -0.1031189
-0.38604736 -0.2934723 -0.053024292
-0.34939575 -0.21160889 0.00012207031
-0.1979065 -0.10041809 0.0440979
-0.012802124 -0.043014526 0.026382446
0.10997009 -0.066223145 -0.010269165
0.1307373 -0.123031616 -0.049972534
0.059265137 -0.16395569 -0.06951904
-0.023803711 -0.17434692 -0.078063965
-0.015853882 -0.17495728 -0.08294678
0.062316895 -0.1871643 -0.0884552
0.16189575 -0.165802 -0.098236084
0.3219452 -0.030792236 -0.12510681
0.50398254 0.06877136 -0.16542053
0.53697205 -0.10592651 -0.235672
0.30055237 -0.2788086 -0.21734619
-0.13131714 -0.23298645 -0.15138245
-0.60961914 -0.098602295 -0.15504456
-0.72447205 0.028457642 -0.21429443
-0.36528015 0.10054016 -0.2723236
0.158844 0.089538574 -0.24667358
0.5497894 0.0974884 -0.19352722
0.7055664 0.102371216 -0.13427734
0.63838196 -0.016738892 -0.09335327
0.36653137 -0.25680542 -0.078689575
0.0018463135 -0.43640137 -0.12632751
-0.35488892 -0.48039246 -0.2967682
-0.77090454 -0.35638428 -0.48246765
-1.0219574 0.12557983 -0.52890015
-0.7153015 0.678421 -0.52949524
0.48075867 0.3143463 -0.29310608
0.50886536 0.019897461 -0.19963074
0.1282959 -0.0692749 -0.11349487
-0.32128906 -0.03201294 -0.05607605
-0.54182434 -0.013076782 -0.0029296875
-0.49050903 -0.102874756 0.08013916
-0.27975464 -0.16456604 0.07096863
-0.06838989 -0.09187317 -0.038970947
0.0488739 0.0315094 -0.059143066
0.09286499 0.122528076 0.026992798
0.13929749 0.122528076 0.12901306
0.28163147 0.109695435 0.17848206
0.42578125 0.17811584 0.22001648
0.45144653 0.18362427 0.25300598
0.28466797 -0.037506104 0.24629211
0.06414795 -0.05949402 0.27011108
-0.04701233 0.15673828 0.23101807
-0.0066986084 0.1787262 0.1436615
0.039718628 -0.03567505 0.077682495
-0.073287964 -0.0680542 0.037384033
-0.2791443 0.12680054 0.030059814
-0.32740784 0.36749268 0.065475464
-0.15208435 0.48416138 0.12045288
0.0067443848 0.4566803 0.12289429
-0.024414062 0.33877563 0.10273743
-0.30662537 0.24653625 0.26339722
-0.217453 0.21232605 0.39289856
-0.05067444 0.08404541 0.46253967
0.011001587 -0.08821106 0.43382263
-0.08917236 -0.1688385 0.33180237
-0.20767212 -0.05155945 0.19558716
-0.21316528 0.090148926 0.094192505
-0.06838989 0.18423462 0.028213501
0.04949951 0.22454834 -0.037750244
-0.009750366 0.22821045 -0.12510681
-0.109939575 0.23736572 -0.21673584
-0.10015869 0.19155884 -0.25216675
0.003692627 0.065719604 -0.22773743
0.06782532 -0.043014526 -0.19474792
0.07148743 -0.099823 -0.15260315
0.08798218 -0.13891602 -0.119003296
0.10752869 -0.15663147 -0.13793945
0.08432007 -0.165802 -0.18191528
-0.040908813 -0.15541077 -0.21551514
-0.1355896 -0.055221558 -0.22406006
-0.09283447 0.022964478 -0.17703247
0.018951416 0.015625 -0.12205505
0.10079956 -0.030181885 -0.09883118
0.15151978 -0.06010437 -0.08357239
0.17532349 -0.090652466 -0.06036377
0.13745117 -0.16090393 -0.034698486
0.06782532 -0.22076416 -0.0029296875
0.034225464 -0.16334534 -0.007217407
0.06782532 -0.1529541 -0.03286743
0.0818634 -0.1370697 -0.062179565
0.05987549 -0.10897827 -0.075027466
0.022613525 -0.082107544 -0.078063965
-0.006088257 -0.074157715 -0.082351685
-0.0024261475 -0.070495605 -0.07196045
0.025665283 -0.0521698 -0.06890869
0.055603027 -0.038116455 -0.06462097
0.059265137 -0.045455933 -0.059143066
0.034225464 -0.026504517 -0.049972534
0.01222229 0.004638672 -0.03286743
0.022003174 0.0064697266 -0.013931274
0.03666687 -0.026504517 0.0135650635
0.009780884 -0.05155945 0.042877197
-0.018295288 -0.049728394 0.062423706
-0.020141602 -0.049118042 0.069747925
-0.017074585 -0.06010437 0.057540894
-0.018920898 -0.058883667 0.033111572
-0.0066986084 -0.061325073 0.017227173
0.017730713 -0.066833496 0.012954712
0.011627197 -0.06561279 0.025772095
0.00062561035 -0.061325073 0.03982544
-0.0011901855 -0.078430176 0.0599823
-0.0011901855 -0.09553528 0.07952881
0.018951416 -0.08576965 0.08013916
0.017120361 -0.09553528 0.07096863
-0.03112793 -0.1157074 0.055099487
-0.09283447 -0.08760071 0.037994385
-0.13070679 -0.04789734 0.01966858
-0.1026001 0.030899048 -0.016983032
