73
93
109
129
149
169
189
209
229
249
269
289
309
332
349
369
389
409
429
449
469
488
508
527
546
566
585
604
624
643
662
682
701
720
740
759
779
798
817
837
856
876
895
914
933
953
972
992
1012
1030
1050
1069
1089
1108
1129
1147
1166
1185
1204
1224
1245
1263
1283
1301
1320
1340
1359
1380
1400
1418
1437
1457
1476
1496
1514
1535
1553
1572
1591
1611
1630
1649
1669
1688
1708
1729
1748
1768
1788
1808
1828
1848
1868
1888
1908
1928
1949
1968
1988
2008
2028
2048
2068
2088
2110
2130
2150
2168
2188
2208
2228
2248
2268
2288
2307
2326
2348
2367
2386
2404
2423
2443
2462
2482
2502
2521
2539
2559
2578
2597
2617
2636
2655
2675
2694
2713
2734
2752
2772
2791
2810
2829
2850
2868
2888
2907
2926
2946
2965
2985
3004
3023
3042
3062
3081
3101
3120
3140
3158
3178
3197
3218
3236
3255
3275
3294
3313
3332
3353
3371
3392
3410
3429
3450
3469
3488
3507
3527
3547
3568
3588
3608
3627
3647
3670
3688
3707
3727
3747
3767
3787
3807
3827
3847
3867
3888
3907
3927
3947
3967
3987
4007
4027
4047
4067
4088
4108
4127
4145
4164
4184
4205
4223
4242
4261
4281
4300
4319
4339
4359
4378
4397
4416
4435
4455
4476
4494
4514
4532
4552
4574
4595
4609
4629
4648
4667
4690
4709
4726
4746
4765
4785
4803
4825
4844
4863
4881
4900
4920
4939
4958
4978
4997
5016
5035
5056
5075
5098
5114
5132
5151
5172
5193
5209
5229
5248
5267
5288
5308
5327
5346
5366
5388
5409
5426
5448
5469
5486
5507
5526
5546
5566
5586
5606
5626
5646
5666
5687
5706
5728
5748
5767
5795
5806
5829
5851
5867
5886
5906
5927
5945
5967
5984
6003
6022
6041
6061
6081
6101
6120
6139
6158
6179
6197
6218
6235
6254
6273
6297
6314
6332
6356
6370
6390
6410
6431
6451
6468
6487
6506
6526
6552
6566
6584
6602
6622
6641
6663
6680
6699
6719
6740
6762
6781
6799
6817
6835
6854
6874
6894
6914
6934
6950
6970
6989
7008
7029
7048
7067
7086
7105
7125
7146
7165
7185
7205
7225
7245
7265
7285
7305
7325
7345
7365
7385
7405
7425
7445
7465
7485
7505
7525
7545
7565
7585
7605
7625
7645
7665
7685
7705
7724
7744
7763
7782
7802
7821
7840
7860
7879
7899
7920
7937
7957
7976
7996
8016
8036
8055
8074
8093
8111
8131
8152
8170
8189
8209
8228
8247
8267
8286
8305
8324
8344
8363
8384
8403
8421
8440
8460
8479
8498
8518
8539
8556
8576
8595
8614
8634
8653
8673
8692
8711
8730
8750
8769
8789
8808
8828
8847
8866
8886
8905
8924
8944
8964
8985
9004
9024
9044
9064
9084
9105
9124
9144
9164
9184
9205
9228
9244
9264
9284
9306
9324
9344
9364
9384
9406
9424
9444
9464
9484
9505
9526
9546
9564
9582
9601
9621
9640
9660
9678
9698
9717
9737
9757
9776
9796
9817
9833
9853
9874
9893
9911
9930
9949
9969
9990
10009
10027
10047
10066
10085
10105
10124
10143
10162
10182
10201
10220
10243
10261
10281
10298
10317
10336
10358
10375
10394
10414
10433
10452
10472
10491
10510
10530
10549
10568
10588
10608
10627
10646
10665
10685
10704
10726
10743
10763
10783
10803
10823
10843
10863
10883
10903
10923
10944
10963
10983
11003
11023
11045
11063
11083
11103
11123
11144
11163
11183
11203
11223
11243
11263
11283
11303
11323
11344
11362
11381
11402
11420
11446
11459
11478
11498
11517
11536
11555
11575
11596
11613
11633
11652
11671
11691
11712
11730
11749
11768
11787
11807
11826
11846
11865
11884
11903
11923
11943
11963
11982
12000
12020
12039
12058
12079
12099
12116
12136
12155
12174
12194
12215
12234
12252
12271
12290
12310
12332
12350
12368
12387
12407
12426
12445
12466
12484
12504
12523
12544
12562
12582
12602
12622
12642
12662
12682
12702
12722
12742
12762
12782
12804
12823
12842
12862
12882
12902
12922
12942
12962
12983
13003
13022
13043
13063
13084
13102
13122
13142
13161
13180
13201
13220
13239
13258
13277
13296
13318
13336
13355
13374
13393
13413
13432
13452
13471
13490
13509
13529
13548
13568
13587
13606
13625
13645
13664
13686
13703
13722
13742
13761
13782
13799
13819
13838
13858
13877
13896
13916
13936
13954
13974
13993
14013
14032
14053
14070
14090
14109
14129
14148
14167
14187
14206
14225
14245
14264
14283
14307
14325
14343
14363
14381
14401
14422
14444
14461
14481
14501
14522
14541
14561
14581
14602
14621
14641
14661
14681
14701
14721
14741
14762
14781
14802
14822
14841
14861
14881
14901
14922
14942
14960
14980
14999
15018
15039
15057
15077
15096
15115
15135
15154
15174
15193
15212
15231
15251
15270
15291
15309
15328
15348
15368
15387
15409
15426
15444
15463
15483
15502
15521
15543
15561
15580
15599
15619
15642
15660
15677
15696
15715
15734
15754
15776
15799
15813
15831
15851
15870
15893
15910
15928
15947
15968
15986
16005
16026
16045
16064
16082
16102
16121
16142
16164
16181
16200
16220
16240
16261
16280
16300
16320
16340
16362
16380
16407
16420
16440
16462
16480
16500
16520
16540
16561
16580
16600
16620
16640
16661
16683
16700
16720
16740
16763
16779
16799
16818
16837
16857
16877
16896
16915
16936
16954
16973
16996
17013
17031
17050
17070
17089
17108
17129
17147
17166
17186
17205
17224
17249
17266
17283
17301
17321
17340
17360
17381
17400
17418
17437
17456
17477
17496
17515
17534
17553
17572
17592
17611
17632
17650
17669
17689
17708
17727
17748
17767
17785
17804
17824
17843
17862
17882
17901
17921
17940
17960
17979
18000
18019
18040
18061
18079
18101
18119
18140
18160
18179
18200
18219
18240
18259
18281
18299
18319
18339
18359
18379
18400
18421
18439
18459
18480
18500
18520
18539
18559
18578
18598
18619
18637
18656
18675
18695
18714
18735
18753
18772
18791
18811
18830
18849
18869
18889
18907
18927
18946
18966
18986
19006
19023
19043
19062
19081
19102
19120
19139
19159
19179
19198
19217
19237
19256
19275
19294
19314
19333
19353
19372
19391
19411
19430
19449
19470
19488
19507
19526
19546
19565
19584
19604
19623
19642
19662
19681
19701
19721
19740
19759
19778
19798
19818
19839
19859
19878
19898
19918
19939
19958
19978
19998
20018
20038
20058
20078
20099
20118
20139
20158
20178
20198
20218
20241
20258
20278
20298
20321
20340
20358
20378
20397
20416
20436
20458
20475
20494
20513
20532
20552
20571
20591
20610
20629
20649
20668
20687
20708
20727
20745
20765
20784
20803
20826
20843
20861
20881
20900
20919
20939
20958
20978
20997
21016
21036
21055
21075
21095
21114
21133
21152
21171
21192
21211
21230
21249
21270
21287
21310
21329
21346
21366
21387
21404
21429
21445
21465
21483
21500
21519
21539
21559
21579
21597
21618
21637
21658
21679
21697
21717
21737
21758
21780
21799
21817
21837
21857
21878
21898
21917
21938
21957
21978
21997
22017
22037
22057
22079
22097
22117
22137
22157
22177
22199
22217
22235
22255
22274
22293
22314
22332
22351
22371
22390
22409
22436
22451
22469
22487
22506
22525
22545
22565
22583
22603
22622
22641
22661
22680
22700
22719
22738
22758
22777
22798
22817
22835
22854
22874
22893
22914
22933
22953
22970
22990
23009
23029
23049
23069
23086
23106
23125
23145
23165
23184
23204
23222
23241
23260
23280
23299
23319
23338
23357
23377
23397
23417
23436
23456
23476
23496
23517
23538
23556
23576
23596
23617
23641
23656
23676
23696
23718
23736
23756
23776
23796
23819
23836
23856
23876
23896
23916
23936
23956
23976
23996
24015
24036
24055
24073
24093
24112
24132
24151
24170
24189
24210
24228
24248
24267
24287
24306
24325
24344
24364
24383
24404
24422
24441
24460
24479
24499
24518
24538
24557
24576
24596
24615
24634
24654
24674
24693
24712
24731
24750
24771
24789
24808
24828
24847
24867
24886
24906
24924
24944
24963
24983
25002
25021
25041
25060
25080
25099
25118
25138
25157
25176
25196
25216
25235
25256
25278
25295
25315
25335
25357
25375
25395
25415
25435
25458
25475
25495
25515
25535
25556
25575
25595
25615
25635
25655
25677
25696
25715
25735
25755
25776
25795
25815
25834
25860
25875
25892
25911
25931
25950
25970
25989
26008
26027
26047
26066
26086
26105
26125
26143
26163
26182
26202
26221
26241
26260
26279
26299
26318
26337
26357
26379
26395
26415
26436
26453
26473
26495
26512
26531
26550
26569
26588
26608
26628
26649
26666
26685
26705
26724
26744
26764
26782
26801
26821
26840
26866
26880
26898
26917
26937
26957
26975
26996
27015
27034
27054
27074
27095
27114
27134
27154
27174
27195
27214
27235
27254
27274
27295
27314
27334
27354
27374
27394
27415
27434
27454
27474
27494
27515
27534
27554
27574
27594
27614
27635
27653
27672
27692
27713
27730
27750
27769
27788
27807
27827
27846
27866
27885
27904
27924
27943
27962
27982
28002
28020
28040
28059
28078
28098
28117
28136
28156
28175
28194
28215
28235
28252
28272
28291
28311
28330
28349
28369
28388
28407
28427
28446
28467
28485
28504
28523
28543
28562
28583
28601
28621
28639
28659
28678
28698
28718
28736
28756
28775
28794
28814
28835
28855
28874
28893
28913
28934
28954
28974
28993
29013
29035
29053
29073
29093
29113
29135
29154
29173
29193
29213
29233
29254
29273
29293
29313
29333
29354
29373
29393
29413
29434
29454
29471
29492
29510
29530
29549
29569
29588
29607
29626
29646
29665
29684
29705
29723
29743
29762
29781
29800
29821
29839
29858
29877
29897
29916
29937
29957
29974
29994
30013
30033
30052
30071
30091
30110
30129
30149
30168
30189
30207
30226
30245
30266
30284
30304
30323
30342
30361
30381
30400
30420
30439
30458
30478
30497
30517
30536
30559
30576
30595
30614
30633
30653
30674
30692
30712
30732
30752
30773
30792
30814
30832
30852
30874
30895
30912
30932
30952
30972
30994
31012
31032
31052
31072
31093
31112
31132
31152
31172
31194
31212
31232
31252
31271
31291
31310
31329
31348
31367
31387
31407
31427
31446
31464
31484
31503
31522
31542
31561
31580
31600
31619
31638
31658
31678
31697
31716
31735
31755
31774
31797
31813
31832
31851
31871
31890
31911
31929
31948
31967
31987
32006
32026
32045
32066
32084
32103
32122
32142
32162
32180
32200
32219
32238
32258
32280
32298
32316
32335
32354
32374
32396
32413
32432
32451
32471
32491
32513
32532
32551
32571
32591
32613
32632
32651
32671
32692
32711
32731
32751
32771
32791
32811
32832
32851
32871
32891
32911
32931
32951
32971
32991
33011
33032
33051
33070
33089
33109
33128
33148
33167
33187
33206
33225
33245
33265
33283
33302
33322
33341
33361
33380
33403
33419
33438
33457
33476
33496
33516
33537
33554
33574
33592
33617
33633
33652
33670
33690
33710
33728
33747
33767
33786
33805
33825
33844
33863
33883
33902
33923
33941
33960
33979
33999
34021
34037
34057
34077
34097
34115
34135
34154
34173
34192
34211
34231
34251
34271
34290
34310
34330
34352
34370
34390
34410
34430
34451
34470
34490
34513
34531
34550
34571
34590
34610
34630
34650
34671
34690
34710
34730
34750
34772
34790
34810
34830
34850
34870
34890
34908
34928
34947
34967
34987
35005
35025
35044
35065
35082
35102
35123
35141
35160
35179
35198
35218
35238
35256
35276
35295
35314
35335
35354
