-0.24885559 2.7493591 8.750549
-0.22492981 2.617752 8.578262
-0.48095703 2.4837494 8.803192
-0.63648987 2.6249237 9.5282135
-0.5886383 2.8546448 9.454041
-0.4283142 2.6871338 9.286545
-0.5264282 2.1296082 9.418152
-0.8231354 1.7826538 9.681366
-0.99302673 1.8448639 10.15036
-0.68673706 1.8472595 10.341782
-0.38285828 1.7252197 10.389633
-0.2632141 1.7563324 10.1527405
-0.32302856 1.7180481 10.224533
-0.550354 1.6534424 10.6336975
-0.69392395 1.8975067 10.865814
-0.7896271 2.1966095 9.714859
-0.6149597 2.3353882 9.030518
-0.73698425 2.5770721 9.291336
-0.6412811 2.8115692 9.662216
-0.48812866 2.897705 9.839294
-0.7298126 2.8498535 9.547363
-0.78723145 2.7134552 9.341583
-0.7800598 2.773285 9.497116
-0.7130585 2.7828522 9.800995
-0.57188416 2.5914307 10.219742
-0.55992126 2.5651093 10.112076
-0.5479584 2.6440735 9.698105
-0.5240326 2.6656036 9.683746
-0.83987427 2.5770721 9.937393
-0.78723145 2.6488495 9.521042
-0.68196106 2.7972107 9.131012
-0.6006012 2.8043823 9.147766
-0.6053772 2.8187408 9.504288
-0.6652069 2.7637177 9.834503
-0.6915283 2.4933167 10.071396
-0.82073975 2.3090668 10.10968
-0.9834442 2.388031 9.930222
-0.80877686 2.3282166 9.829712
-0.70588684 2.3665009 10.10968
-0.92362976 2.376068 10.68396
-0.89730835 2.2348938 10.432709
-0.8685913 2.120041 9.896713
-0.9714813 2.313858 9.406189
-0.8949127 2.2994995 9.253052
-0.94277954 2.170288 9.604797
-0.9690857 2.1511536 9.791428
-0.9690857 2.1583252 10.119247
-0.9451599 2.0721893 10.33699
-1.0743713 1.8592224 10.303497
-1.1557312 1.701294 10.305893
-0.99302673 1.7682953 10.241287
-1.0241241 1.9908295 10.576279
-1.0863342 2.0123596 10.557129
-0.9140625 1.8376923 10.164719
-1.1533356 1.931015 10.327423
-1.1988068 2.1607208 10.1814575
-0.81355286 2.0291138 9.643082
-0.49291992 1.9262238 9.317657
-0.40678406 2.2277222 8.987442
-1.2442627 2.2492523 9.154938
-1.7395782 2.0913239 9.686142
-1.5984039 1.8161469 9.999603
-1.380661 1.627121 10.15036
-1.1652985 1.660614 10.425522
-1.1437683 1.7850494 10.791626
-1.311264 1.6319122 10.636093
-1.2849426 1.5840454 10.382462
-1.2993011 1.7156525 10.02832
-1.2251282 1.6151581 9.253052
-1.2179413 1.7706909 8.934799
-1.1988068 1.6438751 9.305695
-1.2634125 1.4045868 9.614365
-1.0935211 1.3304138 9.769897
-0.9786682 1.3016968 9.834503
-1.0576324 1.2418823 9.777069
-1.1437683 1.277771 10.011566
-1.1485596 1.249054 10.272385
-1.1892395 1.036087 10.327423
-1.3040924 0.9188385 10.200607
-1.1533356 0.9786682 10.143173
-0.8183441 1.0432739 10.085754
-0.78723145 1.0241241 9.753143
-1.0480499 0.9786682 9.724426
-0.99780273 0.9140625 10.073776
-0.8925171 0.95474243 10.435104
-0.95951843 0.8159485 10.461426
-1.2442627 0.68434143 10.511673
-1.0480499 0.830307 10.523636
-0.8614197 0.63648987 10.260422
-0.9403839 0.6628113 10.308273
-0.82073975 0.6963043 10.277176
-0.9188385 0.51924133 9.88475
-0.77526855 0.4785614 9.918243
-0.9379883 0.46420288 10.198212
-1.0073853 0.38523865 10.4279175
-0.77049255 0.34217834 10.518845
-0.59820557 0.31585693 10.451843
-0.6891327 0.32302856 10.19342
-1.0887299 0.14117432 10.214966
-1.0648041 0.062210083 10.363312
-0.78245544 0.18185425 10.21257
-0.9714813 0.19621277 9.951752
-0.7130585 0.26560974 9.805786
-0.7657013 0.27278137 9.810577
-1.2251282 0.1603241 10.0785675
-1.2418823 0.052642822 10.401596
-1.0456696 0.13639832 10.597809
-0.81355286 0.24645996 10.401596
-0.9523468 0.19381714 9.923035
-1.0648041 0.16749573 9.851257
-0.8661957 0.24406433 9.982849
-0.90448 0.2679901 10.15036
-0.87338257 0.19142151 10.238892
-0.89730835 0.17945862 10.284348
-0.94277954 0.100494385 10.29393
-0.91645813 0.21534729 10.7030945
-0.68673706 0.31585693 10.68634
-0.76330566 0.22732544 10.219742
-0.9188385 0.086135864 9.915863
-0.97387695 0.047851562 9.834503
-0.9379883 0.21296692 10.040283
-0.8159485 0.24645996 10.207779
-0.7992096 0.2033844 10.246063
-0.88534546 0.102890015 10.100098
-0.88534546 0.14117432 10.13121
-0.8829498 0.12921143 10.143173
-0.84706116 0.1603241 10.205383
-0.78723145 0.19381714 10.236496
-0.8183441 0.119644165 10.042679
-0.8638153 0.12921143 9.920639
-0.8374939 0.19621277 10.097717
-0.8614197 0.17228699 10.19342
-0.8279114 0.15553284 10.219742
-0.80158997 0.14356995 10.281952
-0.8063812 0.06460571 10.159927
-0.8614197 0.15792847 10.061813
-0.83270264 0.15553284 10.083359
-0.8422699 0.110076904 10.126419
-0.7848511 0.100494385 10.164719
-0.8877411 0.124420166 10.231705
-0.9260254 0.1483612 10.224533
-0.91645813 0.071777344 10.179062
-0.9068756 0.117248535 10.121643
-0.8231354 0.17945862 10.071396
-0.825531 0.17228699 10.124039
-0.9403839 0.07417297 10.097717
-0.85902405 0.105285645 10.136002
-0.78245544 0.16749573 10.04747
-0.8805542 0.117248535 10.035492
-0.82073975 0.13877869 10.10968
-0.82073975 0.059814453 10.04985
-0.82073975 0.03111267 10.102493
-0.72024536 -0.112457275 10.162323
-0.8183441 -0.090927124 10.088135
-0.89730835 -0.102890015 10.061813
-0.8494568 -0.100494385 10.116852
-0.8685913 -0.08375549 10.231705
-0.8829498 -0.071777344 10.231705
-0.8518524 -0.07896423 10.097717
-0.80877686 -0.07417297 10.052246
-0.7513428 -0.059814453 10.066605
-0.83509827 -0.059814453 10.1766815
-0.83987427 -0.06700134 10.241287
-0.8829498 -0.062210083 10.265213
-0.7537384 -0.093322754 10.21257
-0.7800598 -0.06460571 10.107285
-0.7920227 -0.102890015 10.076172
-0.7513428 -0.15074158 10.097717
-0.7728882 -0.13877869 10.102493
-0.8111725 -0.1603241 10.140778
-0.76330566 -0.1268158 10.248459
-0.7848511 -0.1603241 10.231705
-0.78723145 -0.1651001 10.126419
-0.7776642 -0.15553284 10.138397
-0.7848511 -0.1483612 10.1479645
-0.76330566 -0.098098755 10.1527405
-0.7393799 -0.119644165 10.138397
-0.8159485 -0.124420166 10.114456
-0.8183441 -0.06939697 10.15036
-0.77526855 -0.052642822 10.217346
-0.74894714 -0.007171631 10.2341
-0.68434143 -0.03111267 10.1479645
-0.7728882 -0.14596558 10.009171
-0.7896271 -0.07417297 10.384857
-0.79441833 -0.023925781 10.332214
-0.653244 -0.04307556 10.322632
-0.38046265 0.0765686 10.011566
-0.21774292 0.28234863 10.064209
-1.1652985 -0.4019928 10.523636
-1.1078796 -0.3517456 10.798813
-0.8374939 -0.5264282 11.743973
-0.98106384 -0.3254242 11.95694
-0.5359955 -0.062210083 11.150558
-0.71784973 -0.15792847 10.600204
-0.9643097 -0.21774292 10.425522
-0.5407715 -0.1268158 10.533203
-0.7154541 -0.12921143 11.193619
-0.68196106 -0.2536316 11.392227
-0.6006012 -0.21296692 11.315659
-0.6699829 -0.14596558 11.325226
-0.9762726 -0.22013855 11.318054
-1.1246338 -0.24885559 11.210373
-0.8566284 0.0765686 11.138596
-0.447464 0.23928833 11.028519
-0.7298126 0.16989136 10.78923
-1.031311 0.22492981 10.853836
-0.7680969 0.36849976 11.32045
-0.6963043 0.5407715 11.447266
-1.1533356 0.72024536 9.934998
-1.0337067 0.9308014 9.61676
-0.7992096 1.306488 9.882355
-0.6915283 1.4763641 10.29393
-0.653244 1.5625153 10.284348
-0.98583984 1.6390839 9.918243
-1.146164 1.660614 9.399002
-0.94755554 1.8640137 9.238693
-0.6269226 2.141571 9.521042
-0.75613403 2.325821 9.879959
-1.0959167 2.2779694 10.073776
-1.2610168 2.2205353 9.934998
-1.1437683 2.321045 9.568893
-0.90927124 2.555542 9.176468
-1.0791626 2.691925 8.958725
-1.3328094 2.6033936 9.133408
-1.3782654 2.6608124 9.59761
-0.9523468 2.8450623 9.889542
-0.6077728 3.0269165 9.772293
-0.5264282 2.8666077 9.413361
-0.94755554 2.7230377 9.095123
-1.1700897 2.7278137 9.205185
-1.0408783 2.8881378 9.5282135
-0.7010956 2.9216309 9.57608
-0.55992126 2.9766693 9.480362
-0.72024536 2.835495 9.085556
-0.55274963 2.9814606 9.18605
-0.39720154 3.1250305 9.652649
-0.29670715 3.0556335 9.745972
-0.5096741 2.8953094 9.533005
-0.6388855 2.823532 9.360718
-0.82073975 2.7924194 9.437286
-0.7848511 2.7684937 9.580856
-0.59580994 2.8737793 9.951752
-0.50727844 2.8737793 10.088135
-0.43310547 2.7302094 9.784256
-0.32063293 2.7876434 9.396622
-0.447464 2.8402863 9.2482605
-0.5144501 2.7852478 9.293716
-0.5048828 2.8450623 9.556931
-0.4139557 2.8666077 9.6957245
-0.29193115 2.9144592 9.614365
-0.55513 2.8857422 9.504288
-0.57188416 2.876175 9.202789
-0.3756714 2.9742737 8.872589
-0.3517456 3.0939178 8.882156
-0.41635132 3.213562 8.98027
-0.25125122 3.0652008 8.786438
-0.17706299 2.9742737 8.671585
0.13877869 2.8594208 8.894119
0.1651001 2.8833466 9.406189
-0.03111267 3.0245209 9.851257
-0.06939697 2.9934235 9.834503
-0.009567261 3.0341034 10.126419
-0.1531372 3.3690948 10.738983
-0.6197357 3.665802 10.4375
-0.83270264 3.871582 9.504288
-0.29193115 3.9888306 9.439682
-0.6077728 4.019943 9.82254
-0.48335266 4.015152 9.47319
0.01675415 4.2759705 8.848663
0.62931824 4.319046 8.504089
0.67237854 4.412369 8.5902405
0.7776642 4.101303 8.391632
0.48812866 4.060623 8.312668
-0.1483612 4.2759705 8.063812
-0.825531 4.381256 7.9465637
-1.2322998 4.4243317 8.087738
-1.282547 4.319046 8.463409
-1.2131653 4.3788605 8.946762
-1.0983124 4.553543 9.016159
-1.0432739 4.7688904 8.690735
-1.0265198 4.6731873 7.8723907
-0.76091003 4.6660004 7.286148
-0.6077728 4.862213 7.9944153
-0.76091003 5.13739 8.310272
-0.6077728 5.3862457 7.676178
-0.5934143 5.1756744 7.5972137
-0.4737854 4.833496 7.479965
-0.59103394 5.3120728 7.434494
-0.92362976 5.2905273 8.262421
-1.5003052 5.7762756 8.963516
-1.0193481 5.613556 9.198013
-0.7776642 5.1756744 9.0759735
-0.47616577 5.1469574 9.183655
-0.20100403 5.005783 9.243469
-0.2871399 4.864609 9.552155
-0.6388855 5.139786 9.315262
-1.1413727 5.4508514 8.470596
-1.8089752 5.3359985 8.066208
-1.5625153 5.5992126 6.900894
-0.24645996 6.1615143 7.451248
1.1988068 5.0512543 9.98764
1.2849426 4.0749817 12.062225
0.3637085 3.8955078 13.198807
-0.727417 3.4456635 10.607376
-1.2251282 3.8859406 8.310272
-1.0289154 5.3312073 8.059021
0.34934998 4.99382 8.405991
0.279953 5.304886 8.528015
0.9188385 4.3166504 6.886551
1.3280182 4.2017975 5.637497
1.2586212 4.89093 5.4891357
0.85902405 5.790634 7.125824
0.5240326 5.740387 9.008972
0.64367676 4.8957214 9.284149
-0.090927124 5.3312073 9.140579
-0.1531372 5.5298157 8.532806
0.14596558 5.761917 7.594818
-0.17945862 5.659027 7.759918
0.39720154 6.71904 8.539978
0.4737854 6.788437 8.807983
0.095718384 6.3266296 8.147568
-0.13877869 6.30748 7.762314
-0.13639832 6.3266296 8.063812
0.55992126 5.4795685 9.284149
0.6628113 4.2879333 9.540192
-0.062210083 4.1395874 8.891724
-1.0408783 4.58226 8.516052
-2.038681 4.78804 8.066208
-2.1391907 4.9387817 8.056641
-1.277771 5.127823 8.618942
-0.32781982 4.840683 8.786438
0.021530151 4.063019 8.784058
-0.2871399 4.0127563 9.312866
-0.49291992 4.0582275 9.607178
-0.36849976 3.969696 9.681366
-0.1268158 3.9481506 8.630905
-0.29431152 4.266403 7.4680023
-0.6149597 4.6253204 7.360321
-0.62213135 4.472183 7.8101807
-0.49531555 4.302292 7.934601
-0.47616577 4.3980103 7.862808
-1.0289154 4.4889374 7.9417725
-1.4763641 4.4362946 7.8341064
-1.4596252 4.6588287 8.054245
-0.6077728 4.754532 10.19342
-0.04547119 4.4817505 10.681564
0.27038574 4.347763 11.131409
-0.13160706 4.405182 10.451843
-0.5240326 4.7521515 8.894119
-0.32063293 5.3886414 8.472992
0.37806702 5.448456 9.241089
1.5409851 3.940979 10.717453
2.005188 3.2231293 12.421143
2.100891 3.378662 12.650848
1.6486511 3.5892334 10.772491
0.53359985 3.7615204 8.5902405
-0.028717041 3.9481506 7.4680023
0.9403839 3.6059875 7.927429
1.8305054 3.259018 9.040085
1.385437 3.254242 9.434906
0.6149597 3.4839478 9.016159
0.24885559 3.603592 8.17627
-0.112457275 3.900299 7.7407837
-0.24406433 4.067795 7.6785736
0.117248535 3.9912262 8.274384
0.624527 4.1515503 9.341583
0.8542328 4.319046 9.702896
0.5264282 4.3501587 9.099899
-0.090927124 4.5607147 8.982651
-0.4355011 4.6612244 9.336792
-0.7680969 4.862213 9.159729
-1.002594 5.046463 8.487335
-1.1413727 5.2905273 7.831711
-1.2849426 5.6351013 8.382065
-0.74417114 5.436493 9.980469
-0.7848511 5.637497 10.203003
-1.0145569 5.601593 9.387039
-1.2155609 5.716461 9.499512
-1.4356995 5.4508514 10.533203
-1.1198425 4.6037903 12.24408
-0.78245544 4.0582275 12.425934
-0.7298126 4.1898346 10.143173
-1.1892395 4.524826 7.4967194
-1.2394867 4.6492615 6.4342957
-1.3375854 4.400406 7.0612183
-1.8711853 4.106079 8.250458
-1.7324066 3.7016907 9.255432
-0.9834442 3.4528503 9.28894
-0.27278137 3.6394806 9.0711975
-0.17706299 3.7926178 9.044876
-0.6149597 3.6562347 8.611771
-1.1676941 3.632309 8.298309
-1.0049896 3.952942 7.757538
-0.5862427 4.3214417 7.1186523
-0.35414124 4.6205444 7.2191467
-0.3254242 4.565506 7.5876465
-0.7346039 4.3621216 7.8508453
-0.928421 4.2951202 8.408386
-0.8446655 4.3668976 9.427719
-0.6077728 4.4697876 10.289139
-0.6029968 4.515259 10.463806
-0.82073975 4.5343933 10.157532
-1.1126556 4.445862 9.8033905
-1.3734741 4.47937 9.394226
-1.3974152 4.6588287 8.949158
-0.4905243 5.1302185 9.422943
0.17706299 4.474579 10.741379
0.32781982 3.4456635 12.253647
-0.39242554 3.0675964 12.629318
-1.0001984 3.0939178 11.15773
-0.90927124 3.2446747 9.092728
-0.47138977 3.534195 7.6666107
0.5048828 3.5844421 7.602005
1.2155609 3.4289093 8.386841
0.97387695 3.5365906 9.016159
0.23449707 3.6299133 8.379669
-0.18424988 3.6011963 7.0995026
-0.36131287 3.9170532 6.3146667
-0.42114258 4.3980103 6.666397
-0.49291992 4.467407 7.848465
-0.6628113 4.106079 8.709869
-0.90448 3.8237305 9.126221
-1.0480499 3.8811646 9.018555
-1.2131653 4.0127563 8.480164
-1.5888367 4.0390778 8.382065
-1.8735809 4.0989075 8.860626
-2.268402 4.1802673 9.74118
-2.7493591 4.194626 10.528427
-2.847458 4.010376 11.088333
-2.9742737 4.0366974 10.691132
-2.7924194 4.400406 9.516251
-2.5363922 4.6420746 9.004196
-2.2827454 4.6013947 9.650253
-1.8400879 3.5988007 11.866013
-1.5505524 2.9694977 14.419144
-1.5984039 2.273178 11.169693
-1.524231 2.7972107 8.764908
-1.450058 3.3810577 7.680954
-1.2945099 3.144165 7.9944153
-1.1940155 2.5411835 9.131012
-1.0073853 2.0243225 10.2341
-0.928421 1.7539368 10.511673
-0.9451599 1.6223297 9.688538
-0.85902405 1.7898254 8.370087
-0.8494568 2.3665009 7.6115723
-0.8925171 2.6727905 7.377075
-0.9140625 2.7708893 7.384247
-0.63648987 2.6416779 7.554138
-0.39242554 2.5028992 8.264816
-0.4785614 2.4335022 8.98027
-0.84706116 2.3377838 9.628723
-0.9499512 2.2899323 9.899109
-0.74894714 2.3736877 9.891922
-0.25125122 2.490921 10.387238
0.114852905 2.4215393 11.401794
0.38285828 2.1343994 11.787048
0.13877869 2.210968 11.392227
-0.04547119 2.2253265 10.415955
0.04307556 2.3330078 9.745972
0.22732544 2.629715 9.518646
0.5814514 2.297104 9.731613
0.59580994 2.1104736 10.652847
0.5168457 2.0721893 11.21994
0.46899414 2.0913239 10.916061
0.49771118 2.3353882 9.793823
0.70588684 2.0003967 8.542374
1.2275238 1.9453583 9.052048
1.8927155 1.758728 9.317657
2.1224365 1.4667969 9.107086
1.3830566 1.6414795 9.142975
0.48335266 1.7491608 9.564117
0.45463562 1.7108612 9.583252
0.8111725 1.6366882 9.119049
1.0193481 1.861618 8.786438
0.9379883 1.9740753 8.535202
0.6963043 2.1152496 8.726624
0.55274963 2.1272125 9.020935
0.6771698 2.141571 9.489929
0.43788147 2.354538 9.643082
0.26560974 2.3928223 9.7005005
0.26560974 2.325821 9.832108
0.38285828 2.486145 10.214966
0.5383911 2.5627136 10.794022
0.69869995 2.486145 10.652847
0.67477417 2.5866394 9.832108
0.03111267 2.629715 8.6979065
-0.06460571 1.9429779 8.441879
0.06460571 1.6462555 9.932602
0.447464 1.0337067 12.105286
0.4737854 0.8494568 12.729813
-0.112457275 1.1605225 11.717651
-0.63409424 1.3878326 10.159927
-0.90927124 1.4955139 8.446671
-0.88534546 1.524231 7.8101807
0.31106567 0.88534546 11.846863
0.53359985 0.2536316 12.052643
0.028717041 0.17706299 10.573883
-0.3014984 0.6197357 9.74118
-0.45463562 0.75852966 10.31546
-0.40678406 0.8231354 10.913666
-0.3900299 0.83509827 10.585846
-0.1483612 0.9882355 9.28894
-0.44506836 1.3184509 8.468201
-0.7465668 1.1437683 9.064011
-0.66760254 0.7992096 10.674377
-0.4857483 0.6699829 11.681763
-0.21057129 0.67237854 11.222336
0.0765686 0.7920227 10.29631
0.2416687 1.0552368 9.791428
0.35653687 1.0193481 9.810577
0.009567261 0.9834442 10.29393
-0.7848511 0.8422699 10.411179
-1.2921295 0.9379883 9.9756775
-1.0791626 1.0145569 9.068802
0.047851562 1.2729797 8.743378
1.2203369 1.8927155 9.540192
1.1700897 2.0075836 10.387238
0.033493042 1.450058 10.947159
-1.1605225 0.7680969 10.841873
-1.1988068 0.85902405 9.652649
-0.6508484 1.0504456 9.870392
-0.36610413 0.95474243 10.667206
-0.40678406 0.6388855 10.794022
-0.5096741 0.73698425 10.528427
-0.3062744 0.9690857 10.650452
0.007171631 0.92362976 10.631317
0.009567261 0.90927124 10.645676
0.095718384 0.84706116 10.545166
0.1651001 0.8159485 10.10968
0.0023956299 0.9667053 9.851257
0.06460571 0.8949127 10.128815
0.18185425 0.8183441 10.509277
0.52163696 0.8422699 10.7677
0.5623169 0.8614197 10.449463
0.33499146 0.9188385 9.961319
0.33259583 0.9906311 9.956543
0.45463562 0.8829498 10.475784
0.39242554 0.8183441 11.124237
0.28953552 0.68673706 11.148163
0.08375549 0.7417755 10.662415
0.14356995 0.8949127 10.092926
0.1531372 0.9762726 9.76033
0.18902588 0.90448 9.748352
0.15553284 0.83509827 9.690933
0.15792847 0.79681396 9.779465
0.20817566 0.7298126 10.262817
0.011962891 0.624527 10.368103
-0.1986084 0.6197357 10.114456
-0.07896423 0.73220825 9.939789
0.057434082 0.7896271 9.882355
0.071777344 0.8446655 9.772293
-0.086135864 0.8925171 9.932602
-0.21057129 0.7513428 10.37767
-0.23449707 0.64845276 10.56192
-0.29193115 0.7346039 10.305893
-0.1268158 0.7680969 10.114456
0.03111267 0.72502136 10.482956
0.08135986 0.68673706 10.691132
-0.071777344 0.5623169 10.734207
-0.2679901 0.5048828 10.490128
-0.41874695 0.55752563 10.124039
-0.3900299 0.54556274 9.944565
-0.28474426 0.5431671 9.851257
-0.30867004 0.5264282 9.82254
-0.3397827 0.46899414 9.882355
-0.31106567 0.49771118 9.9015045
-0.1603241 0.5264282 9.911072
-0.102890015 0.5048828 9.978073
-0.17228699 0.44984436 10.080963
-0.21057129 0.40438843 10.097717
-0.30389404 0.3900299 10.04985
-0.3397827 0.30389404 9.856033
-0.21296692 0.2871399 9.580856
-0.13639832 0.39720154 9.475586
-0.2679901 0.38046265 9.588043
-0.24406433 0.31106567 9.714859
-0.16989136 0.39720154 10.071396
-0.22732544 0.39959717 10.492523
-0.21774292 0.3397827 10.43988
-0.12921143 0.39242554 10.1814575
0.06939697 0.4019928 10.162323
0.028717041 0.33738708 10.076172
-0.071777344 0.279953 9.937393
-0.119644165 0.2679901 9.78186
0.0382843 0.26081848 9.786652
0.088531494 0.275177 10.19104
-0.102890015 0.06700134 10.779663
-0.117248535 0.03111267 10.82991
-0.122039795 0.0382843 10.717453
0.0 0.026321411 10.537994
0.035888672 0.055038452 10.401596
0.098098755 0.023925781 10.339386
-0.062210083 -0.04067993 10.29393
-0.16270447 -0.14356995 10.286743
-0.16270447 -0.1531372 10.260422
-0.090927124 -0.110076904 10.162323
0.01675415 -0.13160706 10.210175
0.04067993 -0.12921143 10.255646
0.102890015 -0.107681274 10.511673
0.0047912598 -0.17706299 10.537994
-0.1268158 -0.22492981 10.214966
-0.16270447 -0.18902588 10.119247
-0.055038452 -0.19142151 10.143173
0.0143585205 -0.16270447 10.100098
0.0143585205 -0.16749573 10.064209
-0.04307556 -0.23210144 10.128815
-0.124420166 -0.29431152 10.162323
-0.06460571 -0.25842285 10.069
0.07896423 -0.20100403 10.045074
0.0765686 -0.21774292 10.119247
0.0382843 -0.24406433 10.198212
0.007171631 -0.27038574 10.255646
-0.102890015 -0.29193115 10.17189
-0.26560974 -0.43070984 10.159927
-0.19621277 -0.29910278 10.052246
-0.021530151 -0.35891724 10.011566
0.007171631 -0.38046265 10.260422
-0.06939697 -0.50727844 11.002197
-0.059814453 -0.32063293 10.29393
0.14117432 -0.40678406 10.059433
0.06460571 -0.3134613 10.09053
0.03111267 -0.3397827 10.13121
0.0765686 -0.3134613 10.217346
0.119644165 -0.31106567 10.155136
0.098098755 -0.32302856 10.092926
0.06939697 -0.36131287 10.164719
0.071777344 -0.35653687 10.203003
0.04067993 -0.35414124 10.100098
0.071777344 -0.37806702 10.138397
0.06460571 -0.37327576 10.104889
0.009567261 -0.3637085 10.10968
0.0 -0.38763428 10.243668
0.055038452 -0.36131287 10.164719
-0.009567261 -0.36610413 10.030716
-0.055038452 -0.42591858 10.169495
-0.007171631 -0.42352295 10.238892
0.01914978 -0.4355011 10.159927
-0.007171631 -0.46180725 10.080963
0.052642822 -0.45942688 10.157532
0.122039795 -0.45224 10.2508545
0.08375549 -0.51924133 10.394424
0.023925781 -0.55513 10.303497
-0.04307556 -0.5168457 10.04985
-0.08375549 -0.46180725 9.834503
-0.026321411 -0.4737854 9.84407
-0.011962891 -0.47138977 10.045074
0.12921143 -0.5264282 10.415955
0.0047912598 -0.5120697 10.238892
-0.04547119 -0.51924133 9.939789
0.086135864 -0.54556274 9.796219
0.095718384 -0.52163696 9.865616
0.06460571 -0.5312042 10.057037
0.04307556 -0.6006012 10.200607
-0.01675415 -0.5886383 10.207779
-0.04067993 -0.5670929 10.1814575
-0.023925781 -0.5790558 10.124039
0.047851562 -0.55513 10.045074
0.04067993 -0.5288086 10.054642
0.007171631 -0.55752563 10.222137
0.0382843 -0.62931824 10.284348
0.062210083 -0.6149597 10.155136
0.057434082 -0.61016846 10.080963
0.0143585205 -0.6652069 10.143173
0.0047912598 -0.68196106 10.205383
-0.007171631 -0.6699829 10.188644
-0.086135864 -0.6915283 10.085754
-0.13160706 -0.74417114 9.920639
-0.06939697 -0.6628113 9.997208
0.035888672 -0.66760254 10.116852
0.16749573 -0.87098694 10.444672
0.03111267 -0.72024536 10.203003
0.01914978 -0.7154541 10.157532
-0.057434082 -0.7465668 10.174286
-0.057434082 -0.72502136 10.19104
-0.021530151 -0.68196106 10.272385
-0.090927124 -0.69869995 10.248459
-0.0047912598 -0.7010956 10.186249
0.035888672 -0.6628113 10.061813
-0.062210083 -0.64367676 9.999603
-0.16749573 -0.63648987 9.992432
-0.27278137 -0.7417755 9.834503
-0.275177 -0.75613403 9.879959
-0.047851562 -0.7537384 10.313065
-0.04307556 -0.63648987 10.691132
0.0023956299 -0.5814514 10.004395
-0.112457275 -0.64845276 9.241089
-0.057434082 -0.6029968 9.992432
0.24645996 -0.6412811 10.88974
0.18424988 -0.7657013 10.963913
-0.275177 -0.78723145 10.78923
-0.17468262 -0.77526855 10.578674
0.13160706 -0.6460571 10.13121
0.13877869 -0.51924133 9.772293
0.119644165 -0.5431671 9.824936
0.04067993 -0.64367676 10.406387
0.06460571 -0.82073975 10.995026
0.098098755 -0.88534546 11.222336
0.0047912598 -0.8925171 11.018951
0.18185425 -0.9690857 11.660233
0.13400269 -1.0073853 11.966507
-0.009567261 -1.0648041 12.062225
-0.17228699 -1.174881 12.117249
-0.17706299 -1.2394867 11.959335
-0.124420166 -1.1198425 11.576477
-0.26081848 -1.0552368 11.133804
-0.4402771 -0.94755554 11.152954
-0.36610413 -0.94755554 11.32045
-0.15074158 -0.8159485 11.4592285
-0.050247192 -0.69392395 11.265411
-0.21534729 -0.5240326 10.861023
-0.3062744 -0.41635132 10.368103
-0.5168457 -0.14356995 10.054642
-0.55992126 0.13400269 9.891922
-0.46899414 0.3517456 9.774673
-0.4665985 0.5240326 9.870392
-0.4737854 0.6508484 10.021149
-0.49291992 0.7465668 9.812973
-0.3134613 1.0169525 9.451645
-0.13400269 1.3926239 9.540192
-0.17468262 1.4428711 10.061813
-0.34217834 1.1724854 10.15036
-0.6652069 1.0624084 9.98764
-0.6412811 1.1533356 10.351349
-0.24406433 1.249054 10.02832
0.44506836 1.6941223 9.446869
0.6412811 1.9046936 8.834305
0.009567261 1.9860382 8.762512
-0.4019928 1.8783722 9.190826
-0.32781982 1.7491608 9.655045
0.100494385 1.8017883 9.820145
-0.062210083 2.1152496 9.623932
-0.15792847 2.1272125 8.791229
-0.01675415 2.486145 8.312668
0.27278137 2.6990967 8.458633
0.22492981 2.5052795 8.882156
0.088531494 2.4335022 9.04248
0.31585693 2.703888 9.157333
0.71784973 2.909668 9.140579
0.6053772 2.6321106 8.951553
0.46899414 2.7565308 8.937195
0.5766754 2.9168549 9.164505
0.5144501 2.945572 9.461227
0.39959717 2.9216309 9.418152
0.25842285 2.9479523 9.073578
0.16749573 3.0675964 8.915665
0.4091797 3.1202393 8.968292
0.5312042 3.2733765 9.525833
0.45942688 3.2686005 10.164719
0.41156006 3.0628204 10.124039
0.5407715 3.2518463 9.834503
0.7800598 3.4767761 9.707687
0.5431671 3.5461578 9.800995
-0.098098755 3.5748749 9.894318
-0.85902405 3.7495575 9.566513
-0.58384705 4.0486603 8.772095
0.27278137 3.9864502 9.406189
0.21057129 3.259018 11.777481
-0.42352295 2.5698853 12.253647
-0.46420288 2.6440735 10.037888
0.050247192 3.9098663 7.434494
0.5407715 4.565506 6.518051
0.13639832 4.1730804 7.9130707
-1.0648041 3.517456 8.910873
-2.0410767 3.3954163 8.855835
-2.045868 3.550949 8.776871
-1.5098724 3.426529 9.387039
-0.77049255 2.6943207 11.655441
-1.0049896 2.5459595 10.9711
-1.3830566 2.7397766 9.296112
-1.5337982 2.8259277 8.061417
-1.5768738 2.9838562 7.664215
-1.2299042 2.8953094 7.860428
-1.3040924 2.7900238 7.9465637
-1.6151581 2.7828522 8.164307
-1.7324066 2.7924194 8.606979
-1.7156525 2.8307037 8.989838
-1.8520508 2.868988 9.133408
-2.1296082 2.8498535 9.169296
-2.2564392 3.1011047 9.22673
-2.3042908 3.3260193 9.140579
-2.3353882 3.5677032 9.176468
-1.9980011 3.7950134 9.454041
-1.4309082 3.6131592 9.937393
-1.2945099 3.2949219 10.7030945
-1.4620209 3.2231293 11.133804
-1.5266266 3.4432678 10.332214
-1.4285126 3.8739777 8.798416
-1.0839539 4.536789 7.5804596
0.119644165 4.381256 7.360321
1.134201 3.723236 8.9730835
1.5409851 2.5124664 13.184448
0.59103394 1.6797638 16.098907
-0.75613403 1.799408 13.174881
-0.77526855 2.8905334 8.616562
0.26081848 3.8404846 6.2907257
1.3208313 3.7208405 7.728821
0.830307 2.979065 10.928024
-0.18185425 3.036499 10.1814575
-0.36610413 3.2494507 9.092728
-0.08375549 3.5677032 8.501694
0.49531555 3.838089 8.671585
0.933197 4.022339 9.214767
0.83509827 4.0366974 9.365509
0.46420288 4.0821533 8.815155
0.14117432 4.2520447 8.408386
-0.08135986 4.381256 8.530411
-0.33021545 4.4769745 9.109482
-0.23210144 4.4985046 9.444473
-0.011962891 4.6133575 9.511475
0.18424988 4.7569275 9.568893
0.117248535 4.8047943 9.664612
0.062210083 4.8143616 10.059433
-0.37327576 5.2378845 9.767502
-1.105484 5.38385 8.743378
-1.5481567 5.338394 7.657028
-1.1652985 4.656433 8.307877
0.18902588 3.6681976 11.954544
0.9020996 3.1178436 14.373688
-0.37088013 2.995819 11.990433
-1.524231 3.3332062 8.5950165
-1.5385895 3.7040863 6.9750824
-0.9882355 3.8428802 7.2933197
-0.81355286 3.6969147 8.999405
-0.61016846 3.3930206 10.339386
-0.624527 3.259018 10.564316
-0.899704 3.3092804 10.016357
-1.3304138 3.4073792 8.173889
-1.2610168 3.5988007 8.173889
-0.95474243 3.6753693 8.372482
-0.83270264 3.7591248 7.9992065
-1.0624084 3.998413 7.417755
-1.2346954 4.0797577 7.0660095
-1.3447723 4.2592316 6.628113
-1.3184509 4.5607147 7.0181427
-1.5003052 4.598999 7.7742767
-1.7228394 4.72583 8.276779
-0.87338257 4.881363 9.193222
0.057434082 4.914856 10.494919
0.24885559 4.9124603 11.85643
-0.75852966 4.8071747 11.516663
-1.763504 5.13739 9.690933
-1.907074 5.577667 8.126022
-1.4883423 5.9365997 8.020737
-0.20578003 5.1972046 9.564117
1.8999023 4.3262177 12.669998
2.7589264 3.3690948 15.354736
0.7896271 2.8570251 13.244278
-1.0671997 2.9862366 9.032898
-1.529007 3.6969147 5.85524
0.14596558 4.051056 5.2546387
2.1152496 3.7040863 6.6999054
2.9072723 3.4528503 9.066406
1.6223297 3.213562 10.449463
-0.059814453 3.151352 9.265015
-0.5383911 3.6179504 7.216751
-0.34457397 4.101303 5.819351
-0.23449707 4.388443 5.93898
-0.5168457 4.4291077 7.3339996
-0.8566284 4.5559387 8.925232
-0.7393799 4.5918274 9.839294
-0.46180725 4.840683 9.583252
-0.32781982 4.9387817 9.279373
-0.7130585 5.0608215 9.241089
-1.4787598 5.3072815 9.413361
-1.9190369 5.453247 9.272186
-1.7826538 5.6973114 8.882156
-1.3471527 5.7379913 9.111862
-1.3136597 5.687744 9.671783
-1.7204437 6.106491 9.418152
-1.758728 5.89592 8.9730835
-1.6438751 5.4101715 9.367905
-1.6055908 4.532013 11.523834
-1.0887299 3.6179504 14.081757
-1.036087 3.053238 12.57428
-1.4452667 3.6083832 8.413162
-1.5194397 3.8811646 5.3694916
-1.552948 4.2305145 4.9076843
-1.5720825 3.7734833 6.9128723
-1.208374 3.3068848 9.298508
-0.4355011 3.1130676 11.621933
0.13400269 2.9431763 12.708282
0.0047912598 2.617752 11.07399
-0.44267273 3.1465607 8.374878
-0.28953552 3.5437775 6.757324
-0.21296692 3.871582 5.8576355
-0.27757263 4.1228333 5.3168488
-0.4019928 4.3501587 5.338394
-0.6891327 4.3956146 5.6063843
-0.71784973 4.491333 6.4055786
-0.6508484 4.615753 7.5708923
-0.5240326 4.6707916 8.872589
-0.36610413 4.5056915 10.52124
-0.22013855 4.331009 11.913864
-0.34934998 4.228119 12.366104
-0.6699829 4.2113647 11.964111
-0.8614197 4.594223 10.415955
-0.624527 4.7856445 9.209976
-0.15792847 4.821533 9.6263275
0.35653687 4.072586 11.519043
0.6628113 3.1920319 13.907089
0.4737854 2.6823578 15.153748
0.01675415 2.634491 12.854248
-0.447464 3.0723877 9.059235
-0.5001068 3.5461578 6.419937
0.653244 3.6490479 5.970093
1.8735809 3.4289093 7.3627167
1.9501495 3.3475647 9.446869
1.2562256 3.1776733 10.509277
0.33021545 3.2686005 9.396622
-0.08375549 3.7447662 7.4727783
0.0047912598 4.096512 6.3385925
0.17468262 4.5296173 6.427124
0.22013855 4.76651 7.561325
0.30389404 4.8885345 8.583054
0.18185425 4.9866486 8.647659
-0.033493042 5.022537 8.690735
-0.38763428 5.0895386 8.925232
-0.8446655 5.2737885 9.310471
-1.1892395 5.407776 9.767502
-1.031311 5.498703 9.858429
-1.2275238 5.6661987 10.092926
-1.7348022 5.9653015 9.298508
-0.9882355 5.5824585 9.681366
-0.6652069 4.6301117 12.342178
-0.5670929 3.912262 14.806793
-1.3088684 3.7328033 12.380463
-1.660614 4.153946 7.8221436
-1.2299042 4.421936 5.292923
-0.9882355 4.371689 5.7786713
-1.2945099 3.7471619 7.8221436
-1.3710938 3.3379822 9.683746
-1.0504456 3.0891266 10.339386
-0.77526855 3.1011047 10.13121
-0.87815857 3.1465607 9.0759735
-0.76330566 3.2973022 7.4680023
-0.5240326 3.6514435 6.1663055
-0.20578003 3.9673004 5.60878
-0.122039795 4.175476 5.6279144
-0.17468262 4.204193 6.1208344
-0.35414124 4.2424774 6.742981
-0.49531555 4.3381805 7.5014954
-0.55752563 4.4315033 8.382065
-0.61016846 4.546356 9.229111
-0.44506836 4.594223 10.559525
-0.1603241 4.5726776 11.437698
0.14596558 4.4027863 11.866013
-0.0047912598 4.6827545 11.294128
-0.16989136 5.139786 9.745972
0.13400269 5.441284 8.774475
1.0097656 5.4508514 9.221939
1.9046936 4.3358 10.614563
2.1056824 3.3954163 13.069595
0.9762726 2.7972107 14.189438
-0.17228699 2.7996063 12.2560425
-0.14596558 3.2973022 9.516251
0.727417 3.6347046 7.578064
1.9788666 3.4863434 7.757538
2.7278137 3.4145508 8.709869
2.0171509 3.4289093 9.049652
0.5934143 3.517456 8.484955
-0.1603241 3.5533447 7.4847565
-0.279953 3.8332977 6.4366913
-0.06700134 4.1563263 6.20459
-0.07417297 4.256836 7.2023926
0.047851562 4.2065887 8.772095
0.2368927 4.240082 9.63829
0.107681274 4.4602203 9.860825
-0.33259583 4.5272217 9.800995
-0.89730835 4.7114716 9.238693
-1.2729797 4.9531403 8.587845
-1.4404755 5.173279 8.382065
-1.1988068 5.2091827 8.874985
-0.9954071 5.21875 9.789032
-1.1078796 5.469986 10.604996
-0.96191406 5.292923 10.626526
-0.55992126 4.405182 13.040878
-0.21534729 3.6131592 15.211182
-0.32302856 3.7926178 8.757736
-0.8111725 4.118042 5.161316
-1.3232269 4.1276245 4.577469
-1.1676941 3.3116608 7.154541
-0.8877411 2.909668 10.071396
-0.39720154 2.9072723 12.076584
0.3517456 2.8426666 11.54776
0.38763428 3.1944122 9.209976
0.27038574 3.5030975 7.247864
0.37327576 3.6921234 6.5563354
0.49771118 3.9457703 7.0157623
0.45703125 3.998413 7.590027
0.26081848 3.969696 7.6402893
0.13400269 4.0773773 7.367508
0.18185425 4.249649 7.381851
0.2033844 4.307083 8.054245
-0.071777344 4.3908234 8.604584
-0.18664551 4.462616 8.872589
0.01675415 4.4865417 9.327225
0.49531555 4.3668976 9.923035
0.83270264 4.4243317 10.269989
0.086135864 5.1804657 9.501892
-0.19381714 5.510666 8.27916
-0.055038452 5.9030914 7.939392
1.5003052 5.4843445 8.310272
2.292328 4.783249 10.102493
1.7946167 4.268799 13.397415
0.727417 3.4839478 15.316452
0.5934143 3.2039948 13.21077
1.660614 4.4267273 6.352951
1.7180481 4.646866 4.8358917
1.9932251 4.3238373 5.4604187
2.3282166 4.2352905 7.1976166
2.1918182 4.0582275 8.678772
1.1964111 3.8907318 9.860825
0.6149597 3.6705933 10.454239
0.47616577 3.7543335 10.10968
0.5288086 4.0055847 8.992233
0.8518524 4.2544403 7.829315
0.8805542 4.4267273 7.401001
0.83270264 4.5272217 7.523041
0.69392395 4.584656 7.939392
0.47138977 4.5679016 8.374878
0.550354 4.5679016 8.508881
0.58384705 4.5583344 8.673981
0.69869995 4.749756 8.695511
0.9786682 4.965103 8.511276
1.0671997 5.1230316 8.480164
0.8925171 5.058426 8.762512
0.8111725 5.1637115 9.102295
0.9762726 5.3192444 9.037689
0.81355286 5.5872345 8.513657
0.5096741 5.132599 8.791229
-0.050247192 4.93161 9.422943
0.009567261 4.2257233 9.2482605
-0.35653687 3.9601288 9.743576
-0.58384705 3.550949 10.346573
-0.52163696 3.3403778 10.39682
0.01675415 3.5557404 9.762711
0.29193115 3.6825562 8.642868
-0.15074158 3.5389862 7.829315
-0.8183441 3.2805634 8.063812
-1.0073853 2.897705 8.599808
-1.0337067 2.658432 9.181259
-0.2679901 2.8666077 8.719452
0.13400269 2.773285 8.7960205
0.3397827 2.7445679 9.243469
0.13639832 2.8211365 9.791428
-0.3014984 2.7876434 9.583252
-0.43070984 2.8187408 8.9730835
-0.5790558 2.9240265 8.511276
-0.34934998 2.8139648 8.549561
-0.01914978 2.8402863 9.200409
0.114852905 2.6153564 10.21257
-0.18664551 2.6392822 11.246262
0.093322754 2.7350006 10.707886
0.24885559 2.9120636 9.5234375
0.13639832 2.9359894 9.516251
-0.2368927 2.8091736 10.186249
-0.6699829 2.5914307 10.614563
-0.4785614 2.5938263 10.219742
0.23210144 2.761322 9.549759
0.124420166 2.6536407 9.482758
-0.6891327 2.3186493 10.277176
-0.38285828 2.3497467 10.107285
0.062210083 2.4550323 10.011566
-0.18185425 2.5531464 10.17189
-0.17945862 2.5794678 10.138397
-0.08135986 2.6608124 9.5282135
-0.3014984 2.691925 9.025726
-0.32063293 2.5459595 9.274582
-0.30389404 2.4358978 9.985245
-0.3637085 2.3473663 10.25325
-0.32063293 2.273178 10.222137
-0.08375549 2.2612152 10.052246
0.0047912598 2.0243225 10.13121
0.1603241 1.8807526 10.607376
-0.2679901 1.6582336 11.016556
-0.45942688 1.4380798 10.875381
-0.30867004 1.4524384 10.4375
-0.14356995 1.6510468 10.057037
0.20578003 1.6917267 9.789032
0.035888672 1.7276154 9.652649
-0.38046265 1.6055908 9.856033
-0.3756714 1.5026855 10.523636
-0.33738708 1.4620209 10.779663
-0.08375549 1.5481567 10.466202
0.15074158 1.804184 9.992432
0.086135864 1.9142609 9.726822
-0.107681274 1.8759766 9.927826
-0.023925781 1.7754669 10.248459
0.026321411 1.730011 10.528427
0.028717041 1.660614 10.516449
-0.0765686 1.6295166 10.4279175
-0.107681274 1.4907227 10.27478
-0.1531372 1.454834 10.162323
-0.0765686 1.5146637 10.018753
-0.117248535 1.4667969 10.004395
-0.25125122 1.426117 9.78186
-0.14117432 1.4811554 9.518646
0.110076904 1.2107697 10.322632
-0.15792847 1.1198425 10.432709
-0.21774292 1.1006927 10.609772
-0.16270447 1.1174469 10.313065
-0.18185425 1.1892395 9.858429
-0.21057129 1.1652985 9.702896
-0.2033844 1.1868439 9.777069
-0.122039795 1.2586212 9.985245
-0.20817566 1.1916199 10.018753
-0.33738708 1.1365967 9.994827
-0.33021545 1.0528412 10.143173
-0.55513 0.9140625 10.195816
-0.72024536 0.90927124 10.246063
-0.4139557 0.9954071 9.927826
-0.035888672 1.0504456 9.525833
0.028717041 1.0911255 9.408585
-0.100494385 1.0600128 9.784256
-0.107681274 0.9786682 10.6336975
-0.021530151 0.8494568 11.330017
-0.011962891 0.80158997 10.851456
0.110076904 0.98106384 9.767502
-0.03111267 1.0073853 9.358322
-0.23210144 0.9068756 9.793823
-0.2416687 0.83270264 10.272385
-0.22732544 0.8039856 10.449463
-0.08375549 0.8183441 10.255646
-0.14596558 0.7728882 10.145569
-0.19621277 0.7728882 9.875183
-0.16749573 0.7896271 9.669403
-0.22492981 0.78245544 9.870392
-0.37327576 0.67477417 10.157532
-0.37327576 0.6460571 10.317856
-0.3134613 0.6771698 10.454239
-0.15553284 0.77526855 10.2341
-0.021530151 0.8638153 9.923035
-0.028717041 0.80877686 9.870392
-0.18185425 0.72502136 9.961319
-0.27038574 0.6652069 10.155136
-0.27278137 0.67237854 10.21257
-0.17945862 0.65802 10.179062
-0.22732544 0.5742798 10.102493
-0.34695435 0.50727844 10.004395
-0.36610413 0.50727844 10.02832
-0.5001068 0.44984436 10.454239
-0.38523865 0.35653687 10.657639
-0.20100403 0.42352295 10.341782
-0.047851562 0.48095703 9.858429
0.026321411 0.55513 9.774673
-0.1651001 0.5359955 10.1766815
-0.32781982 0.44267273 10.387238
-0.3062744 0.41874695 10.167099
-0.41635132 0.39482117 10.155136
-0.34457397 0.30867004 10.27478
-0.22970581 0.3517456 10.073776
-0.28474426 0.33499146 9.9062805
-0.32781982 0.22732544 9.707687
-0.4905243 0.107681274 10.155136
-0.55992126 0.033493042 10.784454
-0.5168457 0.062210083 10.380066
-0.36131287 0.17706299 9.911072
-0.34217834 0.17468262 9.944565
-0.5766754 0.086135864 10.186249
-0.55513 0.06939697 10.246063
-0.38763428 0.17468262 10.265213
-0.44267273 0.17706299 10.124039
-0.49531555 0.13160706 9.963715
-0.38763428 0.124420166 9.923035
-0.34457397 0.098098755 10.037888
-0.41156006 0.07896423 10.334595
-0.52163696 0.0382843 10.432709
-0.55752563 0.08375549 10.205383
-0.4665985 0.13639832 9.92543
-0.46899414 0.114852905 9.942184
-0.49531555 0.0382843 10.169495
-0.4665985 0.07417297 10.241287
-0.5359955 0.050247192 10.100098
-0.5264282 0.07896423 10.073776
-0.5766754 0.04547119 10.10968
-0.6053772 0.0023956299 10.112076
-0.5647125 -0.03111267 10.17189
-0.5742798 -0.0047912598 10.368103
-0.447464 -0.007171631 10.262817
-0.49771118 -0.0047912598 9.970886
-0.55513 -0.047851562 9.930222
-0.6699829 -0.102890015 10.2341
-0.5312042 -0.052642822 10.415955
-0.48095703 -0.057434082 10.389633
-0.550354 -0.086135864 10.04747
-0.51924133 -0.011962891 9.63829
-0.5694885 -0.033493042 9.76033
-0.5359955 -0.062210083 10.258026
-0.5312042 -0.06700134 10.478165
-0.64367676 -0.119644165 10.210175
-0.5934143 -0.08135986 9.877579
-0.48335266 -0.03111267 9.958923
-0.5694885 -0.035888672 10.442276
-0.624527 -0.023925781 10.4279175
-0.5096741 0.01914978 10.00679
-0.447464 0.021530151 9.939789
-0.46420288 -0.04067993 10.0785675
-0.5766754 -0.062210083 10.217346
-0.66041565 -0.08135986 10.29393
-0.6197357 -0.110076904 10.169495
-0.5144501 -0.119644165 10.128815
-0.5359955 -0.102890015 10.157532
-0.5790558 -0.102890015 10.083359
-0.6029968 -0.093322754 10.025925
-0.5766754 -0.110076904 10.136002
-0.59580994 -0.15792847 10.145569
-0.61016846 -0.15553284 10.162323
-0.5048828 -0.13639832 10.1527405
-0.4665985 -0.1651001 9.970886
-0.5312042 -0.19142151 9.923035
-0.5790558 -0.21296692 10.04985
-0.53359985 -0.112457275 10.631317
-0.40438843 -0.1268158 10.179062
-0.55274963 -0.03111267 10.155136
-0.44506836 -0.08375549 10.1814575
-0.3900299 -0.095718384 10.1814575
-0.32781982 -0.17706299 10.188644
-0.35414124 -0.2368927 10.155136
-0.39959717 -0.21296692 10.085754
-0.34695435 -0.18185425 10.1479645
-0.39482117 -0.21057129 10.188644
-0.36849976 -0.21296692 10.1814575
-0.33738708 -0.18664551 10.1479645
-0.37806702 -0.17945862 10.138397
-0.5048828 -0.22253418 10.138397
-0.61735535 -0.29193115 10.224533
-0.54556274 -0.279953 10.1527405
-0.44984436 -0.22013855 10.076172
-0.4905243 -0.23928833 10.02832
-0.55992126 -0.28953552 10.097717
-0.5168457 -0.28953552 10.236496
-0.42352295 -0.27278137 10.310669
-0.42352295 -0.19142151 10.344177
-0.44984436 -0.21774292 10.29631
-0.44984436 -0.1603241 10.346573
-0.5359955 -0.0765686 10.284348
-0.8231354 -0.20100403 9.705292
-1.1294098 0.028717041 10.133606
-0.7010956 0.0765686 9.750748
-0.32302856 -0.1531372 10.083359
-0.75852966 -0.1483612 11.083557
-0.899704 -0.22492981 10.798813
-0.830307 -0.13639832 10.238892
-0.37327576 0.30389404 9.300903
0.24406433 0.44984436 9.765106
0.22732544 -0.13877869 10.506882
-0.29910278 -0.5886383 11.035706
-0.8757782 -0.63409424 11.65065
-1.134201 -0.653244 11.87558
-1.0121613 -0.39720154 11.638687
-0.76330566 -0.38285828 11.483154
-0.8685913 -0.52163696 10.9088745
-1.4883423 -0.38285828 10.4375
-1.5481567 0.0 10.597809
-0.825531 0.35414124 10.660019
-0.67237854 0.5934143 10.494919
-0.5383911 0.5670929 10.782059
-1.2346954 0.8685913 11.100311
-1.2275238 1.0815582 10.959122
-0.72262573 1.4763641 10.80838
-0.4355011 1.6630096 10.092926
-0.0765686 1.9692993 9.590439
-0.24885559 2.1870422 10.2508545
-0.7680969 2.1152496 10.595413
-1.071991 2.1870422 10.059433
-0.94755554 2.5411835 9.104691
-0.69869995 2.904892 8.784058
-0.28474426 3.2063751 9.085556
0.16270447 3.632309 9.59761
0.35891724 3.9098663 9.176468
0.27038574 3.907486 8.8989105
0.1651001 3.9768677 8.889343
0.06460571 4.043869 8.645264
-0.22732544 4.158722 8.276779
-0.24406433 4.3501587 8.298309
0.33259583 4.5224304 8.712265
0.8566284 4.7114716 9.018555
0.6125641 4.7617188 8.429916
-0.14596558 4.680359 7.824524
-0.4355011 4.6133575 8.044662
0.17945862 4.8382874 8.391632
0.6628113 4.9866486 8.152344
0.44506836 4.9794617 7.963318
0.20578003 4.893326 8.257629
0.026321411 4.8598175 8.322235
-0.08375549 4.893326 8.042282
0.41635132 4.9531403 8.355743
-0.1603241 5.0512543 8.106888
0.03111267 5.0536346 8.061417
0.026321411 5.005783 8.604584
-0.20817566 4.9698944 8.647659
-0.44506836 4.8502502 8.367706
-0.624527 4.7641144 8.8989105
-0.45463562 4.857437 8.965912
-0.19142151 5.0201416 8.420349
0.009567261 5.063217 8.446671
0.052642822 5.09671 8.370087
-0.093322754 4.9579315 8.350952
-0.4019928 4.9100647 8.676376
-0.30867004 4.9340057 8.298309
0.75613403 4.898102 8.807983
0.5790558 5.395813 11.40419
