-1.6729813963695308 -1.2386380685284641
-2.159956059655331 -1.516697337025684
-1.1048640859792678 -0.7758233828365351
-0.3327720498975317 -0.23212864440448325
-0.2754368491308724 -0.19580558814983465
-0.2754368491308724 -0.19580558814983465
-0.6092914613727192 -0.4931180664151387
-1.5083424859503802 -1.4551725098122377
-1.8863288499322173 -2.0172058285025685
-2.1029258958652264 -2.248830777412301
-2.186132998644596 -1.9076171138547107
-2.216233808318334 -2.271929221797498
-2.0964155108875335 -1.6481825994869854
-2.8796612711458445 -2.466367608465524
-2.9256976963651278 -2.246774323209526
-3.221084520689246 -2.3978458076335945
-3.052196186333973 -2.7366738315097887
-3.7490886840848017 -3.240284144882985
-4.38641431111068 -3.6245386216833446
-4.854531509437341 -3.135015923397932
-4.3599574663768035 -4.070287182032822
-4.3082983811565345 -4.641321992854926
-4.2771272922894985 -5.435407377939463
-4.351136455247332 -5.862178459256672
-4.203574083092248 -5.030509379379815
-4.445493648718425 -3.9972049476374143
