-0.5328749366680553 1.0050063621161065
-0.2744447726237752 0.5814173144629448
-0.20971808212069648 0.46362015654962413
-0.16487817703923258 0.37587321376849936
-0.16751403671766565 0.4742320896981574
-0.4236696525492882 0.8712022620123605
-0.9598518334219365 1.8152262986404577
-1.1287734359983455 1.9135581184351182
-2.018692159004853 2.431593267095207
-1.4934112526509684 3.218667962884455
-1.5379506245128134 3.1868445906035547
-1.8022374687965057 3.7250904215972525
-2.429224706365434 3.3100789879783
-2.6087603217323334 3.3735717849206304
-3.0181455358997833 3.534641501196314
-1.9889201539550359 3.178241724128683
-3.899719672367872 3.8399126606698015
-4.767396155165141 4.197454636287203
-4.887904555758017 4.155715003807337
