0.29904499676774277 0.1205666043195209
0.3615992119861051 0.14578671967429474
0.35698802454588474 0.09449301765150735
0.6974043954069364 0.1194929298429231
0.6776940063989457 0.05572916377121313
1.4554638642035729 -0.0048113088111381925
0.8907685098175965 0.2874337929989974
1.5118461725520431 -0.05097926375078045
1.4554621821965814 0.127543897892983
2.283387383956576 -0.21629440129010416
2.1521693055392035 -0.1123473785913969
2.9433371341572157 -0.650403401413003
1.946290613627529 0.38666950119474214
2.126719868263273 0.42324581001506983
1.835511084417947 0.8483618640978149
2.32410029401385 1.0105303916870467
2.5274397757877076 1.1021380258282896
2.3029496677324395 1.715661166625243
1.9620632038529044 1.996631967792261
1.9408104761007947 1.991049005787565
1.3056716793954717 2.3577327130675085
0.905123215190128 2.547409793380933
0.691805029750735 2.7171102000827405
