-0.6501906101955032 1.1070780237102802
-0.24032256594388157 0.4388783051363838
-0.16935807555277949 0.3891746490934558
-0.15791256072547222 0.3462263817373767
-0.2185755299742805 0.5920007404646095
-0.36398742406818535 1.1474634435701427
-0.4293603287364124 0.6107519294711969
-0.755058871391872 1.5140971616228482
-1.4759688659850767 2.340776476424831
-0.7323153519151164 3.403539535313498
-2.163817414372238 3.2189648286483825
-2.355072682094062 3.4995572289283268
-2.9467545038955865 3.434258312384105
-3.58616193913079 3.5206741651430775
-3.940771673828447 3.738774885268993
-4.715159807413165 4.076305096479768
-4.949771863086754 4.178564742863461
