0.27726774818865646 0.08067574837630248
0.21527187035092055 0.08601355467941685
0.2169555339456401 0.08569249951185395
0.2170501880324002 0.0832351883136312
0.2817709563688753 0.17386754814594427
1.151114602947158 1.1568511707485576
1.9324606992434255 0.9035697693084397
2.8334733002148327 0.19145879445310626
3.000969940684895 0.09604891136619703
1.736461608656505 0.8822988864806797
1.8901225416213268 0.7807050069508601
1.6427499500426372 2.151355904580204
1.8536826197730338 1.6932801997876303
1.2937740033343916 2.1292891815387818
1.5199255081997232 2.0796231786755515
1.8380082583814805 2.2839656901921437
1.4534515513195596 2.4156700250920147
0.7070385431123412 2.704094011197531
0.3183516820361481 2.815884576404352
0.21299306422474962 2.7896960652909493
