0.3760165709494955 0.2056992884366346
0.3042010787448467 0.19739121806049634
0.306045406095103 0.19730445174280528
0.3047297214532573 0.19307485012165637
0.4338268361914452 0.36449926561960877
2.0302177998806634 2.2584675164806662
2.8072058568678804 1.9995133633302977
3.4919509926409504 1.0426540670324864
3.6409010626119374 0.9291090298980741
2.5629277526841308 1.9175383481953296
2.691831622336967 1.7899343759467
3.114331284146779 3.9349280707066074
3.120552094926795 3.238556449378249
2.7151771670562725 3.871844536836957
2.9467356893973706 3.8230436762059514
3.402961297678179 4.168739905159128
3.0463410570929916 4.3536752341907174
2.368493965276402 4.759529709813619
1.998714748430232 4.915944590201414
1.8703006716308876 4.870294260189324
