0.7850247888237232 0.4284978099040546
0.8124949430635922 0.4902159751443429
0.5875042504929958 0.3544686296396171
0.4703382285571445 0.28651753451269046
0.47679526769983666 0.28780352526470915
0.4526800206831164 0.39801313561261353
0.5834897706862638 0.44933380154889946
0.4884563744619448 0.37615048395731077
0.550461475565707 0.4112330940188691
0.4949191239445551 0.3289806221201475
0.49339257322726804 0.40941525281618557
0.9070684238359294 0.7355216630733863
1.2659227125107526 1.026508645169971
1.371817676215161 0.8723360619785908
1.7929676019621825 0.8880247958399838
2.159946941532735 0.6383749511129483
2.4604323911238795 0.40500947189928244
2.602101715004173 0.31122162344748916
2.3344308437453574 0.4884249475050932
2.136037074494092 0.44691570057601315
2.2234695655703622 0.6000894512460229
1.8658901351026482 0.8443117724806116
1.8587119999534953 0.8255037873721873
1.3320807018885858 0.8029988660705071
1.70667799463355 1.3507599869147895
1.9532043212067458 1.7289894637640686
1.3408123623825363 2.1724355067388705
1.4261613890720881 2.1056164628975025
1.0974756193911146 2.404453795303825
1.026862797497493 2.1745422052950225
0.46764798866236085 2.6021077521565
0.28393823951696323 2.742568909686922
0.32267185613713134 2.7750425279832673
0.3471259912005172 2.7634670778922494
0.42103290135238325 2.7284829842971687
0.2875205571337715 2.763337873322892
0.24937035681605932 2.770110582391261
0.26925429205271073 2.7515195589810695
0.311966338374223 2.7235623575449477
