-0.051029742345344443 0.13921871597643795
-0.17060987777043987 0.2741879040933782
-0.1984329114547715 0.2473476097676677
-0.5500268117723313 0.750719300755279
-0.6377958672353439 1.4103482174873851
-1.002438635832184 2.1845368548995734
-0.9857195634697565 2.176167454036282
-1.1871328863811133 2.8787966423911753
-1.4134879522510364 3.4161281016408287
-1.6017715202868412 3.720892534698766
-2.601862806964651 3.665541517422214
-1.3949880210239534 3.2831736188943
-3.324757826278937 3.9070834345912613
-3.1636277244788213 3.719618939018635
-3.1227226198500864 3.22955269334126
-4.14178965783577 3.774300008304329
-4.936197238045682 4.158640612308338
