-0.3705900524577951 0.8466937541582861
-0.31046777409899623 0.714433538345316
-0.32336408523884125 0.7417769318436916
-0.34177386073307653 0.5509995889028855
-0.2968703144778228 0.43149943679531266
-2.1886600049020006 2.542543714513376
-1.8581176950827034 3.1641032108416387
-1.1946901171335635 3.001671457547075
-0.613256405287289 2.5797770556640542
-1.4289489097003856 3.522736901628864
-1.5333422145736146 3.1719042059255877
-1.0149390428036813 2.463899622267915
-1.4815680101468642 2.8291127786198005
-3.0034837045572567 3.5139238173356877
-2.964470569341154 3.5001401085620367
-4.158204241647884 3.824569168393579
-4.742959153748777 4.071911136637628
