0.0 0.0
0.0 0.0
0.0 0.0
0.0 0.0
0.0 0.0
0.0 0.0
0.0 0.0
0.0 0.0
0.0 0.0
0.0 0.0
0.0 0.0
0.0 0.0
0.0 0.0
0.0 0.0
0.0 0.0
0.0 0.0
0.0 0.0
0.0 0.0
0.0 0.0
0.0 0.0
0.0 0.0
0.0 0.0
0.0 0.0
0.0 0.0
0.0 0.0
0.0 0.0
0.0 0.0
0.0 0.0
0.0 0.0
0.0 0.0
0.0 0.0
0.0 0.0
0.0 0.0
0.0 0.0
0.0 0.0
0.0 0.0
0.0 0.0
0.0 0.0
0.0 0.0
0.0 0.0
0.0 0.0
0.0 0.0
0.0 0.0
0.0 0.0
0.0 0.0
0.0 0.0
0.0 0.0
0.0 0.0
0.0 0.0
0.0 0.0
0.0 0.0
0.0 0.0
0.0 0.0
0.0 0.0
0.0 0.0
0.0 0.0
0.0 0.0
0.0 0.0
0.0 0.0
0.0 0.0
0.0 0.0
0.0 0.0
0.0 0.0
0.0 0.0
0.0 0.0
0.0 0.0
0.0 0.0
0.0 0.0
0.0 0.0
0.0 0.0
0.0 0.0
0.0 0.0
0.0 0.0
0.0 0.0
0.0 0.0
0.0 0.0
0.0 0.0
0.0 0.0
0.0 0.0
0.0 0.0
0.0 0.0
0.0 0.0
0.0 0.0
0.0 0.0
0.0 0.0
0.0 0.0
0.0 0.0
0.0 0.0
0.0 0.0
0.0 0.0
0.0 0.0
0.0 0.0
0.0 0.0
0.0 0.0
0.0 0.0
0.0 0.0
0.0 0.0
0.0 0.0
0.0 0.0
0.0 0.0
0.0 0.0
0.0 0.0
0.0 0.0
0.0 0.0
0.0 0.0
0.0 0.0
0.0 0.0
0.0 0.0
0.0 0.0
0.0 0.0
0.0 0.0
0.0 0.0
0.0 0.0
0.0 0.0
0.0 0.0
0.0 0.0
0.0 0.0
0.0 0.0
0.0 0.0
0.0 0.0
0.0 0.0
0.0 0.0
0.0 0.0
0.0 0.0
0.0 0.0
0.0 0.0
0.0 0.0
0.0 0.0
0.0 0.0
0.0 0.0
0.0 0.0
0.0 0.0
0.0 0.0
0.0 0.0
0.0 0.0
0.0 0.0
0.0 0.0
0.0 0.0
0.0 0.0
0.0 0.0
0.0 0.0
0.0 0.0
0.0 0.0
0.0 0.0
0.0 0.0
0.0 0.0
0.0 0.0
0.0 0.0
0.0 0.0
0.0 0.0
0.0 0.0
0.0 0.0
0.0 0.0
0.0 0.0
0.0 0.0
0.0 0.0
0.0 0.0
0.0 0.0
0.0 0.0
0.0 0.0
0.0 0.0
0.0 0.0
0.0 0.0
0.0 0.0
0.0 0.0
0.0 0.0
0.0 0.0
0.0 0.0
0.0 0.0
0.0 0.0
0.0 0.0
0.0 0.0
0.0 0.0
0.0 0.0
0.0 0.0
0.0 0.0
0.0 0.0
0.0 0.0
0.0 0.0
0.0 0.0
0.0 0.0
0.0 0.0
0.0 0.0
0.0 0.0
0.0 0.0
0.0 0.0
0.0 0.0
0.0 0.0
0.0 0.0
0.0 0.0
0.40022243815158587 -0.40022243815158587
0.40022243815158587 -0.40022243815158587
0.40022243815158587 -0.40022243815158587
0.40022243815158587 -0.40022243815158587
0.40022243815158587 -0.40022243815158587
0.40022243815158587 -0.40022243815158587
0.40022243815158587 -0.40022243815158587
0.40022243815158587 -0.40022243815158587
0.40022243815158587 -0.40022243815158587
0.40022243815158587 -0.40022243815158587
0.40022243815158587 -0.40022243815158587
0.40022243815158587 -0.40022243815158587
0.40022243815158587 -0.40022243815158587
0.40022243815158587 -0.40022243815158587
0.40022243815158587 -0.40022243815158587
0.40022243815158587 -0.40022243815158587
0.40022243815158587 -0.40022243815158587
0.40022243815158587 -0.40022243815158587
0.40022243815158587 -0.40022243815158587
0.40022243815158587 -0.40022243815158587
0.40022243815158587 -0.40022243815158587
0.40022243815158587 -0.40022243815158587
0.40022243815158587 -0.40022243815158587
0.40022243815158587 -0.40022243815158587
0.40022243815158587 -0.40022243815158587
0.40022243815158587 -0.40022243815158587
0.40022243815158587 -0.40022243815158587
0.40022243815158587 -0.40022243815158587
0.40022243815158587 -0.40022243815158587
0.40022243815158587 -0.40022243815158587
0.40022243815158587 -0.40022243815158587
0.40022243815158587 -0.40022243815158587
0.40022243815158587 -0.40022243815158587
0.40022243815158587 -0.40022243815158587
0.40022243815158587 -0.40022243815158587
0.40022243815158587 -0.40022243815158587
0.40022243815158587 -0.40022243815158587
0.40022243815158587 -0.40022243815158587
0.40022243815158587 -0.40022243815158587
0.40022243815158587 -0.40022243815158587
0.40022243815158587 -0.40022243815158587
0.40022243815158587 -0.40022243815158587
0.40022243815158587 -0.40022243815158587
0.40022243815158587 -0.40022243815158587
0.40022243815158587 -0.40022243815158587
0.40022243815158587 -0.40022243815158587
0.40022243815158587 -0.40022243815158587
0.40022243815158587 -0.40022243815158587
0.40022243815158587 -0.40022243815158587
0.40022243815158587 -0.40022243815158587
0.4002224381515859 -0.9102224381515859
0.4002224381515859 -0.9102224381515859
0.4002224381515859 -0.9102224381515859
0.4002224381515859 -0.9102224381515859
0.4002224381515859 -0.9102224381515859
0.4002224381515859 -0.9102224381515859
0.4002224381515859 -0.9102224381515859
0.4002224381515859 -0.9102224381515859
0.4002224381515859 -0.9102224381515859
0.26409842110796977 -1.2842201012243775
0.26409842110796977 -1.2842201012243775
0.26409842110796977 -1.2842201012243775
0.26409842110796977 -1.2842201012243775
0.26409842110796977 -1.2842201012243775
0.26409842110796977 -1.2842201012243775
0.26409842110796977 -1.2842201012243775
0.26409842110796977 -1.2842201012243775
0.26409842110796977 -1.2842201012243775
0.26409842110796977 -1.2842201012243775
0.26409842110796977 -1.2842201012243775
0.26409842110796977 -1.2842201012243775
0.26409842110796977 -1.2842201012243775
0.26409842110796977 -1.2842201012243775
0.26409842110796977 -1.2842201012243775
0.26409842110796977 -1.2842201012243775
0.26409842110796977 -1.2842201012243775
0.26409842110796977 -1.2842201012243775
0.26409842110796977 -1.2842201012243775
0.26409842110796977 -1.2842201012243775
-0.045725206760942216 -1.653453522807725
-0.045725206760942216 -1.653453522807725
-0.045725206760942216 -1.653453522807725
-0.045725206760942216 -1.653453522807725
-0.045725206760942216 -1.653453522807725
-0.045725206760942216 -1.653453522807725
-0.045725206760942216 -1.653453522807725
-0.045725206760942216 -1.653453522807725
-0.045725206760942216 -1.653453522807725
-0.045725206760942216 -1.653453522807725
-0.045725206760942216 -1.653453522807725
-0.045725206760942216 -1.653453522807725
-0.045725206760942216 -1.653453522807725
-0.045725206760942216 -1.653453522807725
-0.045725206760942216 -1.653453522807725
-0.045725206760942216 -1.653453522807725
-0.045725206760942216 -1.653453522807725
-0.045725206760942216 -1.653453522807725
-0.045725206760942216 -1.653453522807725
-0.045725206760942216 -1.653453522807725
-0.045725206760942216 -1.653453522807725
-0.045725206760942216 -1.653453522807725
-0.045725206760942216 -1.653453522807725
-0.045725206760942216 -1.653453522807725
-0.045725206760942216 -1.653453522807725
-0.045725206760942216 -1.653453522807725
-0.045725206760942216 -1.653453522807725
-0.045725206760942216 -1.653453522807725
-0.045725206760942216 -1.653453522807725
-0.045725206760942216 -1.653453522807725
-0.045725206760942216 -1.653453522807725
-0.45718894207558125 -1.8453222136380025
-0.45718894207558125 -1.8453222136380025
-0.45718894207558125 -1.8453222136380025
-0.45718894207558125 -1.8453222136380025
-0.45718894207558125 -1.8453222136380025
-0.45718894207558125 -1.8453222136380025
-0.45718894207558125 -1.8453222136380025
-0.45718894207558125 -1.8453222136380025
-0.45718894207558125 -1.8453222136380025
-0.45718894207558125 -1.8453222136380025
-0.45718894207558125 -1.8453222136380025
-0.45718894207558125 -1.8453222136380025
-0.45718894207558125 -1.8453222136380025
-0.45718894207558125 -1.8453222136380025
-0.45718894207558125 -1.8453222136380025
-0.45718894207558125 -1.8453222136380025
-0.45718894207558125 -1.8453222136380025
-0.45718894207558125 -1.8453222136380025
-0.45718894207558125 -1.8453222136380025
-0.45718894207558125 -1.8453222136380025
-0.45718894207558125 -1.8453222136380025
-0.45718894207558125 -1.8453222136380025
-0.45718894207558125 -1.8453222136380025
-0.45718894207558125 -1.8453222136380025
-0.45718894207558125 -1.8453222136380025
-0.45718894207558125 -1.8453222136380025
-0.45718894207558125 -1.8453222136380025
-0.8821963056427712 -1.9592025934831119
-0.8821963056427712 -1.9592025934831119
-0.8821963056427712 -1.9592025934831119
-0.8821963056427712 -1.9592025934831119
-0.8821963056427712 -1.9592025934831119
-0.8821963056427712 -1.9592025934831119
-0.8821963056427712 -1.9592025934831119
-0.8821963056427712 -1.9592025934831119
-0.8821963056427712 -1.9592025934831119
-0.8821963056427712 -1.9592025934831119
-0.8821963056427712 -1.9592025934831119
-0.8821963056427712 -1.9592025934831119
-0.8821963056427712 -1.9592025934831119
-0.8821963056427712 -1.9592025934831119
-0.8821963056427712 -1.9592025934831119
-0.8821963056427712 -1.9592025934831119
-0.8821963056427712 -1.9592025934831119
-0.8821963056427712 -1.9592025934831119
-0.8821963056427712 -1.9592025934831119
-0.8821963056427712 -1.9592025934831119
-0.8821963056427712 -1.9592025934831119
-0.8821963056427712 -1.9592025934831119
-0.8821963056427712 -1.9592025934831119
-0.8821963056427712 -1.9592025934831119
-0.8821963056427712 -1.9592025934831119
-0.8821963056427712 -1.9592025934831119
-1.287937099883801 -2.0307456426818873
-1.287937099883801 -2.0307456426818873
-1.287937099883801 -2.0307456426818873
-1.287937099883801 -2.0307456426818873
-1.287937099883801 -2.0307456426818873
-1.287937099883801 -2.0307456426818873
-1.287937099883801 -2.0307456426818873
-1.287937099883801 -2.0307456426818873
-1.287937099883801 -2.0307456426818873
-1.287937099883801 -2.0307456426818873
-1.287937099883801 -2.0307456426818873
-1.287937099883801 -2.0307456426818873
-1.287937099883801 -2.0307456426818873
-1.287937099883801 -2.0307456426818873
-1.287937099883801 -2.0307456426818873
-1.287937099883801 -2.0307456426818873
-1.287937099883801 -2.0307456426818873
-1.287937099883801 -2.0307456426818873
-1.287937099883801 -2.0307456426818873
-1.287937099883801 -2.0307456426818873
-1.287937099883801 -2.0307456426818873
-1.287937099883801 -2.0307456426818873
-1.287937099883801 -2.0307456426818873
-1.287937099883801 -2.0307456426818873
-1.287937099883801 -2.0307456426818873
-1.7279370998838008 -2.0307456426818873
-1.7279370998838008 -2.0307456426818873
-1.7279370998838008 -2.0307456426818873
-1.7279370998838008 -2.0307456426818873
-1.7279370998838008 -2.0307456426818873
-1.7279370998838008 -2.0307456426818873
-1.7279370998838008 -2.0307456426818873
-1.7279370998838008 -2.0307456426818873
-1.7279370998838008 -2.0307456426818873
-1.7279370998838008 -2.0307456426818873
-1.7279370998838008 -2.0307456426818873
-1.7279370998838008 -2.0307456426818873
-1.7279370998838008 -2.0307456426818873
-1.7279370998838008 -2.0307456426818873
-1.7279370998838008 -2.0307456426818873
-1.7279370998838008 -2.0307456426818873
-1.7279370998838008 -2.0307456426818873
-1.7279370998838008 -2.0307456426818873
-1.7279370998838008 -2.0307456426818873
-1.7279370998838008 -2.0307456426818873
-1.7279370998838008 -2.0307456426818873
-1.7279370998838008 -2.0307456426818873
-1.7279370998838008 -2.0307456426818873
-1.7279370998838008 -2.0307456426818873
-1.7279370998838008 -2.0307456426818873
-1.7279370998838008 -2.0307456426818873
-1.7279370998838008 -2.0307456426818873
-1.7279370998838008 -2.0307456426818873
-1.7279370998838008 -2.0307456426818873
-1.7279370998838008 -2.0307456426818873
-2.180209492817453 -1.9911769354744506
-2.180209492817453 -1.9911769354744506
-2.180209492817453 -1.9911769354744506
-2.180209492817453 -1.9911769354744506
-2.180209492817453 -1.9911769354744506
-2.180209492817453 -1.9911769354744506
-2.180209492817453 -1.9911769354744506
-2.180209492817453 -1.9911769354744506
-2.180209492817453 -1.9911769354744506
-2.180209492817453 -1.9911769354744506
-2.180209492817453 -1.9911769354744506
-2.180209492817453 -1.9911769354744506
-2.180209492817453 -1.9911769354744506
-2.180209492817453 -1.9911769354744506
-2.180209492817453 -1.9911769354744506
-2.180209492817453 -1.9911769354744506
-2.180209492817453 -1.9911769354744506
-2.180209492817453 -1.9911769354744506
-2.180209492817453 -1.9911769354744506
-2.180209492817453 -1.9911769354744506
-2.180209492817453 -1.9911769354744506
-2.180209492817453 -1.9911769354744506
-2.180209492817453 -1.9911769354744506
-2.180209492817453 -1.9911769354744506
-2.180209492817453 -1.9911769354744506
-2.180209492817453 -1.9911769354744506
-2.180209492817453 -1.9911769354744506
-2.541051459199242 -1.8598412004373939
-2.541051459199242 -1.8598412004373939
-2.541051459199242 -1.8598412004373939
-2.541051459199242 -1.8598412004373939
-2.541051459199242 -1.8598412004373939
-2.541051459199242 -1.8598412004373939
-2.541051459199242 -1.8598412004373939
-2.541051459199242 -1.8598412004373939
-2.541051459199242 -1.8598412004373939
-2.541051459199242 -1.8598412004373939
-2.541051459199242 -1.8598412004373939
-2.541051459199242 -1.8598412004373939
-2.541051459199242 -1.8598412004373939
-2.541051459199242 -1.8598412004373939
-2.541051459199242 -1.8598412004373939
-2.541051459199242 -1.8598412004373939
-2.541051459199242 -1.8598412004373939
-2.541051459199242 -1.8598412004373939
-2.541051459199242 -1.8598412004373939
-2.541051459199242 -1.8598412004373939
-2.541051459199242 -1.8598412004373939
-2.541051459199242 -1.8598412004373939
-2.541051459199242 -1.8598412004373939
-2.541051459199242 -1.8598412004373939
-2.541051459199242 -1.8598412004373939
-2.541051459199242 -1.8598412004373939
-2.541051459199242 -1.8598412004373939
-2.541051459199242 -1.8598412004373939
-2.541051459199242 -1.8598412004373939
-2.541051459199242 -1.8598412004373939
-2.541051459199242 -1.8598412004373939
-2.785395021084788 -1.5108824295702834
-2.785395021084788 -1.5108824295702834
-2.785395021084788 -1.5108824295702834
-2.785395021084788 -1.5108824295702834
-2.785395021084788 -1.5108824295702834
-2.785395021084788 -1.5108824295702834
-2.785395021084788 -1.5108824295702834
-2.785395021084788 -1.5108824295702834
-2.785395021084788 -1.5108824295702834
-2.785395021084788 -1.5108824295702834
-2.785395021084788 -1.5108824295702834
-2.785395021084788 -1.5108824295702834
-2.785395021084788 -1.5108824295702834
-2.785395021084788 -1.5108824295702834
-2.785395021084788 -1.5108824295702834
-2.785395021084788 -1.5108824295702834
-2.785395021084788 -1.5108824295702834
-2.785395021084788 -1.5108824295702834
-2.785395021084788 -1.5108824295702834
-2.785395021084788 -1.5108824295702834
-2.785395021084788 -1.5108824295702834
-2.785395021084788 -1.5108824295702834
-2.785395021084788 -1.5108824295702834
-2.785395021084788 -1.5108824295702834
-2.785395021084788 -1.5108824295702834
-2.785395021084788 -1.5108824295702834
-2.785395021084788 -1.5108824295702834
-2.785395021084788 -1.5108824295702834
-2.785395021084788 -1.5108824295702834
-2.785395021084788 -1.5108824295702834
-2.785395021084788 -1.5108824295702834
-2.785395021084788 -1.5108824295702834
-2.785395021084788 -1.5108824295702834
-2.785395021084788 -1.5108824295702834
-2.785395021084788 -1.5108824295702834
-2.785395021084788 -1.5108824295702834
-2.785395021084788 -1.5108824295702834
-2.785395021084788 -1.5108824295702834
-2.785395021084788 -1.5108824295702834
-2.785395021084788 -1.5108824295702834
-2.785395021084788 -1.5108824295702834
-2.785395021084788 -1.5108824295702834
-2.785395021084788 -1.5108824295702834
-2.785395021084788 -1.5108824295702834
-2.785395021084788 -1.5108824295702834
-2.785395021084788 -1.5108824295702834
-2.785395021084788 -1.5108824295702834
-2.785395021084788 -1.5108824295702834
-2.785395021084788 -1.5108824295702834
-2.785395021084788 -1.5108824295702834
-2.785395021084788 -1.5108824295702834
-2.785395021084788 -1.5108824295702834
-2.785395021084788 -1.5108824295702834
-2.785395021084788 -1.5108824295702834
-2.785395021084788 -1.5108824295702834
-2.785395021084788 -1.5108824295702834
-2.785395021084788 -1.5108824295702834
-2.785395021084788 -1.5108824295702834
-2.785395021084788 -1.5108824295702834
-2.785395021084788 -1.5108824295702834
-2.785395021084788 -1.5108824295702834
-2.709220901923335 -0.6402082634380979
-2.709220901923335 -0.6402082634380979
-2.709220901923335 -0.6402082634380979
-2.709220901923335 -0.6402082634380979
-2.709220901923335 -0.6402082634380979
-2.709220901923335 -0.6402082634380979
-2.709220901923335 -0.6402082634380979
-2.709220901923335 -0.6402082634380979
-2.709220901923335 -0.6402082634380979
-2.709220901923335 -0.6402082634380979
-2.709220901923335 -0.6402082634380979
-2.709220901923335 -0.6402082634380979
-2.709220901923335 -0.6402082634380979
-2.709220901923335 -0.6402082634380979
-2.709220901923335 -0.6402082634380979
-2.709220901923335 -0.6402082634380979
-2.709220901923335 -0.6402082634380979
-2.709220901923335 -0.6402082634380979
-2.709220901923335 -0.6402082634380979
-2.709220901923335 -0.6402082634380979
-2.709220901923335 -0.6402082634380979
-2.709220901923335 -0.6402082634380979
-2.709220901923335 -0.6402082634380979
-2.709220901923335 -0.6402082634380979
-2.709220901923335 -0.6402082634380979
-2.709220901923335 -0.6402082634380979
-2.709220901923335 -0.6402082634380979
-2.709220901923335 -0.6402082634380979
-2.709220901923335 -0.6402082634380979
-2.709220901923335 -0.6402082634380979
-2.709220901923335 -0.6402082634380979
-2.709220901923335 -0.6402082634380979
-2.709220901923335 -0.6402082634380979
-2.709220901923335 -0.6402082634380979
-2.709220901923335 -0.6402082634380979
-2.709220901923335 -0.6402082634380979
-2.709220901923335 -0.6402082634380979
-2.709220901923335 -0.6402082634380979
-2.709220901923335 -0.6402082634380979
-2.709220901923335 -0.6402082634380979
-2.709220901923335 -0.6402082634380979
-2.709220901923335 -0.6402082634380979
-2.709220901923335 -0.6402082634380979
-2.709220901923335 -0.6402082634380979
-2.709220901923335 -0.6402082634380979
-2.709220901923335 -0.6402082634380979
-2.709220901923335 -0.6402082634380979
-2.709220901923335 -0.6402082634380979
-2.709220901923335 -0.6402082634380979
-2.709220901923335 -0.6402082634380979
-2.709220901923335 -0.6402082634380979
-2.709220901923335 -0.6402082634380979
-2.709220901923335 -0.6402082634380979
-2.709220901923335 -0.6402082634380979
-2.709220901923335 -0.6402082634380979
-3.3463324988161807 -0.8720979206129014
-3.3463324988161807 -0.8720979206129014
-3.3463324988161807 -0.8720979206129014
-3.3463324988161807 -0.8720979206129014
-3.3463324988161807 -0.8720979206129014
-3.3463324988161807 -0.8720979206129014
-3.3463324988161807 -0.8720979206129014
-3.3463324988161807 -0.8720979206129014
-3.3463324988161807 -0.8720979206129014
-3.3463324988161807 -0.8720979206129014
-3.3463324988161807 -0.8720979206129014
-3.3463324988161807 -0.8720979206129014
-3.3463324988161807 -0.8720979206129014
-3.6574594825382616 -1.1832249043349823
-3.6574594825382616 -1.1832249043349823
-3.6574594825382616 -1.1832249043349823
-3.6574594825382616 -1.1832249043349823
-3.6574594825382616 -1.1832249043349823
-3.6574594825382616 -1.1832249043349823
-3.6574594825382616 -1.1832249043349823
-3.6574594825382616 -1.1832249043349823
-3.6574594825382616 -1.1832249043349823
-3.6574594825382616 -1.1832249043349823
-3.6574594825382616 -1.1832249043349823
-3.6574594825382616 -1.1832249043349823
-3.6574594825382616 -1.1832249043349823
-3.6574594825382616 -1.1832249043349823
-3.6574594825382616 -1.1832249043349823
-3.6574594825382616 -1.1832249043349823
-3.6574594825382616 -1.1832249043349823
-3.6574594825382616 -1.1832249043349823
-3.6574594825382616 -1.1832249043349823
-3.6574594825382616 -1.1832249043349823
-3.6574594825382616 -1.1832249043349823
-3.6574594825382616 -1.1832249043349823
-3.6574594825382616 -1.1832249043349823
-3.6574594825382616 -1.1832249043349823
-3.6574594825382616 -1.1832249043349823
-3.6574594825382616 -1.1832249043349823
-3.6574594825382616 -1.1832249043349823
-3.6574594825382616 -1.1832249043349823
-3.8175249096146744 -1.6230010508627875
-3.8175249096146744 -1.6230010508627875
-3.8175249096146744 -1.6230010508627875
-3.8175249096146744 -1.6230010508627875
-3.8175249096146744 -1.6230010508627875
-3.8175249096146744 -1.6230010508627875
-3.8175249096146744 -1.6230010508627875
-3.8175249096146744 -1.6230010508627875
-3.8175249096146744 -1.6230010508627875
-3.8175249096146744 -1.6230010508627875
-3.8175249096146744 -1.6230010508627875
-3.8175249096146744 -1.6230010508627875
-3.8175249096146744 -1.6230010508627875
-3.8175249096146744 -1.6230010508627875
-3.8175249096146744 -1.6230010508627875
-3.8175249096146744 -1.6230010508627875
-3.8175249096146744 -1.6230010508627875
-3.8175249096146744 -1.6230010508627875
-3.8175249096146744 -1.6230010508627875
-3.8175249096146744 -1.6230010508627875
-3.8175249096146744 -1.6230010508627875
-3.8175249096146744 -1.6230010508627875
-3.8175249096146744 -1.6230010508627875
-3.8175249096146744 -1.6230010508627875
-3.8175249096146744 -1.6230010508627875
-3.8175249096146744 -1.6230010508627875
-3.8175249096146744 -1.6230010508627875
-3.8175249096146744 -1.6230010508627875
-3.8175249096146744 -1.6230010508627875
-3.8175249096146744 -1.6230010508627875
-3.9728020546845277 -2.04962150069959
-3.9728020546845277 -2.04962150069959
-3.9728020546845277 -2.04962150069959
-3.9728020546845277 -2.04962150069959
-3.9728020546845277 -2.04962150069959
-3.9728020546845277 -2.04962150069959
-3.9728020546845277 -2.04962150069959
-3.9728020546845277 -2.04962150069959
-3.9728020546845277 -2.04962150069959
-3.9728020546845277 -2.04962150069959
-3.9728020546845277 -2.04962150069959
-3.9728020546845277 -2.04962150069959
-3.9728020546845277 -2.04962150069959
-3.9728020546845277 -2.04962150069959
-3.9728020546845277 -2.04962150069959
-3.9728020546845277 -2.04962150069959
-3.9728020546845277 -2.04962150069959
-3.9728020546845277 -2.04962150069959
-3.9728020546845277 -2.04962150069959
-3.9728020546845277 -2.04962150069959
-3.9728020546845277 -2.04962150069959
-3.9728020546845277 -2.04962150069959
-3.9728020546845277 -2.04962150069959
-3.9728020546845277 -2.04962150069959
-3.9728020546845277 -2.04962150069959
-3.9728020546845277 -2.04962150069959
-4.1328674817609405 -2.489397647227395
-4.1328674817609405 -2.489397647227395
-4.1328674817609405 -2.489397647227395
-4.1328674817609405 -2.489397647227395
-4.1328674817609405 -2.489397647227395
-4.1328674817609405 -2.489397647227395
-4.1328674817609405 -2.489397647227395
-4.1328674817609405 -2.489397647227395
-4.1328674817609405 -2.489397647227395
-4.1328674817609405 -2.489397647227395
-4.1328674817609405 -2.489397647227395
-4.1328674817609405 -2.489397647227395
-4.1328674817609405 -2.489397647227395
-4.1328674817609405 -2.489397647227395
-4.1328674817609405 -2.489397647227395
-4.1328674817609405 -2.489397647227395
-4.1328674817609405 -2.489397647227395
-4.1328674817609405 -2.489397647227395
-4.1328674817609405 -2.489397647227395
-4.1328674817609405 -2.489397647227395
-4.1328674817609405 -2.489397647227395
-4.1328674817609405 -2.489397647227395
-4.1328674817609405 -2.489397647227395
-4.1328674817609405 -2.489397647227395
-4.1328674817609405 -2.489397647227395
-4.1328674817609405 -2.489397647227395
-4.1328674817609405 -2.489397647227395
-4.1328674817609405 -2.489397647227395
-4.1328674817609405 -2.489397647227395
-4.1328674817609405 -2.489397647227395
-4.292932908837353 -2.9291737937552003
-4.292932908837353 -2.9291737937552003
-4.292932908837353 -2.9291737937552003
-4.292932908837353 -2.9291737937552003
-4.292932908837353 -2.9291737937552003
-4.292932908837353 -2.9291737937552003
-4.292932908837353 -2.9291737937552003
-4.292932908837353 -2.9291737937552003
-4.292932908837353 -2.9291737937552003
-4.292932908837353 -2.9291737937552003
-4.292932908837353 -2.9291737937552003
-4.292932908837353 -2.9291737937552003
-4.292932908837353 -2.9291737937552003
-4.292932908837353 -2.9291737937552003
-4.292932908837353 -2.9291737937552003
-4.292932908837353 -2.9291737937552003
-4.292932908837353 -2.9291737937552003
-4.292932908837353 -2.9291737937552003
-4.292932908837353 -2.9291737937552003
-4.292932908837353 -2.9291737937552003
-4.292932908837353 -2.9291737937552003
-4.292932908837353 -2.9291737937552003
-4.292932908837353 -2.9291737937552003
-4.505932908837353 -3.298100615767371
-4.505932908837353 -3.298100615767371
-4.505932908837353 -3.298100615767371
-4.505932908837353 -3.298100615767371
-4.505932908837353 -3.298100615767371
-4.505932908837353 -3.298100615767371
-4.505932908837353 -3.298100615767371
-4.505932908837353 -3.298100615767371
-4.505932908837353 -3.298100615767371
-4.505932908837353 -3.298100615767371
-4.505932908837353 -3.298100615767371
-4.505932908837353 -3.298100615767371
-4.505932908837353 -3.298100615767371
-4.505932908837353 -3.298100615767371
-4.505932908837353 -3.298100615767371
-4.505932908837353 -3.298100615767371
-4.505932908837353 -3.298100615767371
-4.505932908837353 -3.298100615767371
-4.505932908837353 -3.298100615767371
-4.505932908837353 -3.298100615767371
-4.505932908837353 -3.298100615767371
-4.505932908837353 -3.298100615767371
-4.505932908837353 -3.298100615767371
-4.505932908837353 -3.298100615767371
-4.505932908837353 -3.298100615767371
-4.505932908837353 -3.298100615767371
-4.505932908837353 -3.298100615767371
-4.505932908837353 -3.298100615767371
-4.505932908837353 -3.298100615767371
-4.505932908837353 -3.298100615767371
-4.505932908837353 -3.298100615767371
-4.505932908837353 -3.298100615767371
-4.505932908837353 -3.298100615767371
-4.505932908837353 -3.298100615767371
-4.505932908837353 -3.298100615767371
-4.505932908837353 -3.298100615767371
-4.505932908837353 -3.298100615767371
-4.505932908837353 -3.298100615767371
-4.505932908837353 -3.298100615767371
-4.505932908837353 -3.298100615767371
-4.505932908837353 -3.298100615767371
-4.505932908837353 -3.298100615767371
-4.505932908837353 -3.298100615767371
-4.505932908837353 -3.298100615767371
-4.505932908837353 -3.298100615767371
-4.505932908837353 -3.298100615767371
-4.505932908837353 -3.298100615767371
-4.505932908837353 -3.298100615767371
-4.505932908837353 -3.298100615767371
-4.505932908837353 -3.298100615767371
-4.505932908837353 -3.298100615767371
-4.505932908837353 -3.298100615767371
-4.505932908837353 -3.298100615767371
-4.505932908837353 -3.298100615767371
-4.505932908837353 -3.298100615767371
-4.505932908837353 -3.298100615767371
-4.505932908837353 -3.298100615767371
-4.505932908837353 -3.298100615767371
-4.505932908837353 -3.298100615767371
-4.505932908837353 -3.298100615767371
-4.505932908837353 -3.298100615767371
-4.505932908837353 -3.298100615767371
-4.505932908837353 -3.298100615767371
-4.505932908837353 -3.298100615767371
-4.505932908837353 -3.298100615767371
-4.505932908837353 -3.298100615767371
-4.505932908837353 -3.298100615767371
-4.505932908837353 -3.298100615767371
-4.505932908837353 -3.298100615767371
-4.505932908837353 -3.298100615767371
-4.505932908837353 -3.298100615767371
-4.505932908837353 -3.298100615767371
-4.505932908837353 -3.298100615767371
-4.505932908837353 -3.298100615767371
-4.505932908837353 -3.298100615767371
-4.505932908837353 -3.298100615767371
-4.505932908837353 -3.298100615767371
-4.505932908837353 -3.298100615767371
-4.505932908837353 -3.298100615767371
-4.505932908837353 -3.298100615767371
-4.505932908837353 -3.298100615767371
-4.505932908837353 -3.298100615767371
-4.505932908837353 -3.298100615767371
-4.505932908837353 -3.298100615767371
-4.505932908837353 -3.298100615767371
-4.505932908837353 -3.298100615767371
-4.505932908837353 -3.298100615767371
-4.505932908837353 -3.298100615767371
-4.505932908837353 -3.298100615767371
-4.505932908837353 -3.298100615767371
-4.505932908837353 -3.298100615767371
-4.505932908837353 -3.298100615767371
-4.505932908837353 -3.298100615767371
-4.505932908837353 -3.298100615767371
-4.505932908837353 -3.298100615767371
-4.505932908837353 -3.298100615767371
-4.505932908837353 -3.298100615767371
-4.505932908837353 -3.298100615767371
-4.505932908837353 -3.298100615767371
-4.505932908837353 -3.298100615767371
-4.505932908837353 -3.298100615767371
-4.888471672904584 -3.2646328105522704
-4.888471672904584 -3.2646328105522704
-4.888471672904584 -3.2646328105522704
-4.888471672904584 -3.2646328105522704
-4.888471672904584 -3.2646328105522704
-4.888471672904584 -3.2646328105522704
-4.888471672904584 -3.2646328105522704
-4.888471672904584 -3.2646328105522704
-4.888471672904584 -3.2646328105522704
-4.888471672904584 -3.2646328105522704
-4.888471672904584 -3.2646328105522704
-4.888471672904584 -3.2646328105522704
-5.326797340064951 -3.226284283743301
-5.326797340064951 -3.226284283743301
-5.326797340064951 -3.226284283743301
-5.326797340064951 -3.226284283743301
-5.326797340064951 -3.226284283743301
-5.326797340064951 -3.226284283743301
-5.326797340064951 -3.226284283743301
-5.326797340064951 -3.226284283743301
-5.326797340064951 -3.226284283743301
-5.326797340064951 -3.226284283743301
-5.326797340064951 -3.226284283743301
-5.326797340064951 -3.226284283743301
-5.326797340064951 -3.226284283743301
-5.326797340064951 -3.226284283743301
-5.326797340064951 -3.226284283743301
-5.326797340064951 -3.226284283743301
-5.326797340064951 -3.226284283743301
-5.326797340064951 -3.226284283743301
-5.326797340064951 -3.226284283743301
-5.326797340064951 -3.226284283743301
-5.326797340064951 -3.226284283743301
-5.326797340064951 -3.226284283743301
-5.326797340064951 -3.226284283743301
-5.326797340064951 -3.226284283743301
-5.326797340064951 -3.226284283743301
-5.326797340064951 -3.226284283743301
-5.326797340064951 -3.226284283743301
-5.326797340064951 -3.226284283743301
-5.326797340064951 -3.226284283743301
-5.326797340064951 -3.226284283743301
-5.326797340064951 -3.226284283743301
-5.326797340064951 -3.226284283743301
-5.326797340064951 -3.226284283743301
-5.326797340064951 -3.226284283743301
-5.326797340064951 -3.226284283743301
-5.326797340064951 -3.226284283743301
-5.326797340064951 -3.226284283743301
-5.326797340064951 -3.226284283743301
-5.326797340064951 -3.226284283743301
-5.326797340064951 -3.226284283743301
-5.326797340064951 -3.226284283743301
-5.326797340064951 -3.226284283743301
-5.326797340064951 -3.226284283743301
-5.326797340064951 -3.226284283743301
-5.326797340064951 -3.226284283743301
-5.326797340064951 -3.226284283743301
-5.326797340064951 -3.226284283743301
-5.326797340064951 -3.226284283743301
-5.326797340064951 -3.226284283743301
-5.326797340064951 -3.226284283743301
-5.326797340064951 -3.226284283743301
-5.326797340064951 -3.226284283743301
-5.326797340064951 -3.226284283743301
-5.326797340064951 -3.226284283743301
-5.326797340064951 -3.226284283743301
-5.326797340064951 -3.226284283743301
-5.326797340064951 -3.226284283743301
-5.326797340064951 -3.226284283743301
-5.326797340064951 -3.226284283743301
-5.326797340064951 -3.226284283743301
-5.326797340064951 -3.226284283743301
-5.326797340064951 -3.226284283743301
-5.326797340064951 -3.226284283743301
-5.326797340064951 -3.226284283743301
-5.326797340064951 -3.226284283743301
-5.326797340064951 -3.226284283743301
-5.326797340064951 -3.226284283743301
-5.326797340064951 -3.226284283743301
-5.326797340064951 -3.226284283743301
-5.326797340064951 -3.226284283743301
-5.326797340064951 -3.226284283743301
-5.326797340064951 -3.226284283743301
-5.326797340064951 -3.226284283743301
-5.326797340064951 -3.226284283743301
-5.326797340064951 -3.226284283743301
-5.326797340064951 -3.226284283743301
-5.326797340064951 -3.226284283743301
-5.326797340064951 -3.226284283743301
-5.326797340064951 -3.226284283743301
-5.326797340064951 -3.226284283743301
-5.326797340064951 -3.226284283743301
-5.326797340064951 -3.226284283743301
-5.326797340064951 -3.226284283743301
-5.326797340064951 -3.226284283743301
-5.326797340064951 -3.226284283743301
-5.326797340064951 -3.226284283743301
-5.326797340064951 -3.226284283743301
-5.326797340064951 -3.226284283743301
-5.326797340064951 -3.226284283743301
-5.326797340064951 -3.226284283743301
-5.326797340064951 -3.226284283743301
-5.326797340064951 -3.226284283743301
-5.326797340064951 -3.226284283743301
-5.326797340064951 -3.226284283743301
-5.326797340064951 -3.226284283743301
-5.326797340064951 -3.226284283743301
-5.326797340064951 -3.226284283743301
-5.326797340064951 -3.226284283743301
-5.326797340064951 -3.226284283743301
-5.326797340064951 -3.226284283743301
-5.326797340064951 -3.226284283743301
-5.326797340064951 -3.226284283743301
-5.326797340064951 -3.226284283743301
-5.326797340064951 -3.226284283743301
-5.326797340064951 -3.226284283743301
-5.326797340064951 -3.226284283743301
-5.326797340064951 -3.226284283743301
-5.326797340064951 -3.226284283743301
-5.326797340064951 -3.226284283743301
-5.326797340064951 -3.226284283743301
-5.326797340064951 -3.226284283743301
-5.326797340064951 -3.226284283743301
-5.326797340064951 -3.226284283743301
-5.326797340064951 -3.226284283743301
-5.326797340064951 -3.226284283743301
-5.326797340064951 -3.226284283743301
-5.326797340064951 -3.226284283743301
-5.326797340064951 -3.226284283743301
-5.326797340064951 -3.226284283743301
-5.326797340064951 -3.226284283743301
-5.326797340064951 -3.226284283743301
-5.326797340064951 -3.226284283743301
-5.326797340064951 -3.226284283743301
-5.326797340064951 -3.226284283743301
-5.326797340064951 -3.226284283743301
-5.326797340064951 -3.226284283743301
-5.326797340064951 -3.226284283743301
-5.326797340064951 -3.226284283743301
-5.326797340064951 -3.226284283743301
-5.326797340064951 -3.226284283743301
-5.326797340064951 -3.226284283743301
-5.326797340064951 -3.226284283743301
-5.326797340064951 -3.226284283743301
-5.326797340064951 -3.226284283743301
-5.326797340064951 -3.226284283743301
-5.326797340064951 -3.226284283743301
-5.326797340064951 -3.226284283743301
-5.326797340064951 -3.226284283743301
-5.326797340064951 -3.226284283743301
-5.326797340064951 -3.226284283743301
-5.326797340064951 -3.226284283743301
-5.326797340064951 -3.226284283743301
-5.326797340064951 -3.226284283743301
-5.326797340064951 -3.226284283743301
-5.326797340064951 -3.226284283743301
-5.326797340064951 -3.226284283743301
-5.326797340064951 -3.226284283743301
-5.326797340064951 -3.226284283743301
-5.326797340064951 -3.226284283743301
-5.326797340064951 -3.226284283743301
-5.326797340064951 -3.226284283743301
-5.326797340064951 -3.226284283743301
-5.326797340064951 -3.226284283743301
-5.326797340064951 -3.226284283743301
-5.326797340064951 -3.226284283743301
-5.326797340064951 -3.226284283743301
-5.326797340064951 -3.226284283743301
-5.326797340064951 -3.226284283743301
-5.326797340064951 -3.226284283743301
-5.326797340064951 -3.226284283743301
-5.326797340064951 -3.226284283743301
-5.326797340064951 -3.226284283743301
-5.326797340064951 -3.226284283743301
-5.326797340064951 -3.226284283743301
-5.778998880127499 -4.196033615872516
-5.778998880127499 -4.196033615872516
-5.778998880127499 -4.196033615872516
-5.778998880127499 -4.196033615872516
-5.778998880127499 -4.196033615872516
-5.778998880127499 -4.196033615872516
-5.778998880127499 -4.196033615872516
-5.778998880127499 -4.196033615872516
-5.778998880127499 -4.196033615872516
-5.778998880127499 -4.196033615872516
-5.778998880127499 -4.196033615872516
-5.778998880127499 -4.196033615872516
-5.778998880127499 -4.196033615872516
-5.778998880127499 -4.196033615872516
-5.778998880127499 -4.196033615872516
-5.778998880127499 -4.196033615872516
-5.778998880127499 -4.196033615872516
-5.778998880127499 -4.196033615872516
-5.778998880127499 -4.196033615872516
-5.778998880127499 -4.196033615872516
-5.778998880127499 -4.196033615872516
-5.778998880127499 -4.196033615872516
-5.778998880127499 -4.196033615872516
-5.778998880127499 -4.196033615872516
-5.625260367336602 -4.769793556688223
-5.625260367336602 -4.769793556688223
-5.625260367336602 -4.769793556688223
-5.625260367336602 -4.769793556688223
-5.625260367336602 -4.769793556688223
-5.625260367336602 -4.769793556688223
-5.625260367336602 -4.769793556688223
-5.625260367336602 -4.769793556688223
-5.625260367336602 -4.769793556688223
-5.625260367336602 -4.769793556688223
-5.625260367336602 -4.769793556688223
-5.625260367336602 -4.769793556688223
-5.625260367336602 -4.769793556688223
-5.625260367336602 -4.769793556688223
-5.625260367336602 -4.769793556688223
-5.625260367336602 -4.769793556688223
-5.625260367336602 -4.769793556688223
-5.439308332170694 -5.168568982984349
-5.439308332170694 -5.168568982984349
-5.439308332170694 -5.168568982984349
-5.439308332170694 -5.168568982984349
-5.439308332170694 -5.168568982984349
-5.439308332170694 -5.168568982984349
-5.439308332170694 -5.168568982984349
-5.439308332170694 -5.168568982984349
-5.439308332170694 -5.168568982984349
-5.439308332170694 -5.168568982984349
-5.439308332170694 -5.168568982984349
-5.439308332170694 -5.168568982984349
-5.439308332170694 -5.168568982984349
-5.439308332170694 -5.168568982984349
-5.439308332170694 -5.168568982984349
-5.439308332170694 -5.168568982984349
-5.439308332170694 -5.168568982984349
-5.439308332170694 -5.168568982984349
-5.439308332170694 -5.168568982984349
-5.439308332170694 -5.168568982984349
-5.439308332170694 -5.168568982984349
-5.439308332170694 -5.168568982984349
-5.439308332170694 -5.168568982984349
-5.439308332170694 -5.168568982984349
-5.439308332170694 -5.168568982984349
-5.439308332170694 -5.168568982984349
-5.439308332170694 -5.168568982984349
-5.439308332170694 -5.168568982984349
-5.439308332170694 -5.168568982984349
-5.439308332170694 -5.168568982984349
-5.439308332170694 -5.168568982984349
-5.439308332170694 -5.168568982984349
-5.439308332170694 -5.168568982984349
-5.439308332170694 -5.168568982984349
-5.439308332170694 -5.168568982984349
-5.439308332170694 -5.168568982984349
-5.439308332170694 -5.168568982984349
-5.439308332170694 -5.168568982984349
-5.439308332170694 -5.168568982984349
-5.439308332170694 -5.168568982984349
-5.439308332170694 -5.168568982984349
-5.439308332170694 -5.168568982984349
-5.439308332170694 -5.168568982984349
-5.439308332170694 -5.168568982984349
-5.439308332170694 -5.168568982984349
-5.439308332170694 -5.168568982984349
-5.439308332170694 -5.168568982984349
-5.439308332170694 -5.168568982984349
-5.156481783908617 -5.505628537956699
-5.156481783908617 -5.505628537956699
-5.156481783908617 -5.505628537956699
-5.156481783908617 -5.505628537956699
-5.156481783908617 -5.505628537956699
-5.156481783908617 -5.505628537956699
-5.156481783908617 -5.505628537956699
-5.156481783908617 -5.505628537956699
-5.156481783908617 -5.505628537956699
-5.156481783908617 -5.505628537956699
-5.156481783908617 -5.505628537956699
-5.156481783908617 -5.505628537956699
-5.156481783908617 -5.505628537956699
-5.156481783908617 -5.505628537956699
-5.156481783908617 -5.505628537956699
-5.156481783908617 -5.505628537956699
-5.156481783908617 -5.505628537956699
-5.156481783908617 -5.505628537956699
-5.156481783908617 -5.505628537956699
-5.156481783908617 -5.505628537956699
-5.156481783908617 -5.505628537956699
-5.156481783908617 -5.505628537956699
-5.156481783908617 -5.505628537956699
-5.156481783908617 -5.505628537956699
-5.156481783908617 -5.505628537956699
-5.156481783908617 -5.505628537956699
-5.156481783908617 -5.505628537956699
-5.156481783908617 -5.505628537956699
-5.156481783908617 -5.505628537956699
-5.156481783908617 -5.505628537956699
-5.156481783908617 -5.505628537956699
-5.156481783908617 -5.505628537956699
-5.156481783908617 -5.505628537956699
-5.156481783908617 -5.505628537956699
-5.156481783908617 -5.505628537956699
-5.156481783908617 -5.505628537956699
-5.156481783908617 -5.505628537956699
-5.156481783908617 -5.505628537956699
-5.156481783908617 -5.505628537956699
-5.156481783908617 -5.505628537956699
-5.156481783908617 -5.505628537956699
-5.156481783908617 -5.505628537956699
-5.156481783908617 -5.505628537956699
-5.156481783908617 -5.505628537956699
-5.156481783908617 -5.505628537956699
-5.156481783908617 -5.505628537956699
-5.156481783908617 -5.505628537956699
-5.156481783908617 -5.505628537956699
-5.156481783908617 -5.505628537956699
-4.383202254099809 -6.047084693872087
-4.383202254099809 -6.047084693872087
-4.383202254099809 -6.047084693872087
-4.383202254099809 -6.047084693872087
-4.383202254099809 -6.047084693872087
-4.383202254099809 -6.047084693872087
-4.383202254099809 -6.047084693872087
-4.383202254099809 -6.047084693872087
-4.383202254099809 -6.047084693872087
-4.383202254099809 -6.047084693872087
-4.383202254099809 -6.047084693872087
-4.383202254099809 -6.047084693872087
-4.383202254099809 -6.047084693872087
-4.383202254099809 -6.047084693872087
-4.383202254099809 -6.047084693872087
-4.383202254099809 -6.047084693872087
-4.383202254099809 -6.047084693872087
-4.383202254099809 -6.047084693872087
-4.383202254099809 -6.047084693872087
-4.383202254099809 -6.047084693872087
-4.383202254099809 -6.047084693872087
-4.383202254099809 -6.047084693872087
-4.383202254099809 -6.047084693872087
-4.383202254099809 -6.047084693872087
-4.383202254099809 -6.047084693872087
-4.383202254099809 -6.047084693872087
-4.383202254099809 -6.047084693872087
-4.383202254099809 -6.047084693872087
-4.383202254099809 -6.047084693872087
-4.383202254099809 -6.047084693872087
-4.383202254099809 -6.047084693872087
-4.383202254099809 -6.047084693872087
-4.383202254099809 -6.047084693872087
-4.383202254099809 -6.047084693872087
-4.383202254099809 -6.047084693872087
-4.383202254099809 -6.047084693872087
-4.383202254099809 -6.047084693872087
-4.383202254099809 -6.047084693872087
-3.8776476241169897 -6.231091530981296
-3.8776476241169897 -6.231091530981296
-3.8776476241169897 -6.231091530981296
-3.8776476241169897 -6.231091530981296
-3.8776476241169897 -6.231091530981296
-3.8776476241169897 -6.231091530981296
-3.8776476241169897 -6.231091530981296
-3.8776476241169897 -6.231091530981296
-3.8776476241169897 -6.231091530981296
-3.8776476241169897 -6.231091530981296
-3.8776476241169897 -6.231091530981296
-3.8776476241169897 -6.231091530981296
-3.8776476241169897 -6.231091530981296
-3.8776476241169897 -6.231091530981296
-3.8776476241169897 -6.231091530981296
-3.8776476241169897 -6.231091530981296
-3.8776476241169897 -6.231091530981296
-3.8776476241169897 -6.231091530981296
-3.8776476241169897 -6.231091530981296
-3.8776476241169897 -6.231091530981296
-3.8776476241169897 -6.231091530981296
-3.8776476241169897 -6.231091530981296
-3.8776476241169897 -6.231091530981296
-3.8776476241169897 -6.231091530981296
-3.8776476241169897 -6.231091530981296
-3.8776476241169897 -6.231091530981296
-3.8776476241169897 -6.231091530981296
-3.8776476241169897 -6.231091530981296
-3.8776476241169897 -6.231091530981296
-3.8776476241169897 -6.231091530981296
-3.8776476241169897 -6.231091530981296
-3.8776476241169897 -6.231091530981296
-3.8776476241169897 -6.231091530981296
-3.8776476241169897 -6.231091530981296
-3.8776476241169897 -6.231091530981296
-3.8776476241169897 -6.231091530981296
-3.8776476241169897 -6.231091530981296
-3.8776476241169897 -6.231091530981296
-3.8776476241169897 -6.231091530981296
-3.8776476241169897 -6.231091530981296
-3.8776476241169897 -6.231091530981296
-3.8776476241169897 -6.231091530981296
-3.8776476241169897 -6.231091530981296
-3.8776476241169897 -6.231091530981296
-3.8776476241169897 -6.231091530981296
-3.8776476241169897 -6.231091530981296
-3.8776476241169897 -6.231091530981296
-3.8776476241169897 -6.231091530981296
