0.0 0.0
0.0 0.0
0.0 0.0
0.0 0.0
0.0 0.0
0.0 0.0
0.0 0.0
0.0 0.0
0.0 0.0
0.0 0.0
0.0 0.0
0.0 0.0
0.0 0.0
0.0 0.0
0.0 0.0
0.0 0.0
0.0 0.0
0.0 0.0
0.0 0.0
0.0 0.0
0.0 0.0
0.0 0.0
0.0 0.0
0.0 0.0
0.0 0.0
0.0 0.0
0.0 0.0
0.0 0.0
0.0 0.0
0.0 0.0
0.0 0.0
0.0 0.0
0.0 0.0
0.0 0.0
0.0 0.0
0.0 0.0
0.0 0.0
0.0 0.0
0.0 0.0
0.0 0.0
0.0 0.0
0.0 0.0
0.0 0.0
0.0 0.0
0.0 0.0
0.0 0.0
0.0 0.0
0.0 0.0
0.0 0.0
0.0 0.0
0.0 0.0
0.0 0.0
0.0 0.0
0.0 0.0
0.0 0.0
0.0 0.0
0.0 0.0
0.0 0.0
0.0 0.0
0.0 0.0
0.0 0.0
0.0 0.0
0.0 0.0
0.0 0.0
0.0 0.0
0.0 0.0
0.0 0.0
0.0 0.0
0.0 0.0
0.0 0.0
0.0 0.0
0.0 0.0
0.0 0.0
0.0 0.0
0.0 0.0
0.0 0.0
0.0 0.0
0.0 0.0
0.0 0.0
0.0 0.0
0.0 0.0
0.0 0.0
0.0 0.0
0.0 0.0
0.0 0.0
0.0 0.0
0.0 0.0
0.0 0.0
0.0 0.0
0.0 0.0
0.0 0.0
0.0 0.0
0.0 0.0
0.0 0.0
0.0 0.0
0.0 0.0
0.0 0.0
0.0 0.0
0.0 0.0
0.0 0.0
0.0 0.0
0.0 0.0
0.0 0.0
0.0 0.0
0.0 0.0
0.0 0.0
0.0 0.0
0.0 0.0
0.0 0.0
0.0 0.0
0.0 0.0
0.0 0.0
0.0 0.0
0.0 0.0
0.0 0.0
0.0 0.0
0.0 0.0
0.0 0.0
0.0 0.0
0.0 0.0
0.0 0.0
0.0 0.0
0.0 0.0
0.0 0.0
0.0 0.0
0.0 0.0
0.0 0.0
0.0 0.0
0.0 0.0
0.0 0.0
0.0 0.0
0.0 0.0
0.0 0.0
0.0 0.0
0.0 0.0
0.0 0.0
0.0 0.0
0.0 0.0
0.0 0.0
0.0 0.0
0.0 0.0
0.0 0.0
0.0 0.0
0.0 0.0
0.0 0.0
0.0 0.0
0.0 0.0
0.0 0.0
0.0 0.0
0.0 0.0
0.0 0.0
0.0 0.0
0.0 0.0
0.0 0.0
0.0 0.0
0.0 0.0
0.0 0.0
0.0 0.0
0.0 0.0
0.0 0.0
0.0 0.0
0.0 0.0
0.0 0.0
0.0 0.0
0.0 0.0
0.0 0.0
0.0 0.0
0.0 0.0
0.0 0.0
0.0 0.0
0.0 0.0
0.0 0.0
0.0 0.0
0.0 0.0
0.0 0.0
0.0 0.0
0.0 0.0
0.0 0.0
0.0 0.0
0.0 0.0
0.0 0.0
0.0 0.0
0.0 0.0
0.0 0.0
0.0 0.0
0.0 0.0
0.0 0.0
0.0 0.0
0.0 0.0
0.0 0.0
-0.3246442629746921 0.4636400570675693
-0.3246442629746921 0.4636400570675693
-0.3246442629746921 0.4636400570675693
-0.3246442629746921 0.4636400570675693
-0.3246442629746921 0.4636400570675693
-0.3246442629746921 0.4636400570675693
-0.3246442629746921 0.4636400570675693
-0.3246442629746921 0.4636400570675693
-0.3246442629746921 0.4636400570675693
-0.3246442629746921 0.4636400570675693
-0.3246442629746921 0.4636400570675693
-0.3246442629746921 0.4636400570675693
-0.3246442629746921 0.4636400570675693
-0.3246442629746921 0.4636400570675693
-0.3246442629746921 0.4636400570675693
-0.3246442629746921 0.4636400570675693
-0.3246442629746921 0.4636400570675693
-0.3246442629746921 0.4636400570675693
-0.3246442629746921 0.4636400570675693
-0.3246442629746921 0.4636400570675693
-0.3246442629746921 0.4636400570675693
-0.3246442629746921 0.4636400570675693
-0.3246442629746921 0.4636400570675693
-0.3246442629746921 0.4636400570675693
-0.3246442629746921 0.4636400570675693
-0.3246442629746921 0.4636400570675693
-0.3246442629746921 0.4636400570675693
-0.3246442629746921 0.4636400570675693
-0.3246442629746921 0.4636400570675693
-0.3246442629746921 0.4636400570675693
-0.3246442629746921 0.4636400570675693
-0.3246442629746921 0.4636400570675693
-0.3246442629746921 0.4636400570675693
-0.3246442629746921 0.4636400570675693
-0.3246442629746921 0.4636400570675693
-0.3246442629746921 0.4636400570675693
-0.3246442629746921 0.4636400570675693
-0.3246442629746921 0.4636400570675693
-0.3246442629746921 0.4636400570675693
-0.3246442629746921 0.4636400570675693
-0.3246442629746921 0.4636400570675693
-0.3246442629746921 0.4636400570675693
-0.3246442629746921 0.4636400570675693
-0.3246442629746921 0.4636400570675693
-0.3246442629746921 0.4636400570675693
-0.3246442629746921 0.4636400570675693
-0.3246442629746921 0.4636400570675693
-0.3246442629746921 0.4636400570675693
-0.3246442629746921 0.4636400570675693
-0.3246442629746921 0.4636400570675693
-0.32464426297469207 0.9736400570675693
-0.32464426297469207 0.9736400570675693
-0.32464426297469207 0.9736400570675693
-0.32464426297469207 0.9736400570675693
-0.32464426297469207 0.9736400570675693
-0.32464426297469207 0.9736400570675693
-0.32464426297469207 0.9736400570675693
-0.32464426297469207 0.9736400570675693
-0.32464426297469207 0.9736400570675693
-0.2899562773611241 1.370125546908084
-0.2899562773611241 1.370125546908084
-0.2899562773611241 1.370125546908084
-0.2899562773611241 1.370125546908084
-0.2899562773611241 1.370125546908084
-0.2899562773611241 1.370125546908084
-0.2899562773611241 1.370125546908084
-0.2899562773611241 1.370125546908084
-0.2899562773611241 1.370125546908084
-0.2899562773611241 1.370125546908084
-0.2899562773611241 1.370125546908084
-0.2899562773611241 1.370125546908084
-0.2899562773611241 1.370125546908084
-0.2899562773611241 1.370125546908084
-0.2899562773611241 1.370125546908084
-0.2899562773611241 1.370125546908084
-0.2899562773611241 1.370125546908084
-0.2899562773611241 1.370125546908084
-0.2899562773611241 1.370125546908084
-0.2899562773611241 1.370125546908084
-0.2479472093567529 1.8502913913883052
-0.2479472093567529 1.8502913913883052
-0.2479472093567529 1.8502913913883052
-0.2479472093567529 1.8502913913883052
-0.2479472093567529 1.8502913913883052
-0.2479472093567529 1.8502913913883052
-0.2479472093567529 1.8502913913883052
-0.2479472093567529 1.8502913913883052
-0.2479472093567529 1.8502913913883052
-0.2479472093567529 1.8502913913883052
-0.2479472093567529 1.8502913913883052
-0.2479472093567529 1.8502913913883052
-0.2479472093567529 1.8502913913883052
-0.2479472093567529 1.8502913913883052
-0.2479472093567529 1.8502913913883052
-0.2479472093567529 1.8502913913883052
-0.2479472093567529 1.8502913913883052
-0.2479472093567529 1.8502913913883052
-0.2479472093567529 1.8502913913883052
-0.2479472093567529 1.8502913913883052
-0.2479472093567529 1.8502913913883052
-0.2479472093567529 1.8502913913883052
-0.2479472093567529 1.8502913913883052
-0.2479472093567529 1.8502913913883052
-0.2479472093567529 1.8502913913883052
-0.2479472093567529 1.8502913913883052
-0.2479472093567529 1.8502913913883052
-0.2479472093567529 1.8502913913883052
-0.2479472093567529 1.8502913913883052
-0.2479472093567529 1.8502913913883052
-0.2479472093567529 1.8502913913883052
-0.1304433628802085 2.2888217165235423
-0.1304433628802085 2.2888217165235423
-0.1304433628802085 2.2888217165235423
-0.1304433628802085 2.2888217165235423
-0.1304433628802085 2.2888217165235423
-0.1304433628802085 2.2888217165235423
-0.1304433628802085 2.2888217165235423
-0.1304433628802085 2.2888217165235423
-0.1304433628802085 2.2888217165235423
-0.1304433628802085 2.2888217165235423
-0.1304433628802085 2.2888217165235423
-0.1304433628802085 2.2888217165235423
-0.1304433628802085 2.2888217165235423
-0.1304433628802085 2.2888217165235423
-0.1304433628802085 2.2888217165235423
-0.1304433628802085 2.2888217165235423
-0.1304433628802085 2.2888217165235423
-0.1304433628802085 2.2888217165235423
-0.1304433628802085 2.2888217165235423
-0.1304433628802085 2.2888217165235423
-0.1304433628802085 2.2888217165235423
-0.1304433628802085 2.2888217165235423
-0.1304433628802085 2.2888217165235423
-0.1304433628802085 2.2888217165235423
-0.1304433628802085 2.2888217165235423
-0.1304433628802085 2.2888217165235423
-0.1304433628802085 2.2888217165235423
-0.016562983035099385 2.7138290800907323
-0.016562983035099385 2.7138290800907323
-0.016562983035099385 2.7138290800907323
-0.016562983035099385 2.7138290800907323
-0.016562983035099385 2.7138290800907323
-0.016562983035099385 2.7138290800907323
-0.016562983035099385 2.7138290800907323
-0.016562983035099385 2.7138290800907323
-0.016562983035099385 2.7138290800907323
-0.016562983035099385 2.7138290800907323
-0.016562983035099385 2.7138290800907323
-0.016562983035099385 2.7138290800907323
-0.016562983035099385 2.7138290800907323
-0.016562983035099385 2.7138290800907323
-0.016562983035099385 2.7138290800907323
-0.016562983035099385 2.7138290800907323
-0.016562983035099385 2.7138290800907323
-0.016562983035099385 2.7138290800907323
-0.016562983035099385 2.7138290800907323
-0.016562983035099385 2.7138290800907323
-0.016562983035099385 2.7138290800907323
-0.016562983035099385 2.7138290800907323
-0.016562983035099385 2.7138290800907323
-0.016562983035099385 2.7138290800907323
-0.016562983035099385 2.7138290800907323
-0.016562983035099385 2.7138290800907323
0.1575557408020688 3.0872278883498323
0.1575557408020688 3.0872278883498323
0.1575557408020688 3.0872278883498323
0.1575557408020688 3.0872278883498323
0.1575557408020688 3.0872278883498323
0.1575557408020688 3.0872278883498323
0.1575557408020688 3.0872278883498323
0.1575557408020688 3.0872278883498323
0.1575557408020688 3.0872278883498323
0.1575557408020688 3.0872278883498323
0.1575557408020688 3.0872278883498323
0.1575557408020688 3.0872278883498323
0.1575557408020688 3.0872278883498323
0.1575557408020688 3.0872278883498323
0.1575557408020688 3.0872278883498323
0.1575557408020688 3.0872278883498323
0.1575557408020688 3.0872278883498323
0.1575557408020688 3.0872278883498323
0.1575557408020688 3.0872278883498323
0.1575557408020688 3.0872278883498323
0.1575557408020688 3.0872278883498323
0.1575557408020688 3.0872278883498323
0.1575557408020688 3.0872278883498323
0.1575557408020688 3.0872278883498323
0.1575557408020688 3.0872278883498323
0.5958814079624368 3.048879361540863
0.5958814079624368 3.048879361540863
0.5958814079624368 3.048879361540863
0.5958814079624368 3.048879361540863
0.5958814079624368 3.048879361540863
0.5958814079624368 3.048879361540863
0.5958814079624368 3.048879361540863
0.5958814079624368 3.048879361540863
0.5958814079624368 3.048879361540863
0.5958814079624368 3.048879361540863
0.5958814079624368 3.048879361540863
0.5958814079624368 3.048879361540863
0.5958814079624368 3.048879361540863
0.5958814079624368 3.048879361540863
0.5958814079624368 3.048879361540863
0.5958814079624368 3.048879361540863
0.5958814079624368 3.048879361540863
0.5958814079624368 3.048879361540863
0.5958814079624368 3.048879361540863
0.5958814079624368 3.048879361540863
0.5958814079624368 3.048879361540863
0.5958814079624368 3.048879361540863
0.5958814079624368 3.048879361540863
0.5958814079624368 3.048879361540863
0.5958814079624368 3.048879361540863
0.5958814079624368 3.048879361540863
0.5958814079624368 3.048879361540863
0.5958814079624368 3.048879361540863
0.5958814079624368 3.048879361540863
0.5958814079624368 3.048879361540863
0.556312700755 3.5011517544745154
0.556312700755 3.5011517544745154
0.556312700755 3.5011517544745154
0.556312700755 3.5011517544745154
0.556312700755 3.5011517544745154
0.556312700755 3.5011517544745154
0.556312700755 3.5011517544745154
0.556312700755 3.5011517544745154
0.556312700755 3.5011517544745154
0.556312700755 3.5011517544745154
0.556312700755 3.5011517544745154
0.556312700755 3.5011517544745154
0.556312700755 3.5011517544745154
0.556312700755 3.5011517544745154
0.556312700755 3.5011517544745154
0.556312700755 3.5011517544745154
0.556312700755 3.5011517544745154
0.556312700755 3.5011517544745154
0.556312700755 3.5011517544745154
0.556312700755 3.5011517544745154
0.556312700755 3.5011517544745154
0.556312700755 3.5011517544745154
0.556312700755 3.5011517544745154
0.556312700755 3.5011517544745154
0.556312700755 3.5011517544745154
0.556312700755 3.5011517544745154
0.556312700755 3.5011517544745154
0.7185981132634285 3.849173944696589
0.7185981132634285 3.849173944696589
0.7185981132634285 3.849173944696589
0.7185981132634285 3.849173944696589
0.7185981132634285 3.849173944696589
0.7185981132634285 3.849173944696589
0.7185981132634285 3.849173944696589
0.7185981132634285 3.849173944696589
0.7185981132634285 3.849173944696589
0.7185981132634285 3.849173944696589
0.7185981132634285 3.849173944696589
0.7185981132634285 3.849173944696589
0.7185981132634285 3.849173944696589
0.7185981132634285 3.849173944696589
0.7185981132634285 3.849173944696589
0.7185981132634285 3.849173944696589
0.7185981132634285 3.849173944696589
0.7185981132634285 3.849173944696589
0.7185981132634285 3.849173944696589
0.7185981132634285 3.849173944696589
0.7185981132634285 3.849173944696589
0.7185981132634285 3.849173944696589
0.7185981132634285 3.849173944696589
0.7185981132634285 3.849173944696589
0.7185981132634285 3.849173944696589
0.7185981132634285 3.849173944696589
0.7185981132634285 3.849173944696589
0.7185981132634285 3.849173944696589
0.7185981132634285 3.849173944696589
0.7185981132634285 3.849173944696589
0.7185981132634285 3.849173944696589
0.6446239895773161 4.268702047479789
0.6446239895773161 4.268702047479789
0.6446239895773161 4.268702047479789
0.6446239895773161 4.268702047479789
0.6446239895773161 4.268702047479789
0.6446239895773161 4.268702047479789
0.6446239895773161 4.268702047479789
0.6446239895773161 4.268702047479789
0.6446239895773161 4.268702047479789
0.6446239895773161 4.268702047479789
0.6446239895773161 4.268702047479789
0.6446239895773161 4.268702047479789
0.6446239895773161 4.268702047479789
0.6446239895773161 4.268702047479789
0.6446239895773161 4.268702047479789
0.6446239895773161 4.268702047479789
0.6446239895773161 4.268702047479789
0.6446239895773161 4.268702047479789
0.6446239895773161 4.268702047479789
0.6446239895773161 4.268702047479789
0.6446239895773161 4.268702047479789
0.6446239895773161 4.268702047479789
0.6446239895773161 4.268702047479789
0.6446239895773161 4.268702047479789
0.6446239895773161 4.268702047479789
0.6446239895773161 4.268702047479789
0.6446239895773161 4.268702047479789
0.6446239895773161 4.268702047479789
0.6446239895773161 4.268702047479789
0.6446239895773161 4.268702047479789
0.6446239895773161 4.268702047479789
0.6446239895773161 4.268702047479789
0.6446239895773161 4.268702047479789
0.6446239895773161 4.268702047479789
0.6446239895773161 4.268702047479789
0.6446239895773161 4.268702047479789
0.6446239895773161 4.268702047479789
0.6446239895773161 4.268702047479789
0.6446239895773161 4.268702047479789
0.6446239895773161 4.268702047479789
0.6446239895773161 4.268702047479789
0.6446239895773161 4.268702047479789
0.6446239895773161 4.268702047479789
0.6446239895773161 4.268702047479789
0.6446239895773161 4.268702047479789
0.6446239895773161 4.268702047479789
0.6446239895773161 4.268702047479789
0.6446239895773161 4.268702047479789
0.6446239895773161 4.268702047479789
0.6446239895773161 4.268702047479789
0.6446239895773161 4.268702047479789
0.6446239895773161 4.268702047479789
0.6446239895773161 4.268702047479789
0.6446239895773161 4.268702047479789
0.6446239895773161 4.268702047479789
0.6446239895773161 4.268702047479789
0.6446239895773161 4.268702047479789
0.6446239895773161 4.268702047479789
0.6446239895773161 4.268702047479789
0.6446239895773161 4.268702047479789
0.6446239895773161 4.268702047479789
0.5684498704158628 5.139376213611975
0.5684498704158628 5.139376213611975
0.5684498704158628 5.139376213611975
0.5684498704158628 5.139376213611975
0.5684498704158628 5.139376213611975
0.5684498704158628 5.139376213611975
0.5684498704158628 5.139376213611975
0.5684498704158628 5.139376213611975
0.5684498704158628 5.139376213611975
0.5684498704158628 5.139376213611975
0.5684498704158628 5.139376213611975
0.5684498704158628 5.139376213611975
0.5684498704158628 5.139376213611975
0.5684498704158628 5.139376213611975
0.5684498704158628 5.139376213611975
0.5684498704158628 5.139376213611975
0.5684498704158628 5.139376213611975
0.5684498704158628 5.139376213611975
0.5684498704158628 5.139376213611975
0.5684498704158628 5.139376213611975
0.5684498704158628 5.139376213611975
0.5684498704158628 5.139376213611975
0.5684498704158628 5.139376213611975
0.5684498704158628 5.139376213611975
0.5684498704158628 5.139376213611975
0.5684498704158628 5.139376213611975
0.5684498704158628 5.139376213611975
0.5684498704158628 5.139376213611975
0.5684498704158628 5.139376213611975
0.5684498704158628 5.139376213611975
0.5684498704158628 5.139376213611975
0.5684498704158628 5.139376213611975
0.5684498704158628 5.139376213611975
0.5684498704158628 5.139376213611975
0.5684498704158628 5.139376213611975
0.5684498704158628 5.139376213611975
0.5684498704158628 5.139376213611975
0.5684498704158628 5.139376213611975
0.5684498704158628 5.139376213611975
0.5684498704158628 5.139376213611975
0.5684498704158628 5.139376213611975
0.5684498704158628 5.139376213611975
0.5684498704158628 5.139376213611975
0.5684498704158628 5.139376213611975
0.5684498704158628 5.139376213611975
0.5684498704158628 5.139376213611975
0.5684498704158628 5.139376213611975
0.5684498704158628 5.139376213611975
0.5684498704158628 5.139376213611975
0.5684498704158628 5.139376213611975
0.5684498704158628 5.139376213611975
0.5684498704158628 5.139376213611975
0.5684498704158628 5.139376213611975
0.5684498704158628 5.139376213611975
0.5684498704158628 5.139376213611975
1.1829265500267114 5.425911395072169
1.1829265500267114 5.425911395072169
1.1829265500267114 5.425911395072169
1.1829265500267114 5.425911395072169
1.1829265500267114 5.425911395072169
1.1829265500267114 5.425911395072169
1.1829265500267114 5.425911395072169
1.1829265500267114 5.425911395072169
1.1829265500267114 5.425911395072169
1.1829265500267114 5.425911395072169
1.1829265500267114 5.425911395072169
1.1829265500267114 5.425911395072169
1.1829265500267114 5.425911395072169
1.6212522171870793 5.387562868263199
1.6212522171870793 5.387562868263199
1.6212522171870793 5.387562868263199
1.6212522171870793 5.387562868263199
1.6212522171870793 5.387562868263199
1.6212522171870793 5.387562868263199
1.6212522171870793 5.387562868263199
1.6212522171870793 5.387562868263199
1.6212522171870793 5.387562868263199
1.6212522171870793 5.387562868263199
1.6212522171870793 5.387562868263199
1.6212522171870793 5.387562868263199
1.6212522171870793 5.387562868263199
1.6212522171870793 5.387562868263199
1.6212522171870793 5.387562868263199
1.6212522171870793 5.387562868263199
1.6212522171870793 5.387562868263199
1.6212522171870793 5.387562868263199
1.6212522171870793 5.387562868263199
1.6212522171870793 5.387562868263199
1.6212522171870793 5.387562868263199
1.6212522171870793 5.387562868263199
1.6212522171870793 5.387562868263199
1.6212522171870793 5.387562868263199
1.6212522171870793 5.387562868263199
1.6212522171870793 5.387562868263199
1.6212522171870793 5.387562868263199
1.6212522171870793 5.387562868263199
2.0046153739143273 5.655996640475489
2.0046153739143273 5.655996640475489
2.0046153739143273 5.655996640475489
2.0046153739143273 5.655996640475489
2.0046153739143273 5.655996640475489
2.0046153739143273 5.655996640475489
2.0046153739143273 5.655996640475489
2.0046153739143273 5.655996640475489
2.0046153739143273 5.655996640475489
2.0046153739143273 5.655996640475489
2.0046153739143273 5.655996640475489
2.0046153739143273 5.655996640475489
2.0046153739143273 5.655996640475489
2.0046153739143273 5.655996640475489
2.0046153739143273 5.655996640475489
2.0046153739143273 5.655996640475489
2.0046153739143273 5.655996640475489
2.0046153739143273 5.655996640475489
2.0046153739143273 5.655996640475489
2.0046153739143273 5.655996640475489
2.0046153739143273 5.655996640475489
2.0046153739143273 5.655996640475489
2.0046153739143273 5.655996640475489
2.0046153739143273 5.655996640475489
2.0046153739143273 5.655996640475489
2.0046153739143273 5.655996640475489
2.0046153739143273 5.655996640475489
2.0046153739143273 5.655996640475489
2.0046153739143273 5.655996640475489
2.0046153739143273 5.655996640475489
2.122119220390872 6.094526965610726
2.122119220390872 6.094526965610726
2.122119220390872 6.094526965610726
2.122119220390872 6.094526965610726
2.122119220390872 6.094526965610726
2.122119220390872 6.094526965610726
2.122119220390872 6.094526965610726
2.122119220390872 6.094526965610726
2.122119220390872 6.094526965610726
2.122119220390872 6.094526965610726
2.122119220390872 6.094526965610726
2.122119220390872 6.094526965610726
2.122119220390872 6.094526965610726
2.122119220390872 6.094526965610726
2.122119220390872 6.094526965610726
2.122119220390872 6.094526965610726
2.122119220390872 6.094526965610726
2.122119220390872 6.094526965610726
2.122119220390872 6.094526965610726
2.122119220390872 6.094526965610726
2.122119220390872 6.094526965610726
2.122119220390872 6.094526965610726
2.122119220390872 6.094526965610726
2.122119220390872 6.094526965610726
2.122119220390872 6.094526965610726
2.122119220390872 6.094526965610726
2.561895366918677 6.2545923926871385
2.561895366918677 6.2545923926871385
2.561895366918677 6.2545923926871385
2.561895366918677 6.2545923926871385
2.561895366918677 6.2545923926871385
2.561895366918677 6.2545923926871385
2.561895366918677 6.2545923926871385
2.561895366918677 6.2545923926871385
2.561895366918677 6.2545923926871385
2.561895366918677 6.2545923926871385
2.561895366918677 6.2545923926871385
2.561895366918677 6.2545923926871385
2.561895366918677 6.2545923926871385
2.561895366918677 6.2545923926871385
2.561895366918677 6.2545923926871385
2.561895366918677 6.2545923926871385
2.561895366918677 6.2545923926871385
2.561895366918677 6.2545923926871385
2.561895366918677 6.2545923926871385
2.561895366918677 6.2545923926871385
2.561895366918677 6.2545923926871385
2.561895366918677 6.2545923926871385
2.561895366918677 6.2545923926871385
2.561895366918677 6.2545923926871385
2.561895366918677 6.2545923926871385
2.561895366918677 6.2545923926871385
2.561895366918677 6.2545923926871385
2.561895366918677 6.2545923926871385
2.561895366918677 6.2545923926871385
2.561895366918677 6.2545923926871385
2.986047411251829 6.452377739181786
2.986047411251829 6.452377739181786
2.986047411251829 6.452377739181786
2.986047411251829 6.452377739181786
2.986047411251829 6.452377739181786
2.986047411251829 6.452377739181786
2.986047411251829 6.452377739181786
2.986047411251829 6.452377739181786
2.986047411251829 6.452377739181786
2.986047411251829 6.452377739181786
2.986047411251829 6.452377739181786
2.986047411251829 6.452377739181786
2.986047411251829 6.452377739181786
2.986047411251829 6.452377739181786
2.986047411251829 6.452377739181786
2.986047411251829 6.452377739181786
2.986047411251829 6.452377739181786
2.986047411251829 6.452377739181786
2.986047411251829 6.452377739181786
2.986047411251829 6.452377739181786
2.986047411251829 6.452377739181786
2.986047411251829 6.452377739181786
2.986047411251829 6.452377739181786
3.397531813250972 6.56263465239546
3.397531813250972 6.56263465239546
3.397531813250972 6.56263465239546
3.397531813250972 6.56263465239546
3.397531813250972 6.56263465239546
3.397531813250972 6.56263465239546
3.397531813250972 6.56263465239546
3.397531813250972 6.56263465239546
3.397531813250972 6.56263465239546
3.397531813250972 6.56263465239546
3.397531813250972 6.56263465239546
3.397531813250972 6.56263465239546
3.397531813250972 6.56263465239546
3.397531813250972 6.56263465239546
3.397531813250972 6.56263465239546
3.397531813250972 6.56263465239546
3.397531813250972 6.56263465239546
3.397531813250972 6.56263465239546
3.397531813250972 6.56263465239546
3.397531813250972 6.56263465239546
3.397531813250972 6.56263465239546
3.397531813250972 6.56263465239546
3.397531813250972 6.56263465239546
3.397531813250972 6.56263465239546
3.397531813250972 6.56263465239546
3.397531813250972 6.56263465239546
3.397531813250972 6.56263465239546
3.397531813250972 6.56263465239546
3.397531813250972 6.56263465239546
3.397531813250972 6.56263465239546
3.397531813250972 6.56263465239546
3.397531813250972 6.56263465239546
3.397531813250972 6.56263465239546
3.397531813250972 6.56263465239546
3.397531813250972 6.56263465239546
3.397531813250972 6.56263465239546
3.397531813250972 6.56263465239546
3.397531813250972 6.56263465239546
3.397531813250972 6.56263465239546
3.397531813250972 6.56263465239546
3.397531813250972 6.56263465239546
3.397531813250972 6.56263465239546
3.397531813250972 6.56263465239546
3.397531813250972 6.56263465239546
3.397531813250972 6.56263465239546
3.397531813250972 6.56263465239546
3.397531813250972 6.56263465239546
3.397531813250972 6.56263465239546
3.397531813250972 6.56263465239546
3.397531813250972 6.56263465239546
3.397531813250972 6.56263465239546
3.397531813250972 6.56263465239546
3.397531813250972 6.56263465239546
3.397531813250972 6.56263465239546
3.397531813250972 6.56263465239546
3.397531813250972 6.56263465239546
3.397531813250972 6.56263465239546
3.397531813250972 6.56263465239546
3.397531813250972 6.56263465239546
3.397531813250972 6.56263465239546
3.397531813250972 6.56263465239546
3.397531813250972 6.56263465239546
3.397531813250972 6.56263465239546
3.397531813250972 6.56263465239546
3.397531813250972 6.56263465239546
3.397531813250972 6.56263465239546
3.397531813250972 6.56263465239546
3.397531813250972 6.56263465239546
3.397531813250972 6.56263465239546
3.397531813250972 6.56263465239546
3.397531813250972 6.56263465239546
3.397531813250972 6.56263465239546
3.397531813250972 6.56263465239546
3.397531813250972 6.56263465239546
3.397531813250972 6.56263465239546
3.397531813250972 6.56263465239546
3.397531813250972 6.56263465239546
3.397531813250972 6.56263465239546
3.397531813250972 6.56263465239546
3.397531813250972 6.56263465239546
3.397531813250972 6.56263465239546
3.397531813250972 6.56263465239546
3.397531813250972 6.56263465239546
3.397531813250972 6.56263465239546
3.397531813250972 6.56263465239546
3.397531813250972 6.56263465239546
3.397531813250972 6.56263465239546
3.397531813250972 6.56263465239546
3.397531813250972 6.56263465239546
3.397531813250972 6.56263465239546
3.397531813250972 6.56263465239546
3.397531813250972 6.56263465239546
3.397531813250972 6.56263465239546
3.397531813250972 6.56263465239546
3.397531813250972 6.56263465239546
3.397531813250972 6.56263465239546
3.397531813250972 6.56263465239546
3.397531813250972 6.56263465239546
3.397531813250972 6.56263465239546
3.397531813250972 6.56263465239546
3.397531813250972 6.56263465239546
3.6690608172266064 6.834163656371095
3.6690608172266064 6.834163656371095
3.6690608172266064 6.834163656371095
3.6690608172266064 6.834163656371095
3.6690608172266064 6.834163656371095
3.6690608172266064 6.834163656371095
3.6690608172266064 6.834163656371095
3.6690608172266064 6.834163656371095
3.6690608172266064 6.834163656371095
3.6690608172266064 6.834163656371095
3.6690608172266064 6.834163656371095
3.6690608172266064 6.834163656371095
3.9801878009486873 7.145290640093176
3.9801878009486873 7.145290640093176
3.9801878009486873 7.145290640093176
3.9801878009486873 7.145290640093176
3.9801878009486873 7.145290640093176
3.9801878009486873 7.145290640093176
3.9801878009486873 7.145290640093176
3.9801878009486873 7.145290640093176
3.9801878009486873 7.145290640093176
3.9801878009486873 7.145290640093176
3.9801878009486873 7.145290640093176
3.9801878009486873 7.145290640093176
3.9801878009486873 7.145290640093176
3.9801878009486873 7.145290640093176
3.9801878009486873 7.145290640093176
3.9801878009486873 7.145290640093176
3.9801878009486873 7.145290640093176
3.9801878009486873 7.145290640093176
3.9801878009486873 7.145290640093176
3.9801878009486873 7.145290640093176
3.9801878009486873 7.145290640093176
3.9801878009486873 7.145290640093176
3.9801878009486873 7.145290640093176
3.9801878009486873 7.145290640093176
3.9801878009486873 7.145290640093176
3.9801878009486873 7.145290640093176
3.9801878009486873 7.145290640093176
3.9801878009486873 7.145290640093176
3.9801878009486873 7.145290640093176
3.9801878009486873 7.145290640093176
3.9801878009486873 7.145290640093176
3.9801878009486873 7.145290640093176
3.9801878009486873 7.145290640093176
3.9801878009486873 7.145290640093176
3.9801878009486873 7.145290640093176
3.9801878009486873 7.145290640093176
3.9801878009486873 7.145290640093176
3.9801878009486873 7.145290640093176
3.9801878009486873 7.145290640093176
3.9801878009486873 7.145290640093176
3.9801878009486873 7.145290640093176
3.9801878009486873 7.145290640093176
3.9801878009486873 7.145290640093176
3.9801878009486873 7.145290640093176
3.9801878009486873 7.145290640093176
3.9801878009486873 7.145290640093176
3.9801878009486873 7.145290640093176
3.9801878009486873 7.145290640093176
3.9801878009486873 7.145290640093176
3.9801878009486873 7.145290640093176
3.9801878009486873 7.145290640093176
3.9801878009486873 7.145290640093176
3.9801878009486873 7.145290640093176
3.9801878009486873 7.145290640093176
3.9801878009486873 7.145290640093176
3.9801878009486873 7.145290640093176
3.9801878009486873 7.145290640093176
3.9801878009486873 7.145290640093176
3.9801878009486873 7.145290640093176
3.9801878009486873 7.145290640093176
3.9801878009486873 7.145290640093176
3.9801878009486873 7.145290640093176
3.9801878009486873 7.145290640093176
3.9801878009486873 7.145290640093176
3.9801878009486873 7.145290640093176
3.9801878009486873 7.145290640093176
3.9801878009486873 7.145290640093176
3.9801878009486873 7.145290640093176
3.9801878009486873 7.145290640093176
3.9801878009486873 7.145290640093176
3.9801878009486873 7.145290640093176
3.9801878009486873 7.145290640093176
3.9801878009486873 7.145290640093176
3.9801878009486873 7.145290640093176
3.9801878009486873 7.145290640093176
3.9801878009486873 7.145290640093176
3.9801878009486873 7.145290640093176
3.9801878009486873 7.145290640093176
3.9801878009486873 7.145290640093176
3.9801878009486873 7.145290640093176
3.9801878009486873 7.145290640093176
3.9801878009486873 7.145290640093176
3.9801878009486873 7.145290640093176
3.9801878009486873 7.145290640093176
3.9801878009486873 7.145290640093176
3.9801878009486873 7.145290640093176
3.9801878009486873 7.145290640093176
3.9801878009486873 7.145290640093176
3.9801878009486873 7.145290640093176
3.9801878009486873 7.145290640093176
3.9801878009486873 7.145290640093176
3.9801878009486873 7.145290640093176
3.9801878009486873 7.145290640093176
3.9801878009486873 7.145290640093176
3.9801878009486873 7.145290640093176
3.9801878009486873 7.145290640093176
3.9801878009486873 7.145290640093176
3.9801878009486873 7.145290640093176
3.9801878009486873 7.145290640093176
3.9801878009486873 7.145290640093176
3.9801878009486873 7.145290640093176
3.9801878009486873 7.145290640093176
3.9801878009486873 7.145290640093176
3.9801878009486873 7.145290640093176
3.9801878009486873 7.145290640093176
3.9801878009486873 7.145290640093176
3.9801878009486873 7.145290640093176
3.9801878009486873 7.145290640093176
3.9801878009486873 7.145290640093176
3.9801878009486873 7.145290640093176
3.9801878009486873 7.145290640093176
3.9801878009486873 7.145290640093176
3.9801878009486873 7.145290640093176
3.9801878009486873 7.145290640093176
3.9801878009486873 7.145290640093176
3.9801878009486873 7.145290640093176
3.9801878009486873 7.145290640093176
3.9801878009486873 7.145290640093176
3.9801878009486873 7.145290640093176
3.9801878009486873 7.145290640093176
3.9801878009486873 7.145290640093176
3.9801878009486873 7.145290640093176
3.9801878009486873 7.145290640093176
3.9801878009486873 7.145290640093176
3.9801878009486873 7.145290640093176
3.9801878009486873 7.145290640093176
3.9801878009486873 7.145290640093176
3.9801878009486873 7.145290640093176
3.9801878009486873 7.145290640093176
3.9801878009486873 7.145290640093176
3.9801878009486873 7.145290640093176
3.9801878009486873 7.145290640093176
3.9801878009486873 7.145290640093176
3.9801878009486873 7.145290640093176
3.9801878009486873 7.145290640093176
3.9801878009486873 7.145290640093176
3.9801878009486873 7.145290640093176
3.9801878009486873 7.145290640093176
3.9801878009486873 7.145290640093176
3.9801878009486873 7.145290640093176
3.9801878009486873 7.145290640093176
3.9801878009486873 7.145290640093176
3.9801878009486873 7.145290640093176
3.9801878009486873 7.145290640093176
3.9801878009486873 7.145290640093176
3.9801878009486873 7.145290640093176
3.9801878009486873 7.145290640093176
3.9801878009486873 7.145290640093176
3.9801878009486873 7.145290640093176
3.9801878009486873 7.145290640093176
3.9801878009486873 7.145290640093176
3.9801878009486873 7.145290640093176
3.9801878009486873 7.145290640093176
3.9801878009486873 7.145290640093176
3.9801878009486873 7.145290640093176
3.9801878009486873 7.145290640093176
3.9801878009486873 7.145290640093176
3.9801878009486873 7.145290640093176
3.9801878009486873 7.145290640093176
3.9801878009486873 7.145290640093176
3.9801878009486873 7.145290640093176
3.9801878009486873 7.145290640093176
3.9801878009486873 7.145290640093176
3.9801878009486873 7.145290640093176
4.6679705433132845 7.964958194230483
4.6679705433132845 7.964958194230483
4.6679705433132845 7.964958194230483
4.6679705433132845 7.964958194230483
4.6679705433132845 7.964958194230483
4.6679705433132845 7.964958194230483
4.6679705433132845 7.964958194230483
4.6679705433132845 7.964958194230483
4.6679705433132845 7.964958194230483
4.6679705433132845 7.964958194230483
4.6679705433132845 7.964958194230483
4.6679705433132845 7.964958194230483
4.6679705433132845 7.964958194230483
4.6679705433132845 7.964958194230483
4.6679705433132845 7.964958194230483
4.6679705433132845 7.964958194230483
4.6679705433132845 7.964958194230483
4.6679705433132845 7.964958194230483
4.6679705433132845 7.964958194230483
4.6679705433132845 7.964958194230483
4.6679705433132845 7.964958194230483
4.6679705433132845 7.964958194230483
4.6679705433132845 7.964958194230483
4.6679705433132845 7.964958194230483
5.252946348602536 8.068105211764639
5.252946348602536 8.068105211764639
5.252946348602536 8.068105211764639
5.252946348602536 8.068105211764639
5.252946348602536 8.068105211764639
5.252946348602536 8.068105211764639
5.252946348602536 8.068105211764639
5.252946348602536 8.068105211764639
5.252946348602536 8.068105211764639
5.252946348602536 8.068105211764639
5.252946348602536 8.068105211764639
5.252946348602536 8.068105211764639
5.252946348602536 8.068105211764639
5.252946348602536 8.068105211764639
5.252946348602536 8.068105211764639
5.252946348602536 8.068105211764639
5.252946348602536 8.068105211764639
5.651721774898662 8.254057246930547
5.651721774898662 8.254057246930547
5.651721774898662 8.254057246930547
5.651721774898662 8.254057246930547
5.651721774898662 8.254057246930547
5.651721774898662 8.254057246930547
5.651721774898662 8.254057246930547
5.651721774898662 8.254057246930547
5.651721774898662 8.254057246930547
5.651721774898662 8.254057246930547
5.651721774898662 8.254057246930547
5.651721774898662 8.254057246930547
5.651721774898662 8.254057246930547
5.651721774898662 8.254057246930547
5.651721774898662 8.254057246930547
5.651721774898662 8.254057246930547
5.651721774898662 8.254057246930547
5.651721774898662 8.254057246930547
5.651721774898662 8.254057246930547
5.651721774898662 8.254057246930547
5.651721774898662 8.254057246930547
5.651721774898662 8.254057246930547
5.651721774898662 8.254057246930547
5.651721774898662 8.254057246930547
5.651721774898662 8.254057246930547
5.651721774898662 8.254057246930547
5.651721774898662 8.254057246930547
5.651721774898662 8.254057246930547
5.651721774898662 8.254057246930547
5.651721774898662 8.254057246930547
5.651721774898662 8.254057246930547
5.651721774898662 8.254057246930547
5.651721774898662 8.254057246930547
5.651721774898662 8.254057246930547
5.651721774898662 8.254057246930547
5.651721774898662 8.254057246930547
5.651721774898662 8.254057246930547
5.651721774898662 8.254057246930547
5.651721774898662 8.254057246930547
5.651721774898662 8.254057246930547
5.651721774898662 8.254057246930547
5.651721774898662 8.254057246930547
5.651721774898662 8.254057246930547
5.651721774898662 8.254057246930547
5.651721774898662 8.254057246930547
5.651721774898662 8.254057246930547
5.651721774898662 8.254057246930547
5.651721774898662 8.254057246930547
5.934548323160739 8.591116801902897
5.934548323160739 8.591116801902897
5.934548323160739 8.591116801902897
5.934548323160739 8.591116801902897
5.934548323160739 8.591116801902897
5.934548323160739 8.591116801902897
5.934548323160739 8.591116801902897
5.934548323160739 8.591116801902897
5.934548323160739 8.591116801902897
5.934548323160739 8.591116801902897
5.934548323160739 8.591116801902897
5.934548323160739 8.591116801902897
5.934548323160739 8.591116801902897
5.934548323160739 8.591116801902897
5.934548323160739 8.591116801902897
5.934548323160739 8.591116801902897
5.934548323160739 8.591116801902897
5.934548323160739 8.591116801902897
5.934548323160739 8.591116801902897
5.934548323160739 8.591116801902897
5.934548323160739 8.591116801902897
5.934548323160739 8.591116801902897
5.934548323160739 8.591116801902897
5.934548323160739 8.591116801902897
5.934548323160739 8.591116801902897
5.934548323160739 8.591116801902897
5.934548323160739 8.591116801902897
5.934548323160739 8.591116801902897
5.934548323160739 8.591116801902897
5.934548323160739 8.591116801902897
5.934548323160739 8.591116801902897
5.934548323160739 8.591116801902897
5.934548323160739 8.591116801902897
5.934548323160739 8.591116801902897
5.934548323160739 8.591116801902897
5.934548323160739 8.591116801902897
5.934548323160739 8.591116801902897
5.934548323160739 8.591116801902897
5.934548323160739 8.591116801902897
5.934548323160739 8.591116801902897
5.934548323160739 8.591116801902897
5.934548323160739 8.591116801902897
5.934548323160739 8.591116801902897
5.934548323160739 8.591116801902897
5.934548323160739 8.591116801902897
5.934548323160739 8.591116801902897
5.934548323160739 8.591116801902897
5.934548323160739 8.591116801902897
5.934548323160739 8.591116801902897
5.85227330200695 9.531524596901505
5.85227330200695 9.531524596901505
5.85227330200695 9.531524596901505
5.85227330200695 9.531524596901505
5.85227330200695 9.531524596901505
5.85227330200695 9.531524596901505
5.85227330200695 9.531524596901505
5.85227330200695 9.531524596901505
5.85227330200695 9.531524596901505
5.85227330200695 9.531524596901505
5.85227330200695 9.531524596901505
5.85227330200695 9.531524596901505
5.85227330200695 9.531524596901505
5.85227330200695 9.531524596901505
5.85227330200695 9.531524596901505
5.85227330200695 9.531524596901505
5.85227330200695 9.531524596901505
5.85227330200695 9.531524596901505
5.85227330200695 9.531524596901505
5.85227330200695 9.531524596901505
5.85227330200695 9.531524596901505
5.85227330200695 9.531524596901505
5.85227330200695 9.531524596901505
5.85227330200695 9.531524596901505
5.85227330200695 9.531524596901505
5.85227330200695 9.531524596901505
5.85227330200695 9.531524596901505
5.85227330200695 9.531524596901505
5.85227330200695 9.531524596901505
5.85227330200695 9.531524596901505
5.85227330200695 9.531524596901505
5.85227330200695 9.531524596901505
5.85227330200695 9.531524596901505
5.85227330200695 9.531524596901505
5.85227330200695 9.531524596901505
5.85227330200695 9.531524596901505
5.85227330200695 9.531524596901505
5.85227330200695 9.531524596901505
5.899163091605191 10.067477344474865
5.899163091605191 10.067477344474865
5.899163091605191 10.067477344474865
5.899163091605191 10.067477344474865
5.899163091605191 10.067477344474865
5.899163091605191 10.067477344474865
5.899163091605191 10.067477344474865
5.899163091605191 10.067477344474865
5.899163091605191 10.067477344474865
5.899163091605191 10.067477344474865
5.899163091605191 10.067477344474865
5.899163091605191 10.067477344474865
5.899163091605191 10.067477344474865
5.899163091605191 10.067477344474865
5.899163091605191 10.067477344474865
5.899163091605191 10.067477344474865
5.899163091605191 10.067477344474865
5.899163091605191 10.067477344474865
5.899163091605191 10.067477344474865
5.899163091605191 10.067477344474865
5.899163091605191 10.067477344474865
5.899163091605191 10.067477344474865
5.899163091605191 10.067477344474865
5.899163091605191 10.067477344474865
5.899163091605191 10.067477344474865
5.899163091605191 10.067477344474865
5.899163091605191 10.067477344474865
5.899163091605191 10.067477344474865
5.899163091605191 10.067477344474865
5.899163091605191 10.067477344474865
5.899163091605191 10.067477344474865
5.899163091605191 10.067477344474865
5.899163091605191 10.067477344474865
5.899163091605191 10.067477344474865
5.899163091605191 10.067477344474865
5.899163091605191 10.067477344474865
5.899163091605191 10.067477344474865
5.899163091605191 10.067477344474865
5.899163091605191 10.067477344474865
5.899163091605191 10.067477344474865
5.899163091605191 10.067477344474865
5.899163091605191 10.067477344474865
5.899163091605191 10.067477344474865
5.899163091605191 10.067477344474865
5.899163091605191 10.067477344474865
5.899163091605191 10.067477344474865
5.899163091605191 10.067477344474865
5.899163091605191 10.067477344474865
