0.0 0.0
0.0 0.0
0.0 0.0
0.0 0.0
0.0 0.0
0.0 0.0
0.0 0.0
0.0 0.0
0.0 0.0
0.0 0.0
0.0 0.0
0.0 0.0
0.0 0.0
0.0 0.0
0.0 0.0
0.0 0.0
0.0 0.0
0.0 0.0
0.0 0.0
0.0 0.0
0.0 0.0
0.0 0.0
0.0 0.0
0.0 0.0
0.0 0.0
0.0 0.0
0.0 0.0
0.0 0.0
0.0 0.0
0.0 0.0
0.0 0.0
0.0 0.0
0.0 0.0
0.0 0.0
0.0 0.0
0.0 0.0
0.0 0.0
0.0 0.0
0.0 0.0
0.0 0.0
0.0 0.0
0.0 0.0
0.0 0.0
0.0 0.0
0.0 0.0
0.0 0.0
0.0 0.0
0.0 0.0
0.0 0.0
0.0 0.0
0.0 0.0
0.0 0.0
0.0 0.0
0.0 0.0
0.0 0.0
0.0 0.0
0.0 0.0
0.0 0.0
0.0 0.0
0.0 0.0
0.0 0.0
0.0 0.0
0.0 0.0
0.0 0.0
0.0 0.0
0.0 0.0
0.0 0.0
0.0 0.0
0.0 0.0
0.0 0.0
0.0 0.0
0.0 0.0
0.0 0.0
0.0 0.0
0.0 0.0
0.0 0.0
0.0 0.0
0.0 0.0
0.0 0.0
0.0 0.0
0.0 0.0
0.0 0.0
0.0 0.0
0.0 0.0
0.0 0.0
0.0 0.0
0.0 0.0
0.0 0.0
0.0 0.0
0.0 0.0
0.0 0.0
0.0 0.0
0.0 0.0
0.0 0.0
0.0 0.0
0.0 0.0
0.0 0.0
0.0 0.0
0.0 0.0
0.0 0.0
0.0 0.0
0.0 0.0
0.0 0.0
0.0 0.0
0.0 0.0
0.0 0.0
0.0 0.0
0.0 0.0
0.0 0.0
0.0 0.0
0.0 0.0
0.0 0.0
0.0 0.0
0.0 0.0
0.0 0.0
0.0 0.0
0.0 0.0
0.0 0.0
0.0 0.0
0.0 0.0
0.0 0.0
0.0 0.0
0.0 0.0
0.0 0.0
0.0 0.0
0.0 0.0
0.0 0.0
0.0 0.0
0.0 0.0
0.0 0.0
0.0 0.0
0.0 0.0
0.0 0.0
0.0 0.0
0.0 0.0
0.0 0.0
0.0 0.0
0.0 0.0
0.0 0.0
0.0 0.0
0.0 0.0
0.0 0.0
0.0 0.0
0.0 0.0
0.0 0.0
0.0 0.0
0.0 0.0
0.0 0.0
0.0 0.0
0.0 0.0
0.0 0.0
0.0 0.0
0.0 0.0
0.0 0.0
0.0 0.0
0.0 0.0
0.0 0.0
0.0 0.0
0.0 0.0
0.0 0.0
0.0 0.0
0.0 0.0
0.0 0.0
0.0 0.0
0.0 0.0
0.0 0.0
0.0 0.0
0.0 0.0
0.0 0.0
0.0 0.0
0.0 0.0
0.0 0.0
0.0 0.0
0.0 0.0
0.0 0.0
0.0 0.0
0.0 0.0
0.0 0.0
0.0 0.0
0.0 0.0
0.0 0.0
0.0 0.0
0.0 0.0
0.0 0.0
0.0 0.0
0.0 0.0
0.0 0.0
0.0 0.0
0.0 0.0
0.0 0.0
-0.563846199119928 0.049330150395174535
-0.563846199119928 0.049330150395174535
-0.563846199119928 0.049330150395174535
-0.563846199119928 0.049330150395174535
-0.563846199119928 0.049330150395174535
-0.563846199119928 0.049330150395174535
-0.563846199119928 0.049330150395174535
-0.563846199119928 0.049330150395174535
-0.563846199119928 0.049330150395174535
-0.563846199119928 0.049330150395174535
-0.563846199119928 0.049330150395174535
-0.563846199119928 0.049330150395174535
-0.563846199119928 0.049330150395174535
-0.563846199119928 0.049330150395174535
-0.563846199119928 0.049330150395174535
-0.563846199119928 0.049330150395174535
-0.563846199119928 0.049330150395174535
-0.563846199119928 0.049330150395174535
-0.563846199119928 0.049330150395174535
-0.563846199119928 0.049330150395174535
-0.563846199119928 0.049330150395174535
-0.563846199119928 0.049330150395174535
-0.563846199119928 0.049330150395174535
-0.563846199119928 0.049330150395174535
-0.563846199119928 0.049330150395174535
-0.563846199119928 0.049330150395174535
-0.563846199119928 0.049330150395174535
-0.563846199119928 0.049330150395174535
-0.563846199119928 0.049330150395174535
-0.563846199119928 0.049330150395174535
-0.563846199119928 0.049330150395174535
-0.563846199119928 0.049330150395174535
-0.563846199119928 0.049330150395174535
-0.563846199119928 0.049330150395174535
-0.563846199119928 0.049330150395174535
-0.563846199119928 0.049330150395174535
-0.563846199119928 0.049330150395174535
-0.563846199119928 0.049330150395174535
-0.563846199119928 0.049330150395174535
-0.563846199119928 0.049330150395174535
-0.563846199119928 0.049330150395174535
-0.563846199119928 0.049330150395174535
-0.563846199119928 0.049330150395174535
-0.563846199119928 0.049330150395174535
-0.563846199119928 0.049330150395174535
-0.563846199119928 0.049330150395174535
-0.563846199119928 0.049330150395174535
-0.563846199119928 0.049330150395174535
-0.563846199119928 0.049330150395174535
-0.563846199119928 0.049330150395174535
-1.0719054951467182 0.09377957919648022
-1.0719054951467182 0.09377957919648022
-1.0719054951467182 0.09377957919648022
-1.0719054951467182 0.09377957919648022
-1.0719054951467182 0.09377957919648022
-1.0719054951467182 0.09377957919648022
-1.0719054951467182 0.09377957919648022
-1.0719054951467182 0.09377957919648022
-1.0719054951467182 0.09377957919648022
-1.468390984987233 0.12846756481004817
-1.468390984987233 0.12846756481004817
-1.468390984987233 0.12846756481004817
-1.468390984987233 0.12846756481004817
-1.468390984987233 0.12846756481004817
-1.468390984987233 0.12846756481004817
-1.468390984987233 0.12846756481004817
-1.468390984987233 0.12846756481004817
-1.468390984987233 0.12846756481004817
-1.468390984987233 0.12846756481004817
-1.468390984987233 0.12846756481004817
-1.468390984987233 0.12846756481004817
-1.468390984987233 0.12846756481004817
-1.468390984987233 0.12846756481004817
-1.468390984987233 0.12846756481004817
-1.468390984987233 0.12846756481004817
-1.468390984987233 0.12846756481004817
-1.468390984987233 0.12846756481004817
-1.468390984987233 0.12846756481004817
-1.468390984987233 0.12846756481004817
-1.9485568294674542 0.17047663281441944
-1.9485568294674542 0.17047663281441944
-1.9485568294674542 0.17047663281441944
-1.9485568294674542 0.17047663281441944
-1.9485568294674542 0.17047663281441944
-1.9485568294674542 0.17047663281441944
-1.9485568294674542 0.17047663281441944
-1.9485568294674542 0.17047663281441944
-1.9485568294674542 0.17047663281441944
-1.9485568294674542 0.17047663281441944
-1.9485568294674542 0.17047663281441944
-1.9485568294674542 0.17047663281441944
-1.9485568294674542 0.17047663281441944
-1.9485568294674542 0.17047663281441944
-1.9485568294674542 0.17047663281441944
-1.9485568294674542 0.17047663281441944
-1.9485568294674542 0.17047663281441944
-1.9485568294674542 0.17047663281441944
-1.9485568294674542 0.17047663281441944
-1.9485568294674542 0.17047663281441944
-1.9485568294674542 0.17047663281441944
-1.9485568294674542 0.17047663281441944
-1.9485568294674542 0.17047663281441944
-1.9485568294674542 0.17047663281441944
-1.9485568294674542 0.17047663281441944
-1.9485568294674542 0.17047663281441944
-1.9485568294674542 0.17047663281441944
-1.9485568294674542 0.17047663281441944
-1.9485568294674542 0.17047663281441944
-1.9485568294674542 0.17047663281441944
-1.9485568294674542 0.17047663281441944
-2.4008292224011067 0.21004534002185626
-2.4008292224011067 0.21004534002185626
-2.4008292224011067 0.21004534002185626
-2.4008292224011067 0.21004534002185626
-2.4008292224011067 0.21004534002185626
-2.4008292224011067 0.21004534002185626
-2.4008292224011067 0.21004534002185626
-2.4008292224011067 0.21004534002185626
-2.4008292224011067 0.21004534002185626
-2.4008292224011067 0.21004534002185626
-2.4008292224011067 0.21004534002185626
-2.4008292224011067 0.21004534002185626
-2.4008292224011067 0.21004534002185626
-2.4008292224011067 0.21004534002185626
-2.4008292224011067 0.21004534002185626
-2.4008292224011067 0.21004534002185626
-2.4008292224011067 0.21004534002185626
-2.4008292224011067 0.21004534002185626
-2.4008292224011067 0.21004534002185626
-2.4008292224011067 0.21004534002185626
-2.4008292224011067 0.21004534002185626
-2.4008292224011067 0.21004534002185626
-2.4008292224011067 0.21004534002185626
-2.4008292224011067 0.21004534002185626
-2.4008292224011067 0.21004534002185626
-2.4008292224011067 0.21004534002185626
-2.4008292224011067 0.21004534002185626
-2.839154889561475 0.24839386683082587
-2.839154889561475 0.24839386683082587
-2.839154889561475 0.24839386683082587
-2.839154889561475 0.24839386683082587
-2.839154889561475 0.24839386683082587
-2.839154889561475 0.24839386683082587
-2.839154889561475 0.24839386683082587
-2.839154889561475 0.24839386683082587
-2.839154889561475 0.24839386683082587
-2.839154889561475 0.24839386683082587
-2.839154889561475 0.24839386683082587
-2.839154889561475 0.24839386683082587
-2.839154889561475 0.24839386683082587
-2.839154889561475 0.24839386683082587
-2.839154889561475 0.24839386683082587
-2.839154889561475 0.24839386683082587
-2.839154889561475 0.24839386683082587
-2.839154889561475 0.24839386683082587
-2.839154889561475 0.24839386683082587
-2.839154889561475 0.24839386683082587
-2.839154889561475 0.24839386683082587
-2.839154889561475 0.24839386683082587
-2.839154889561475 0.24839386683082587
-2.839154889561475 0.24839386683082587
-2.839154889561475 0.24839386683082587
-2.839154889561475 0.24839386683082587
-3.249587105175274 0.28430203284286104
-3.249587105175274 0.28430203284286104
-3.249587105175274 0.28430203284286104
-3.249587105175274 0.28430203284286104
-3.249587105175274 0.28430203284286104
-3.249587105175274 0.28430203284286104
-3.249587105175274 0.28430203284286104
-3.249587105175274 0.28430203284286104
-3.249587105175274 0.28430203284286104
-3.249587105175274 0.28430203284286104
-3.249587105175274 0.28430203284286104
-3.249587105175274 0.28430203284286104
-3.249587105175274 0.28430203284286104
-3.249587105175274 0.28430203284286104
-3.249587105175274 0.28430203284286104
-3.249587105175274 0.28430203284286104
-3.249587105175274 0.28430203284286104
-3.249587105175274 0.28430203284286104
-3.249587105175274 0.28430203284286104
-3.249587105175274 0.28430203284286104
-3.249587105175274 0.28430203284286104
-3.249587105175274 0.28430203284286104
-3.249587105175274 0.28430203284286104
-3.249587105175274 0.28430203284286104
-3.249587105175274 0.28430203284286104
-3.687912772335642 0.32265055965183065
-3.687912772335642 0.32265055965183065
-3.687912772335642 0.32265055965183065
-3.687912772335642 0.32265055965183065
-3.687912772335642 0.32265055965183065
-3.687912772335642 0.32265055965183065
-3.687912772335642 0.32265055965183065
-3.687912772335642 0.32265055965183065
-3.687912772335642 0.32265055965183065
-3.687912772335642 0.32265055965183065
-3.687912772335642 0.32265055965183065
-3.687912772335642 0.32265055965183065
-3.687912772335642 0.32265055965183065
-3.687912772335642 0.32265055965183065
-3.687912772335642 0.32265055965183065
-3.687912772335642 0.32265055965183065
-3.687912772335642 0.32265055965183065
-3.687912772335642 0.32265055965183065
-3.687912772335642 0.32265055965183065
-3.687912772335642 0.32265055965183065
-3.687912772335642 0.32265055965183065
-3.687912772335642 0.32265055965183065
-3.687912772335642 0.32265055965183065
-3.687912772335642 0.32265055965183065
-3.687912772335642 0.32265055965183065
-3.687912772335642 0.32265055965183065
-3.687912772335642 0.32265055965183065
-3.687912772335642 0.32265055965183065
-3.687912772335642 0.32265055965183065
-3.687912772335642 0.32265055965183065
-4.140185165269294 0.3622192668592675
-4.140185165269294 0.3622192668592675
-4.140185165269294 0.3622192668592675
-4.140185165269294 0.3622192668592675
-4.140185165269294 0.3622192668592675
-4.140185165269294 0.3622192668592675
-4.140185165269294 0.3622192668592675
-4.140185165269294 0.3622192668592675
-4.140185165269294 0.3622192668592675
-4.140185165269294 0.3622192668592675
-4.140185165269294 0.3622192668592675
-4.140185165269294 0.3622192668592675
-4.140185165269294 0.3622192668592675
-4.140185165269294 0.3622192668592675
-4.140185165269294 0.3622192668592675
-4.140185165269294 0.3622192668592675
-4.140185165269294 0.3622192668592675
-4.140185165269294 0.3622192668592675
-4.140185165269294 0.3622192668592675
-4.140185165269294 0.3622192668592675
-4.140185165269294 0.3622192668592675
-4.140185165269294 0.3622192668592675
-4.140185165269294 0.3622192668592675
-4.140185165269294 0.3622192668592675
-4.140185165269294 0.3622192668592675
-4.140185165269294 0.3622192668592675
-4.140185165269294 0.3622192668592675
-4.522723929336524 0.3956870720743682
-4.522723929336524 0.3956870720743682
-4.522723929336524 0.3956870720743682
-4.522723929336524 0.3956870720743682
-4.522723929336524 0.3956870720743682
-4.522723929336524 0.3956870720743682
-4.522723929336524 0.3956870720743682
-4.522723929336524 0.3956870720743682
-4.522723929336524 0.3956870720743682
-4.522723929336524 0.3956870720743682
-4.522723929336524 0.3956870720743682
-4.522723929336524 0.3956870720743682
-4.522723929336524 0.3956870720743682
-4.522723929336524 0.3956870720743682
-4.522723929336524 0.3956870720743682
-4.522723929336524 0.3956870720743682
-4.522723929336524 0.3956870720743682
-4.522723929336524 0.3956870720743682
-4.522723929336524 0.3956870720743682
-4.522723929336524 0.3956870720743682
-4.522723929336524 0.3956870720743682
-4.522723929336524 0.3956870720743682
-4.522723929336524 0.3956870720743682
-4.522723929336524 0.3956870720743682
-4.522723929336524 0.3956870720743682
-4.522723929336524 0.3956870720743682
-4.522723929336524 0.3956870720743682
-4.522723929336524 0.3956870720743682
-4.522723929336524 0.3956870720743682
-4.522723929336524 0.3956870720743682
-4.522723929336524 0.3956870720743682
-4.947102870723608 0.4328154184848706
-4.947102870723608 0.4328154184848706
-4.947102870723608 0.4328154184848706
-4.947102870723608 0.4328154184848706
-4.947102870723608 0.4328154184848706
-4.947102870723608 0.4328154184848706
-4.947102870723608 0.4328154184848706
-4.947102870723608 0.4328154184848706
-4.947102870723608 0.4328154184848706
-4.947102870723608 0.4328154184848706
-4.947102870723608 0.4328154184848706
-4.947102870723608 0.4328154184848706
-4.947102870723608 0.4328154184848706
-4.947102870723608 0.4328154184848706
-4.947102870723608 0.4328154184848706
-4.947102870723608 0.4328154184848706
-4.947102870723608 0.4328154184848706
-4.947102870723608 0.4328154184848706
-4.947102870723608 0.4328154184848706
-4.947102870723608 0.4328154184848706
-4.947102870723608 0.4328154184848706
-4.947102870723608 0.4328154184848706
-4.947102870723608 0.4328154184848706
-4.947102870723608 0.4328154184848706
-4.947102870723608 0.4328154184848706
-4.947102870723608 0.4328154184848706
-4.947102870723608 0.4328154184848706
-4.947102870723608 0.4328154184848706
-4.947102870723608 0.4328154184848706
-4.947102870723608 0.4328154184848706
-4.947102870723608 0.4328154184848706
-4.947102870723608 0.4328154184848706
-4.947102870723608 0.4328154184848706
-4.947102870723608 0.4328154184848706
-4.947102870723608 0.4328154184848706
-4.947102870723608 0.4328154184848706
-4.947102870723608 0.4328154184848706
-4.947102870723608 0.4328154184848706
-4.947102870723608 0.4328154184848706
-4.947102870723608 0.4328154184848706
-4.947102870723608 0.4328154184848706
-4.947102870723608 0.4328154184848706
-4.947102870723608 0.4328154184848706
-4.947102870723608 0.4328154184848706
-4.947102870723608 0.4328154184848706
-4.947102870723608 0.4328154184848706
-4.947102870723608 0.4328154184848706
-4.947102870723608 0.4328154184848706
-4.947102870723608 0.4328154184848706
-4.947102870723608 0.4328154184848706
-4.947102870723608 0.4328154184848706
-4.947102870723608 0.4328154184848706
-4.947102870723608 0.4328154184848706
-4.947102870723608 0.4328154184848706
-4.947102870723608 0.4328154184848706
-4.947102870723608 0.4328154184848706
-4.947102870723608 0.4328154184848706
-4.947102870723608 0.4328154184848706
-4.947102870723608 0.4328154184848706
-4.947102870723608 0.4328154184848706
-4.947102870723608 0.4328154184848706
-5.8177770368557935 0.5089895376463238
-5.8177770368557935 0.5089895376463238
-5.8177770368557935 0.5089895376463238
-5.8177770368557935 0.5089895376463238
-5.8177770368557935 0.5089895376463238
-5.8177770368557935 0.5089895376463238
-5.8177770368557935 0.5089895376463238
-5.8177770368557935 0.5089895376463238
-5.8177770368557935 0.5089895376463238
-5.8177770368557935 0.5089895376463238
-5.8177770368557935 0.5089895376463238
-5.8177770368557935 0.5089895376463238
-5.8177770368557935 0.5089895376463238
-5.8177770368557935 0.5089895376463238
-5.8177770368557935 0.5089895376463238
-5.8177770368557935 0.5089895376463238
-5.8177770368557935 0.5089895376463238
-5.8177770368557935 0.5089895376463238
-5.8177770368557935 0.5089895376463238
-5.8177770368557935 0.5089895376463238
-5.8177770368557935 0.5089895376463238
-5.8177770368557935 0.5089895376463238
-5.8177770368557935 0.5089895376463238
-5.8177770368557935 0.5089895376463238
-5.8177770368557935 0.5089895376463238
-5.8177770368557935 0.5089895376463238
-5.8177770368557935 0.5089895376463238
-5.8177770368557935 0.5089895376463238
-5.8177770368557935 0.5089895376463238
-5.8177770368557935 0.5089895376463238
-5.8177770368557935 0.5089895376463238
-5.8177770368557935 0.5089895376463238
-5.8177770368557935 0.5089895376463238
-5.8177770368557935 0.5089895376463238
-5.8177770368557935 0.5089895376463238
-5.8177770368557935 0.5089895376463238
-5.8177770368557935 0.5089895376463238
-5.8177770368557935 0.5089895376463238
-5.8177770368557935 0.5089895376463238
-5.8177770368557935 0.5089895376463238
-5.8177770368557935 0.5089895376463238
-5.8177770368557935 0.5089895376463238
-5.8177770368557935 0.5089895376463238
-5.8177770368557935 0.5089895376463238
-5.8177770368557935 0.5089895376463238
-5.8177770368557935 0.5089895376463238
-5.8177770368557935 0.5089895376463238
-5.8177770368557935 0.5089895376463238
-5.8177770368557935 0.5089895376463238
-5.8177770368557935 0.5089895376463238
-5.8177770368557935 0.5089895376463238
-5.8177770368557935 0.5089895376463238
-5.8177770368557935 0.5089895376463238
-5.8177770368557935 0.5089895376463238
-5.8177770368557935 0.5089895376463238
-6.495777036855793 0.5089895376463239
-6.495777036855793 0.5089895376463239
-6.495777036855793 0.5089895376463239
-6.495777036855793 0.5089895376463239
-6.495777036855793 0.5089895376463239
-6.495777036855793 0.5089895376463239
-6.495777036855793 0.5089895376463239
-6.495777036855793 0.5089895376463239
-6.495777036855793 0.5089895376463239
-6.495777036855793 0.5089895376463239
-6.495777036855793 0.5089895376463239
-6.495777036855793 0.5089895376463239
-6.495777036855793 0.5089895376463239
-6.935777036855793 0.5089895376463239
-6.935777036855793 0.5089895376463239
-6.935777036855793 0.5089895376463239
-6.935777036855793 0.5089895376463239
-6.935777036855793 0.5089895376463239
-6.935777036855793 0.5089895376463239
-6.935777036855793 0.5089895376463239
-6.935777036855793 0.5089895376463239
-6.935777036855793 0.5089895376463239
-6.935777036855793 0.5089895376463239
-6.935777036855793 0.5089895376463239
-6.935777036855793 0.5089895376463239
-6.935777036855793 0.5089895376463239
-6.935777036855793 0.5089895376463239
-6.935777036855793 0.5089895376463239
-6.935777036855793 0.5089895376463239
-6.935777036855793 0.5089895376463239
-6.935777036855793 0.5089895376463239
-6.935777036855793 0.5089895376463239
-6.935777036855793 0.5089895376463239
-6.935777036855793 0.5089895376463239
-6.935777036855793 0.5089895376463239
-6.935777036855793 0.5089895376463239
-6.935777036855793 0.5089895376463239
-6.935777036855793 0.5089895376463239
-6.935777036855793 0.5089895376463239
-6.935777036855793 0.5089895376463239
-6.935777036855793 0.5089895376463239
-7.401996155562729 0.549778425252228
-7.401996155562729 0.549778425252228
-7.401996155562729 0.549778425252228
-7.401996155562729 0.549778425252228
-7.401996155562729 0.549778425252228
-7.401996155562729 0.549778425252228
-7.401996155562729 0.549778425252228
-7.401996155562729 0.549778425252228
-7.401996155562729 0.549778425252228
-7.401996155562729 0.549778425252228
-7.401996155562729 0.549778425252228
-7.401996155562729 0.549778425252228
-7.401996155562729 0.549778425252228
-7.401996155562729 0.549778425252228
-7.401996155562729 0.549778425252228
-7.401996155562729 0.549778425252228
-7.401996155562729 0.549778425252228
-7.401996155562729 0.549778425252228
-7.401996155562729 0.549778425252228
-7.401996155562729 0.549778425252228
-7.401996155562729 0.549778425252228
-7.401996155562729 0.549778425252228
-7.401996155562729 0.549778425252228
-7.401996155562729 0.549778425252228
-7.401996155562729 0.549778425252228
-7.401996155562729 0.549778425252228
-7.401996155562729 0.549778425252228
-7.401996155562729 0.549778425252228
-7.401996155562729 0.549778425252228
-7.401996155562729 0.549778425252228
-7.855996155562729 0.5497784252522281
-7.855996155562729 0.5497784252522281
-7.855996155562729 0.5497784252522281
-7.855996155562729 0.5497784252522281
-7.855996155562729 0.5497784252522281
-7.855996155562729 0.5497784252522281
-7.855996155562729 0.5497784252522281
-7.855996155562729 0.5497784252522281
-7.855996155562729 0.5497784252522281
-7.855996155562729 0.5497784252522281
-7.855996155562729 0.5497784252522281
-7.855996155562729 0.5497784252522281
-7.855996155562729 0.5497784252522281
-7.855996155562729 0.5497784252522281
-7.855996155562729 0.5497784252522281
-7.855996155562729 0.5497784252522281
-7.855996155562729 0.5497784252522281
-7.855996155562729 0.5497784252522281
-7.855996155562729 0.5497784252522281
-7.855996155562729 0.5497784252522281
-7.855996155562729 0.5497784252522281
-7.855996155562729 0.5497784252522281
-7.855996155562729 0.5497784252522281
-7.855996155562729 0.5497784252522281
-7.855996155562729 0.5497784252522281
-7.855996155562729 0.5497784252522281
-8.322215274269666 0.5905673128581321
-8.322215274269666 0.5905673128581321
-8.322215274269666 0.5905673128581321
-8.322215274269666 0.5905673128581321
-8.322215274269666 0.5905673128581321
-8.322215274269666 0.5905673128581321
-8.322215274269666 0.5905673128581321
-8.322215274269666 0.5905673128581321
-8.322215274269666 0.5905673128581321
-8.322215274269666 0.5905673128581321
-8.322215274269666 0.5905673128581321
-8.322215274269666 0.5905673128581321
-8.322215274269666 0.5905673128581321
-8.322215274269666 0.5905673128581321
-8.322215274269666 0.5905673128581321
-8.322215274269666 0.5905673128581321
-8.322215274269666 0.5905673128581321
-8.322215274269666 0.5905673128581321
-8.322215274269666 0.5905673128581321
-8.322215274269666 0.5905673128581321
-8.322215274269666 0.5905673128581321
-8.322215274269666 0.5905673128581321
-8.322215274269666 0.5905673128581321
-8.322215274269666 0.5905673128581321
-8.322215274269666 0.5905673128581321
-8.322215274269666 0.5905673128581321
-8.322215274269666 0.5905673128581321
-8.322215274269666 0.5905673128581321
-8.322215274269666 0.5905673128581321
-8.322215274269666 0.5905673128581321
-8.788434392976603 0.6313562004640362
-8.788434392976603 0.6313562004640362
-8.788434392976603 0.6313562004640362
-8.788434392976603 0.6313562004640362
-8.788434392976603 0.6313562004640362
-8.788434392976603 0.6313562004640362
-8.788434392976603 0.6313562004640362
-8.788434392976603 0.6313562004640362
-8.788434392976603 0.6313562004640362
-8.788434392976603 0.6313562004640362
-8.788434392976603 0.6313562004640362
-8.788434392976603 0.6313562004640362
-8.788434392976603 0.6313562004640362
-8.788434392976603 0.6313562004640362
-8.788434392976603 0.6313562004640362
-8.788434392976603 0.6313562004640362
-8.788434392976603 0.6313562004640362
-8.788434392976603 0.6313562004640362
-8.788434392976603 0.6313562004640362
-8.788434392976603 0.6313562004640362
-8.788434392976603 0.6313562004640362
-8.788434392976603 0.6313562004640362
-8.788434392976603 0.6313562004640362
-9.212813334363686 0.6684845468745386
-9.212813334363686 0.6684845468745386
-9.212813334363686 0.6684845468745386
-9.212813334363686 0.6684845468745386
-9.212813334363686 0.6684845468745386
-9.212813334363686 0.6684845468745386
-9.212813334363686 0.6684845468745386
-9.212813334363686 0.6684845468745386
-9.212813334363686 0.6684845468745386
-9.212813334363686 0.6684845468745386
-9.212813334363686 0.6684845468745386
-9.212813334363686 0.6684845468745386
-9.212813334363686 0.6684845468745386
-9.212813334363686 0.6684845468745386
-9.212813334363686 0.6684845468745386
-9.212813334363686 0.6684845468745386
-9.212813334363686 0.6684845468745386
-9.212813334363686 0.6684845468745386
-9.212813334363686 0.6684845468745386
-9.212813334363686 0.6684845468745386
-9.212813334363686 0.6684845468745386
-9.212813334363686 0.6684845468745386
-9.212813334363686 0.6684845468745386
-9.212813334363686 0.6684845468745386
-9.212813334363686 0.6684845468745386
-9.212813334363686 0.6684845468745386
-9.212813334363686 0.6684845468745386
-9.212813334363686 0.6684845468745386
-9.212813334363686 0.6684845468745386
-9.212813334363686 0.6684845468745386
-9.212813334363686 0.6684845468745386
-9.212813334363686 0.6684845468745386
-9.212813334363686 0.6684845468745386
-9.212813334363686 0.6684845468745386
-9.212813334363686 0.6684845468745386
-9.212813334363686 0.6684845468745386
-9.212813334363686 0.6684845468745386
-9.212813334363686 0.6684845468745386
-9.212813334363686 0.6684845468745386
-9.212813334363686 0.6684845468745386
-9.212813334363686 0.6684845468745386
-9.212813334363686 0.6684845468745386
-9.212813334363686 0.6684845468745386
-9.212813334363686 0.6684845468745386
-9.212813334363686 0.6684845468745386
-9.212813334363686 0.6684845468745386
-9.212813334363686 0.6684845468745386
-9.212813334363686 0.6684845468745386
-9.212813334363686 0.6684845468745386
-9.212813334363686 0.6684845468745386
-9.212813334363686 0.6684845468745386
-9.212813334363686 0.6684845468745386
-9.212813334363686 0.6684845468745386
-9.212813334363686 0.6684845468745386
-9.212813334363686 0.6684845468745386
-9.212813334363686 0.6684845468745386
-9.212813334363686 0.6684845468745386
-9.212813334363686 0.6684845468745386
-9.212813334363686 0.6684845468745386
-9.212813334363686 0.6684845468745386
-9.212813334363686 0.6684845468745386
-9.212813334363686 0.6684845468745386
-9.212813334363686 0.6684845468745386
-9.212813334363686 0.6684845468745386
-9.212813334363686 0.6684845468745386
-9.212813334363686 0.6684845468745386
-9.212813334363686 0.6684845468745386
-9.212813334363686 0.6684845468745386
-9.212813334363686 0.6684845468745386
-9.212813334363686 0.6684845468745386
-9.212813334363686 0.6684845468745386
-9.212813334363686 0.6684845468745386
-9.212813334363686 0.6684845468745386
-9.212813334363686 0.6684845468745386
-9.212813334363686 0.6684845468745386
-9.212813334363686 0.6684845468745386
-9.212813334363686 0.6684845468745386
-9.212813334363686 0.6684845468745386
-9.212813334363686 0.6684845468745386
-9.212813334363686 0.6684845468745386
-9.212813334363686 0.6684845468745386
-9.212813334363686 0.6684845468745386
-9.212813334363686 0.6684845468745386
-9.212813334363686 0.6684845468745386
-9.212813334363686 0.6684845468745386
-9.212813334363686 0.6684845468745386
-9.212813334363686 0.6684845468745386
-9.212813334363686 0.6684845468745386
-9.212813334363686 0.6684845468745386
-9.212813334363686 0.6684845468745386
-9.212813334363686 0.6684845468745386
-9.212813334363686 0.6684845468745386
-9.212813334363686 0.6684845468745386
-9.212813334363686 0.6684845468745386
-9.212813334363686 0.6684845468745386
-9.212813334363686 0.6684845468745386
-9.212813334363686 0.6684845468745386
-9.212813334363686 0.6684845468745386
-9.212813334363686 0.6684845468745386
-9.212813334363686 0.6684845468745386
-9.212813334363686 0.6684845468745386
-9.596813334363686 0.6684845468745386
-9.596813334363686 0.6684845468745386
-9.596813334363686 0.6684845468745386
-9.596813334363686 0.6684845468745386
-9.596813334363686 0.6684845468745386
-9.596813334363686 0.6684845468745386
-9.596813334363686 0.6684845468745386
-9.596813334363686 0.6684845468745386
-9.596813334363686 0.6684845468745386
-9.596813334363686 0.6684845468745386
-9.596813334363686 0.6684845468745386
-9.596813334363686 0.6684845468745386
-10.036813334363686 0.6684845468745386
-10.036813334363686 0.6684845468745386
-10.036813334363686 0.6684845468745386
-10.036813334363686 0.6684845468745386
-10.036813334363686 0.6684845468745386
-10.036813334363686 0.6684845468745386
-10.036813334363686 0.6684845468745386
-10.036813334363686 0.6684845468745386
-10.036813334363686 0.6684845468745386
-10.036813334363686 0.6684845468745386
-10.036813334363686 0.6684845468745386
-10.036813334363686 0.6684845468745386
-10.036813334363686 0.6684845468745386
-10.036813334363686 0.6684845468745386
-10.036813334363686 0.6684845468745386
-10.036813334363686 0.6684845468745386
-10.036813334363686 0.6684845468745386
-10.036813334363686 0.6684845468745386
-10.036813334363686 0.6684845468745386
-10.036813334363686 0.6684845468745386
-10.036813334363686 0.6684845468745386
-10.036813334363686 0.6684845468745386
-10.036813334363686 0.6684845468745386
-10.036813334363686 0.6684845468745386
-10.036813334363686 0.6684845468745386
-10.036813334363686 0.6684845468745386
-10.036813334363686 0.6684845468745386
-10.036813334363686 0.6684845468745386
-10.036813334363686 0.6684845468745386
-10.036813334363686 0.6684845468745386
-10.036813334363686 0.6684845468745386
-10.036813334363686 0.6684845468745386
-10.036813334363686 0.6684845468745386
-10.036813334363686 0.6684845468745386
-10.036813334363686 0.6684845468745386
-10.036813334363686 0.6684845468745386
-10.036813334363686 0.6684845468745386
-10.036813334363686 0.6684845468745386
-10.036813334363686 0.6684845468745386
-10.036813334363686 0.6684845468745386
-10.036813334363686 0.6684845468745386
-10.036813334363686 0.6684845468745386
-10.036813334363686 0.6684845468745386
-10.036813334363686 0.6684845468745386
-10.036813334363686 0.6684845468745386
-10.036813334363686 0.6684845468745386
-10.036813334363686 0.6684845468745386
-10.036813334363686 0.6684845468745386
-10.036813334363686 0.6684845468745386
-10.036813334363686 0.6684845468745386
-10.036813334363686 0.6684845468745386
-10.036813334363686 0.6684845468745386
-10.036813334363686 0.6684845468745386
-10.036813334363686 0.6684845468745386
-10.036813334363686 0.6684845468745386
-10.036813334363686 0.6684845468745386
-10.036813334363686 0.6684845468745386
-10.036813334363686 0.6684845468745386
-10.036813334363686 0.6684845468745386
-10.036813334363686 0.6684845468745386
-10.036813334363686 0.6684845468745386
-10.036813334363686 0.6684845468745386
-10.036813334363686 0.6684845468745386
-10.036813334363686 0.6684845468745386
-10.036813334363686 0.6684845468745386
-10.036813334363686 0.6684845468745386
-10.036813334363686 0.6684845468745386
-10.036813334363686 0.6684845468745386
-10.036813334363686 0.6684845468745386
-10.036813334363686 0.6684845468745386
-10.036813334363686 0.6684845468745386
-10.036813334363686 0.6684845468745386
-10.036813334363686 0.6684845468745386
-10.036813334363686 0.6684845468745386
-10.036813334363686 0.6684845468745386
-10.036813334363686 0.6684845468745386
-10.036813334363686 0.6684845468745386
-10.036813334363686 0.6684845468745386
-10.036813334363686 0.6684845468745386
-10.036813334363686 0.6684845468745386
-10.036813334363686 0.6684845468745386
-10.036813334363686 0.6684845468745386
-10.036813334363686 0.6684845468745386
-10.036813334363686 0.6684845468745386
-10.036813334363686 0.6684845468745386
-10.036813334363686 0.6684845468745386
-10.036813334363686 0.6684845468745386
-10.036813334363686 0.6684845468745386
-10.036813334363686 0.6684845468745386
-10.036813334363686 0.6684845468745386
-10.036813334363686 0.6684845468745386
-10.036813334363686 0.6684845468745386
-10.036813334363686 0.6684845468745386
-10.036813334363686 0.6684845468745386
-10.036813334363686 0.6684845468745386
-10.036813334363686 0.6684845468745386
-10.036813334363686 0.6684845468745386
-10.036813334363686 0.6684845468745386
-10.036813334363686 0.6684845468745386
-10.036813334363686 0.6684845468745386
-10.036813334363686 0.6684845468745386
-10.036813334363686 0.6684845468745386
-10.036813334363686 0.6684845468745386
-10.036813334363686 0.6684845468745386
-10.036813334363686 0.6684845468745386
-10.036813334363686 0.6684845468745386
-10.036813334363686 0.6684845468745386
-10.036813334363686 0.6684845468745386
-10.036813334363686 0.6684845468745386
-10.036813334363686 0.6684845468745386
-10.036813334363686 0.6684845468745386
-10.036813334363686 0.6684845468745386
-10.036813334363686 0.6684845468745386
-10.036813334363686 0.6684845468745386
-10.036813334363686 0.6684845468745386
-10.036813334363686 0.6684845468745386
-10.036813334363686 0.6684845468745386
-10.036813334363686 0.6684845468745386
-10.036813334363686 0.6684845468745386
-10.036813334363686 0.6684845468745386
-10.036813334363686 0.6684845468745386
-10.036813334363686 0.6684845468745386
-10.036813334363686 0.6684845468745386
-10.036813334363686 0.6684845468745386
-10.036813334363686 0.6684845468745386
-10.036813334363686 0.6684845468745386
-10.036813334363686 0.6684845468745386
-10.036813334363686 0.6684845468745386
-10.036813334363686 0.6684845468745386
-10.036813334363686 0.6684845468745386
-10.036813334363686 0.6684845468745386
-10.036813334363686 0.6684845468745386
-10.036813334363686 0.6684845468745386
-10.036813334363686 0.6684845468745386
-10.036813334363686 0.6684845468745386
-10.036813334363686 0.6684845468745386
-10.036813334363686 0.6684845468745386
-10.036813334363686 0.6684845468745386
-10.036813334363686 0.6684845468745386
-10.036813334363686 0.6684845468745386
-10.036813334363686 0.6684845468745386
-10.036813334363686 0.6684845468745386
-10.036813334363686 0.6684845468745386
-10.036813334363686 0.6684845468745386
-10.036813334363686 0.6684845468745386
-10.036813334363686 0.6684845468745386
-10.036813334363686 0.6684845468745386
-10.036813334363686 0.6684845468745386
-10.036813334363686 0.6684845468745386
-10.036813334363686 0.6684845468745386
-10.036813334363686 0.6684845468745386
-10.036813334363686 0.6684845468745386
-10.036813334363686 0.6684845468745386
-10.036813334363686 0.6684845468745386
-10.036813334363686 0.6684845468745386
-10.036813334363686 0.6684845468745386
-10.036813334363686 0.6684845468745386
-10.036813334363686 0.6684845468745386
-10.036813334363686 0.6684845468745386
-10.036813334363686 0.6684845468745386
-10.036813334363686 0.6684845468745386
-10.036813334363686 0.6684845468745386
-10.036813334363686 0.6684845468745386
-10.036813334363686 0.6684845468745386
-11.102741661321854 0.7617411916145329
-11.102741661321854 0.7617411916145329
-11.102741661321854 0.7617411916145329
-11.102741661321854 0.7617411916145329
-11.102741661321854 0.7617411916145329
-11.102741661321854 0.7617411916145329
-11.102741661321854 0.7617411916145329
-11.102741661321854 0.7617411916145329
-11.102741661321854 0.7617411916145329
-11.102741661321854 0.7617411916145329
-11.102741661321854 0.7617411916145329
-11.102741661321854 0.7617411916145329
-11.102741661321854 0.7617411916145329
-11.102741661321854 0.7617411916145329
-11.102741661321854 0.7617411916145329
-11.102741661321854 0.7617411916145329
-11.102741661321854 0.7617411916145329
-11.102741661321854 0.7617411916145329
-11.102741661321854 0.7617411916145329
-11.102741661321854 0.7617411916145329
-11.102741661321854 0.7617411916145329
-11.102741661321854 0.7617411916145329
-11.102741661321854 0.7617411916145329
-11.102741661321854 0.7617411916145329
-11.694481311988351 0.8135117028066419
-11.694481311988351 0.8135117028066419
-11.694481311988351 0.8135117028066419
-11.694481311988351 0.8135117028066419
-11.694481311988351 0.8135117028066419
-11.694481311988351 0.8135117028066419
-11.694481311988351 0.8135117028066419
-11.694481311988351 0.8135117028066419
-11.694481311988351 0.8135117028066419
-11.694481311988351 0.8135117028066419
-11.694481311988351 0.8135117028066419
-11.694481311988351 0.8135117028066419
-11.694481311988351 0.8135117028066419
-11.694481311988351 0.8135117028066419
-11.694481311988351 0.8135117028066419
-11.694481311988351 0.8135117028066419
-11.694481311988351 0.8135117028066419
-12.127796723313724 0.8899169009800911
-12.127796723313724 0.8899169009800911
-12.127796723313724 0.8899169009800911
-12.127796723313724 0.8899169009800911
-12.127796723313724 0.8899169009800911
-12.127796723313724 0.8899169009800911
-12.127796723313724 0.8899169009800911
-12.127796723313724 0.8899169009800911
-12.127796723313724 0.8899169009800911
-12.127796723313724 0.8899169009800911
-12.127796723313724 0.8899169009800911
-12.127796723313724 0.8899169009800911
-12.127796723313724 0.8899169009800911
-12.127796723313724 0.8899169009800911
-12.127796723313724 0.8899169009800911
-12.127796723313724 0.8899169009800911
-12.127796723313724 0.8899169009800911
-12.127796723313724 0.8899169009800911
-12.127796723313724 0.8899169009800911
-12.127796723313724 0.8899169009800911
-12.127796723313724 0.8899169009800911
-12.127796723313724 0.8899169009800911
-12.127796723313724 0.8899169009800911
-12.127796723313724 0.8899169009800911
-12.127796723313724 0.8899169009800911
-12.127796723313724 0.8899169009800911
-12.127796723313724 0.8899169009800911
-12.127796723313724 0.8899169009800911
-12.127796723313724 0.8899169009800911
-12.127796723313724 0.8899169009800911
-12.127796723313724 0.8899169009800911
-12.127796723313724 0.8899169009800911
-12.127796723313724 0.8899169009800911
-12.127796723313724 0.8899169009800911
-12.127796723313724 0.8899169009800911
-12.127796723313724 0.8899169009800911
-12.127796723313724 0.8899169009800911
-12.127796723313724 0.8899169009800911
-12.127796723313724 0.8899169009800911
-12.127796723313724 0.8899169009800911
-12.127796723313724 0.8899169009800911
-12.127796723313724 0.8899169009800911
-12.127796723313724 0.8899169009800911
-12.127796723313724 0.8899169009800911
-12.127796723313724 0.8899169009800911
-12.127796723313724 0.8899169009800911
-12.127796723313724 0.8899169009800911
-12.127796723313724 0.8899169009800911
-12.561112134639096 0.9663220991535404
-12.561112134639096 0.9663220991535404
-12.561112134639096 0.9663220991535404
-12.561112134639096 0.9663220991535404
-12.561112134639096 0.9663220991535404
-12.561112134639096 0.9663220991535404
-12.561112134639096 0.9663220991535404
-12.561112134639096 0.9663220991535404
-12.561112134639096 0.9663220991535404
-12.561112134639096 0.9663220991535404
-12.561112134639096 0.9663220991535404
-12.561112134639096 0.9663220991535404
-12.561112134639096 0.9663220991535404
-12.561112134639096 0.9663220991535404
-12.561112134639096 0.9663220991535404
-12.561112134639096 0.9663220991535404
-12.561112134639096 0.9663220991535404
-12.561112134639096 0.9663220991535404
-12.561112134639096 0.9663220991535404
-12.561112134639096 0.9663220991535404
-12.561112134639096 0.9663220991535404
-12.561112134639096 0.9663220991535404
-12.561112134639096 0.9663220991535404
-12.561112134639096 0.9663220991535404
-12.561112134639096 0.9663220991535404
-12.561112134639096 0.9663220991535404
-12.561112134639096 0.9663220991535404
-12.561112134639096 0.9663220991535404
-12.561112134639096 0.9663220991535404
-12.561112134639096 0.9663220991535404
-12.561112134639096 0.9663220991535404
-12.561112134639096 0.9663220991535404
-12.561112134639096 0.9663220991535404
-12.561112134639096 0.9663220991535404
-12.561112134639096 0.9663220991535404
-12.561112134639096 0.9663220991535404
-12.561112134639096 0.9663220991535404
-12.561112134639096 0.9663220991535404
-12.561112134639096 0.9663220991535404
-12.561112134639096 0.9663220991535404
-12.561112134639096 0.9663220991535404
-12.561112134639096 0.9663220991535404
-12.561112134639096 0.9663220991535404
-12.561112134639096 0.9663220991535404
-12.561112134639096 0.9663220991535404
-12.561112134639096 0.9663220991535404
-12.561112134639096 0.9663220991535404
-12.561112134639096 0.9663220991535404
-12.561112134639096 0.9663220991535404
-13.501519929637704 1.0485971203073297
-13.501519929637704 1.0485971203073297
-13.501519929637704 1.0485971203073297
-13.501519929637704 1.0485971203073297
-13.501519929637704 1.0485971203073297
-13.501519929637704 1.0485971203073297
-13.501519929637704 1.0485971203073297
-13.501519929637704 1.0485971203073297
-13.501519929637704 1.0485971203073297
-13.501519929637704 1.0485971203073297
-13.501519929637704 1.0485971203073297
-13.501519929637704 1.0485971203073297
-13.501519929637704 1.0485971203073297
-13.501519929637704 1.0485971203073297
-13.501519929637704 1.0485971203073297
-13.501519929637704 1.0485971203073297
-13.501519929637704 1.0485971203073297
-13.501519929637704 1.0485971203073297
-13.501519929637704 1.0485971203073297
-13.501519929637704 1.0485971203073297
-13.501519929637704 1.0485971203073297
-13.501519929637704 1.0485971203073297
-13.501519929637704 1.0485971203073297
-13.501519929637704 1.0485971203073297
-13.501519929637704 1.0485971203073297
-13.501519929637704 1.0485971203073297
-13.501519929637704 1.0485971203073297
-13.501519929637704 1.0485971203073297
-13.501519929637704 1.0485971203073297
-13.501519929637704 1.0485971203073297
-13.501519929637704 1.0485971203073297
-13.501519929637704 1.0485971203073297
-13.501519929637704 1.0485971203073297
-13.501519929637704 1.0485971203073297
-13.501519929637704 1.0485971203073297
-13.501519929637704 1.0485971203073297
-13.501519929637704 1.0485971203073297
-13.501519929637704 1.0485971203073297
-14.037472677211063 1.0954869099055697
-14.037472677211063 1.0954869099055697
-14.037472677211063 1.0954869099055697
-14.037472677211063 1.0954869099055697
-14.037472677211063 1.0954869099055697
-14.037472677211063 1.0954869099055697
-14.037472677211063 1.0954869099055697
-14.037472677211063 1.0954869099055697
-14.037472677211063 1.0954869099055697
-14.037472677211063 1.0954869099055697
-14.037472677211063 1.0954869099055697
-14.037472677211063 1.0954869099055697
-14.037472677211063 1.0954869099055697
-14.037472677211063 1.0954869099055697
-14.037472677211063 1.0954869099055697
-14.037472677211063 1.0954869099055697
-14.037472677211063 1.0954869099055697
-14.037472677211063 1.0954869099055697
-14.037472677211063 1.0954869099055697
-14.037472677211063 1.0954869099055697
-14.037472677211063 1.0954869099055697
-14.037472677211063 1.0954869099055697
-14.037472677211063 1.0954869099055697
-14.037472677211063 1.0954869099055697
-14.037472677211063 1.0954869099055697
-14.037472677211063 1.0954869099055697
-14.037472677211063 1.0954869099055697
-14.037472677211063 1.0954869099055697
-14.037472677211063 1.0954869099055697
-14.037472677211063 1.0954869099055697
-14.037472677211063 1.0954869099055697
-14.037472677211063 1.0954869099055697
-14.037472677211063 1.0954869099055697
-14.037472677211063 1.0954869099055697
-14.037472677211063 1.0954869099055697
-14.037472677211063 1.0954869099055697
-14.037472677211063 1.0954869099055697
-14.037472677211063 1.0954869099055697
-14.037472677211063 1.0954869099055697
-14.037472677211063 1.0954869099055697
-14.037472677211063 1.0954869099055697
-14.037472677211063 1.0954869099055697
-14.037472677211063 1.0954869099055697
-14.037472677211063 1.0954869099055697
-14.037472677211063 1.0954869099055697
-14.037472677211063 1.0954869099055697
-14.037472677211063 1.0954869099055697
-14.037472677211063 1.0954869099055697
