0.0 0.0
0.0 0.0
0.0 0.0
0.0 0.0
0.0 0.0
0.0 0.0
0.0 0.0
0.0 0.0
0.0 0.0
0.0 0.0
0.0 0.0
0.0 0.0
0.0 0.0
0.0 0.0
0.0 0.0
0.0 0.0
0.0 0.0
0.0 0.0
0.0 0.0
0.0 0.0
0.0 0.0
0.0 0.0
0.0 0.0
0.0 0.0
0.0 0.0
0.0 0.0
0.0 0.0
0.0 0.0
0.0 0.0
0.0 0.0
0.0 0.0
0.0 0.0
0.0 0.0
0.0 0.0
0.0 0.0
0.0 0.0
0.0 0.0
0.0 0.0
0.0 0.0
0.0 0.0
0.0 0.0
0.0 0.0
0.0 0.0
0.0 0.0
0.0 0.0
0.0 0.0
0.0 0.0
0.0 0.0
0.0 0.0
0.0 0.0
0.0 0.0
0.0 0.0
0.0 0.0
0.0 0.0
0.0 0.0
0.0 0.0
0.0 0.0
0.0 0.0
0.0 0.0
0.0 0.0
0.0 0.0
0.0 0.0
0.0 0.0
0.0 0.0
0.0 0.0
0.0 0.0
0.0 0.0
0.0 0.0
0.0 0.0
0.0 0.0
0.0 0.0
0.0 0.0
0.0 0.0
0.0 0.0
0.0 0.0
0.0 0.0
0.0 0.0
0.0 0.0
0.0 0.0
0.0 0.0
0.0 0.0
0.0 0.0
0.0 0.0
0.0 0.0
0.0 0.0
0.0 0.0
0.0 0.0
0.0 0.0
0.0 0.0
0.0 0.0
0.0 0.0
0.0 0.0
0.0 0.0
0.0 0.0
0.0 0.0
0.0 0.0
0.0 0.0
0.0 0.0
0.0 0.0
0.0 0.0
0.0 0.0
0.0 0.0
0.0 0.0
0.0 0.0
0.0 0.0
0.0 0.0
0.0 0.0
0.0 0.0
0.0 0.0
0.0 0.0
0.0 0.0
0.0 0.0
0.0 0.0
0.0 0.0
0.0 0.0
0.0 0.0
0.0 0.0
0.0 0.0
0.0 0.0
0.0 0.0
0.0 0.0
0.0 0.0
0.0 0.0
0.0 0.0
0.0 0.0
0.0 0.0
0.0 0.0
0.0 0.0
0.0 0.0
0.0 0.0
0.0 0.0
0.0 0.0
0.0 0.0
0.0 0.0
0.0 0.0
0.0 0.0
0.0 0.0
0.0 0.0
0.0 0.0
0.0 0.0
0.0 0.0
0.0 0.0
0.0 0.0
0.0 0.0
0.0 0.0
0.0 0.0
0.0 0.0
0.0 0.0
0.2214519691521265 -0.4749052804072046
0.2214519691521265 -0.4749052804072046
0.2214519691521265 -0.4749052804072046
0.2214519691521265 -0.4749052804072046
0.2214519691521265 -0.4749052804072046
0.2214519691521265 -0.4749052804072046
0.2214519691521265 -0.4749052804072046
0.2214519691521265 -0.4749052804072046
0.2214519691521265 -0.4749052804072046
0.2214519691521265 -0.4749052804072046
0.2214519691521265 -0.4749052804072046
0.2214519691521265 -0.4749052804072046
0.2214519691521265 -0.4749052804072046
0.2214519691521265 -0.4749052804072046
0.2214519691521265 -0.4749052804072046
0.2214519691521265 -0.4749052804072046
0.2214519691521265 -0.4749052804072046
0.2214519691521265 -0.4749052804072046
0.2214519691521265 -0.4749052804072046
0.2214519691521265 -0.4749052804072046
0.40645196915212656 -0.7953346798074469
0.40645196915212656 -0.7953346798074469
0.40645196915212656 -0.7953346798074469
0.40645196915212656 -0.7953346798074469
0.40645196915212656 -0.7953346798074469
0.40645196915212656 -0.7953346798074469
0.40645196915212656 -0.7953346798074469
0.40645196915212656 -0.7953346798074469
0.40645196915212656 -0.7953346798074469
0.5914519691521266 -1.1157640792076893
0.5914519691521266 -1.1157640792076893
0.5914519691521266 -1.1157640792076893
0.5914519691521266 -1.1157640792076893
0.5914519691521266 -1.1157640792076893
0.5914519691521266 -1.1157640792076893
0.5914519691521266 -1.1157640792076893
0.5914519691521266 -1.1157640792076893
0.5914519691521266 -1.1157640792076893
0.5914519691521266 -1.1157640792076893
0.5914519691521266 -1.1157640792076893
0.5914519691521266 -1.1157640792076893
0.5914519691521266 -1.1157640792076893
0.5914519691521266 -1.1157640792076893
0.5914519691521266 -1.1157640792076893
0.5914519691521266 -1.1157640792076893
0.5914519691521266 -1.1157640792076893
0.5914519691521266 -1.1157640792076893
0.5914519691521266 -1.1157640792076893
0.5914519691521266 -1.1157640792076893
0.5914519691521266 -1.1157640792076893
0.5914519691521266 -1.1157640792076893
0.5914519691521266 -1.1157640792076893
0.5914519691521266 -1.1157640792076893
0.5914519691521266 -1.1157640792076893
0.5914519691521266 -1.1157640792076893
0.5914519691521266 -1.1157640792076893
0.5914519691521266 -1.1157640792076893
0.5914519691521266 -1.1157640792076893
0.5914519691521266 -1.1157640792076893
0.5914519691521266 -1.1157640792076893
0.5914519691521266 -1.1157640792076893
0.5914519691521266 -1.1157640792076893
0.5914519691521266 -1.1157640792076893
0.5914519691521266 -1.1157640792076893
0.5914519691521266 -1.1157640792076893
0.5914519691521266 -1.1157640792076893
1.1007878446318555 -1.8431710945363138
1.1007878446318555 -1.8431710945363138
1.1007878446318555 -1.8431710945363138
1.1007878446318555 -1.8431710945363138
1.1007878446318555 -1.8431710945363138
1.1007878446318555 -1.8431710945363138
1.1007878446318555 -1.8431710945363138
1.1007878446318555 -1.8431710945363138
1.1007878446318555 -1.8431710945363138
1.1007878446318555 -1.8431710945363138
1.1007878446318555 -1.8431710945363138
1.1007878446318555 -1.8431710945363138
1.1007878446318555 -1.8431710945363138
1.1007878446318555 -1.8431710945363138
1.1007878446318555 -1.8431710945363138
1.1007878446318555 -1.8431710945363138
1.1007878446318555 -1.8431710945363138
1.1007878446318555 -1.8431710945363138
1.1007878446318555 -1.8431710945363138
1.1007878446318555 -1.8431710945363138
1.1007878446318555 -1.8431710945363138
1.1007878446318555 -1.8431710945363138
1.1007878446318555 -1.8431710945363138
1.3531614766263158 -2.20359799402347
1.3531614766263158 -2.20359799402347
1.3531614766263158 -2.20359799402347
1.3531614766263158 -2.20359799402347
1.3531614766263158 -2.20359799402347
1.3531614766263158 -2.20359799402347
1.3531614766263158 -2.20359799402347
1.3531614766263158 -2.20359799402347
1.3531614766263158 -2.20359799402347
1.3531614766263158 -2.20359799402347
1.3531614766263158 -2.20359799402347
1.3531614766263158 -2.20359799402347
1.3531614766263158 -2.20359799402347
1.3531614766263158 -2.20359799402347
1.3531614766263158 -2.20359799402347
1.3531614766263158 -2.20359799402347
1.3531614766263158 -2.20359799402347
1.3531614766263158 -2.20359799402347
1.3531614766263158 -2.20359799402347
1.3531614766263158 -2.20359799402347
1.3531614766263158 -2.20359799402347
1.3531614766263158 -2.20359799402347
1.3531614766263158 -2.20359799402347
1.3531614766263158 -2.20359799402347
1.3531614766263158 -2.20359799402347
1.3531614766263158 -2.20359799402347
1.3531614766263158 -2.20359799402347
1.3531614766263158 -2.20359799402347
1.3531614766263158 -2.20359799402347
1.3531614766263158 -2.20359799402347
1.3531614766263158 -2.20359799402347
1.62469048060195 -2.475126997999104
1.62469048060195 -2.475126997999104
1.62469048060195 -2.475126997999104
1.62469048060195 -2.475126997999104
1.62469048060195 -2.475126997999104
1.62469048060195 -2.475126997999104
1.62469048060195 -2.475126997999104
1.62469048060195 -2.475126997999104
1.62469048060195 -2.475126997999104
1.62469048060195 -2.475126997999104
1.62469048060195 -2.475126997999104
1.62469048060195 -2.475126997999104
1.62469048060195 -2.475126997999104
1.62469048060195 -2.475126997999104
1.62469048060195 -2.475126997999104
1.62469048060195 -2.475126997999104
1.62469048060195 -2.475126997999104
1.62469048060195 -2.475126997999104
1.62469048060195 -2.475126997999104
1.62469048060195 -2.475126997999104
1.62469048060195 -2.475126997999104
1.62469048060195 -2.475126997999104
1.62469048060195 -2.475126997999104
1.62469048060195 -2.475126997999104
1.62469048060195 -2.475126997999104
1.62469048060195 -2.475126997999104
1.62469048060195 -2.475126997999104
1.62469048060195 -2.475126997999104
1.62469048060195 -2.475126997999104
1.62469048060195 -2.475126997999104
1.62469048060195 -2.475126997999104
1.62469048060195 -2.475126997999104
1.62469048060195 -2.475126997999104
1.62469048060195 -2.475126997999104
1.62469048060195 -2.475126997999104
1.62469048060195 -2.475126997999104
1.62469048060195 -2.475126997999104
1.62469048060195 -2.475126997999104
1.62469048060195 -2.475126997999104
1.62469048060195 -2.475126997999104
1.62469048060195 -2.475126997999104
1.62469048060195 -2.475126997999104
1.62469048060195 -2.475126997999104
1.62469048060195 -2.475126997999104
1.62469048060195 -2.475126997999104
1.62469048060195 -2.475126997999104
1.62469048060195 -2.475126997999104
1.62469048060195 -2.475126997999104
1.62469048060195 -2.475126997999104
1.62469048060195 -2.475126997999104
1.62469048060195 -2.475126997999104
1.62469048060195 -2.475126997999104
1.62469048060195 -2.475126997999104
1.62469048060195 -2.475126997999104
1.62469048060195 -2.475126997999104
1.62469048060195 -2.475126997999104
1.62469048060195 -2.475126997999104
2.005741658267103 -2.695126997999104
2.005741658267103 -2.695126997999104
2.005741658267103 -2.695126997999104
2.005741658267103 -2.695126997999104
2.005741658267103 -2.695126997999104
2.005741658267103 -2.695126997999104
2.005741658267103 -2.695126997999104
2.005741658267103 -2.695126997999104
2.005741658267103 -2.695126997999104
2.005741658267103 -2.695126997999104
2.005741658267103 -2.695126997999104
2.005741658267103 -2.695126997999104
2.005741658267103 -2.695126997999104
2.005741658267103 -2.695126997999104
2.005741658267103 -2.695126997999104
2.005741658267103 -2.695126997999104
2.005741658267103 -2.695126997999104
2.005741658267103 -2.695126997999104
2.005741658267103 -2.695126997999104
2.005741658267103 -2.695126997999104
2.005741658267103 -2.695126997999104
2.005741658267103 -2.695126997999104
2.005741658267103 -2.695126997999104
2.005741658267103 -2.695126997999104
2.005741658267103 -2.695126997999104
2.005741658267103 -2.695126997999104
2.005741658267103 -2.695126997999104
2.005741658267103 -2.695126997999104
2.005741658267103 -2.695126997999104
2.005741658267103 -2.695126997999104
2.005741658267103 -2.695126997999104
2.827033008833987 -2.994052603265738
2.827033008833987 -2.994052603265738
2.827033008833987 -2.994052603265738
2.827033008833987 -2.994052603265738
2.827033008833987 -2.994052603265738
2.827033008833987 -2.994052603265738
2.827033008833987 -2.994052603265738
2.827033008833987 -2.994052603265738
2.827033008833987 -2.994052603265738
2.827033008833987 -2.994052603265738
2.827033008833987 -2.994052603265738
2.827033008833987 -2.994052603265738
2.827033008833987 -2.994052603265738
2.827033008833987 -2.994052603265738
2.827033008833987 -2.994052603265738
2.827033008833987 -2.994052603265738
2.827033008833987 -2.994052603265738
2.827033008833987 -2.994052603265738
2.827033008833987 -2.994052603265738
2.827033008833987 -2.994052603265738
2.827033008833987 -2.994052603265738
2.827033008833987 -2.994052603265738
2.827033008833987 -2.994052603265738
2.827033008833987 -2.994052603265738
2.827033008833987 -2.994052603265738
2.827033008833987 -2.994052603265738
2.827033008833987 -2.994052603265738
2.827033008833987 -2.994052603265738
2.827033008833987 -2.994052603265738
2.827033008833987 -2.994052603265738
2.827033008833987 -2.994052603265738
3.279086295537271 -3.1151799163737177
3.279086295537271 -3.1151799163737177
3.279086295537271 -3.1151799163737177
3.279086295537271 -3.1151799163737177
3.279086295537271 -3.1151799163737177
3.279086295537271 -3.1151799163737177
3.279086295537271 -3.1151799163737177
3.279086295537271 -3.1151799163737177
3.279086295537271 -3.1151799163737177
3.279086295537271 -3.1151799163737177
3.279086295537271 -3.1151799163737177
3.279086295537271 -3.1151799163737177
3.279086295537271 -3.1151799163737177
3.279086295537271 -3.1151799163737177
3.279086295537271 -3.1151799163737177
3.279086295537271 -3.1151799163737177
3.279086295537271 -3.1151799163737177
3.279086295537271 -3.1151799163737177
3.279086295537271 -3.1151799163737177
3.279086295537271 -3.1151799163737177
3.279086295537271 -3.1151799163737177
3.279086295537271 -3.1151799163737177
3.279086295537271 -3.1151799163737177
3.279086295537271 -3.1151799163737177
3.279086295537271 -3.1151799163737177
3.279086295537271 -3.1151799163737177
3.279086295537271 -3.1151799163737177
3.279086295537271 -3.1151799163737177
3.279086295537271 -3.1151799163737177
3.279086295537271 -3.1151799163737177
3.279086295537271 -3.1151799163737177
3.279086295537271 -3.1151799163737177
3.279086295537271 -3.1151799163737177
3.279086295537271 -3.1151799163737177
3.279086295537271 -3.1151799163737177
3.279086295537271 -3.1151799163737177
3.279086295537271 -3.1151799163737177
3.279086295537271 -3.1151799163737177
3.279086295537271 -3.1151799163737177
3.279086295537271 -3.1151799163737177
3.279086295537271 -3.1151799163737177
3.279086295537271 -3.1151799163737177
3.279086295537271 -3.1151799163737177
3.279086295537271 -3.1151799163737177
3.279086295537271 -3.1151799163737177
3.279086295537271 -3.1151799163737177
3.279086295537271 -3.1151799163737177
3.279086295537271 -3.1151799163737177
3.279086295537271 -3.1151799163737177
3.279086295537271 -3.1151799163737177
3.7592521400174923 -3.157188984378089
3.7592521400174923 -3.157188984378089
3.7592521400174923 -3.157188984378089
3.7592521400174923 -3.157188984378089
3.7592521400174923 -3.157188984378089
3.7592521400174923 -3.157188984378089
3.7592521400174923 -3.157188984378089
3.7592521400174923 -3.157188984378089
3.7592521400174923 -3.157188984378089
3.7592521400174923 -3.157188984378089
3.7592521400174923 -3.157188984378089
3.7592521400174923 -3.157188984378089
3.7592521400174923 -3.157188984378089
3.7592521400174923 -3.157188984378089
3.7592521400174923 -3.157188984378089
3.7592521400174923 -3.157188984378089
4.267311436044283 -3.2016384131793947
4.267311436044283 -3.2016384131793947
4.267311436044283 -3.2016384131793947
4.267311436044283 -3.2016384131793947
4.267311436044283 -3.2016384131793947
4.267311436044283 -3.2016384131793947
4.267311436044283 -3.2016384131793947
4.267311436044283 -3.2016384131793947
4.267311436044283 -3.2016384131793947
4.267311436044283 -3.2016384131793947
4.267311436044283 -3.2016384131793947
4.267311436044283 -3.2016384131793947
4.267311436044283 -3.2016384131793947
4.267311436044283 -3.2016384131793947
4.267311436044283 -3.2016384131793947
4.267311436044283 -3.2016384131793947
4.267311436044283 -3.2016384131793947
4.267311436044283 -3.2016384131793947
4.267311436044283 -3.2016384131793947
4.267311436044283 -3.2016384131793947
4.267311436044283 -3.2016384131793947
4.267311436044283 -3.2016384131793947
4.267311436044283 -3.2016384131793947
4.267311436044283 -3.2016384131793947
4.267311436044283 -3.2016384131793947
4.267311436044283 -3.2016384131793947
4.267311436044283 -3.2016384131793947
4.267311436044283 -3.2016384131793947
4.267311436044283 -3.2016384131793947
4.267311436044283 -3.2016384131793947
4.267311436044283 -3.2016384131793947
4.267311436044283 -3.2016384131793947
4.267311436044283 -3.2016384131793947
4.267311436044283 -3.2016384131793947
4.267311436044283 -3.2016384131793947
4.267311436044283 -3.2016384131793947
4.267311436044283 -3.2016384131793947
4.267311436044283 -3.2016384131793947
4.267311436044283 -3.2016384131793947
4.267311436044283 -3.2016384131793947
4.267311436044283 -3.2016384131793947
4.267311436044283 -3.2016384131793947
4.267311436044283 -3.2016384131793947
4.267311436044283 -3.2016384131793947
4.267311436044283 -3.2016384131793947
4.267311436044283 -3.2016384131793947
4.267311436044283 -3.2016384131793947
4.267311436044283 -3.2016384131793947
4.267311436044283 -3.2016384131793947
4.267311436044283 -3.2016384131793947
4.267311436044283 -3.2016384131793947
4.267311436044283 -3.2016384131793947
4.267311436044283 -3.2016384131793947
4.267311436044283 -3.2016384131793947
4.267311436044283 -3.2016384131793947
4.267311436044283 -3.2016384131793947
4.267311436044283 -3.2016384131793947
4.267311436044283 -3.2016384131793947
4.267311436044283 -3.2016384131793947
4.267311436044283 -3.2016384131793947
4.267311436044283 -3.2016384131793947
4.267311436044283 -3.2016384131793947
4.267311436044283 -3.2016384131793947
4.267311436044283 -3.2016384131793947
4.267311436044283 -3.2016384131793947
4.267311436044283 -3.2016384131793947
4.267311436044283 -3.2016384131793947
4.267311436044283 -3.2016384131793947
4.267311436044283 -3.2016384131793947
4.267311436044283 -3.2016384131793947
4.267311436044283 -3.2016384131793947
4.267311436044283 -3.2016384131793947
4.267311436044283 -3.2016384131793947
4.267311436044283 -3.2016384131793947
4.267311436044283 -3.2016384131793947
4.267311436044283 -3.2016384131793947
4.267311436044283 -3.2016384131793947
4.267311436044283 -3.2016384131793947
4.267311436044283 -3.2016384131793947
4.267311436044283 -3.2016384131793947
4.267311436044283 -3.2016384131793947
4.267311436044283 -3.2016384131793947
4.267311436044283 -3.2016384131793947
4.267311436044283 -3.2016384131793947
4.267311436044283 -3.2016384131793947
4.267311436044283 -3.2016384131793947
4.267311436044283 -3.2016384131793947
4.267311436044283 -3.2016384131793947
4.267311436044283 -3.2016384131793947
4.267311436044283 -3.2016384131793947
4.267311436044283 -3.2016384131793947
4.267311436044283 -3.2016384131793947
4.267311436044283 -3.2016384131793947
4.267311436044283 -3.2016384131793947
4.267311436044283 -3.2016384131793947
4.267311436044283 -3.2016384131793947
4.267311436044283 -3.2016384131793947
4.267311436044283 -3.2016384131793947
4.267311436044283 -3.2016384131793947
4.267311436044283 -3.2016384131793947
4.267311436044283 -3.2016384131793947
4.267311436044283 -3.2016384131793947
4.267311436044283 -3.2016384131793947
4.267311436044283 -3.2016384131793947
4.267311436044283 -3.2016384131793947
4.267311436044283 -3.2016384131793947
4.267311436044283 -3.2016384131793947
4.267311436044283 -3.2016384131793947
4.267311436044283 -3.2016384131793947
4.267311436044283 -3.2016384131793947
4.267311436044283 -3.2016384131793947
4.267311436044283 -3.2016384131793947
4.267311436044283 -3.2016384131793947
4.267311436044283 -3.2016384131793947
4.267311436044283 -3.2016384131793947
4.267311436044283 -3.2016384131793947
4.267311436044283 -3.2016384131793947
4.267311436044283 -3.2016384131793947
4.267311436044283 -3.2016384131793947
4.267311436044283 -3.2016384131793947
4.267311436044283 -3.2016384131793947
4.267311436044283 -3.2016384131793947
4.267311436044283 -3.2016384131793947
4.267311436044283 -3.2016384131793947
4.267311436044283 -3.2016384131793947
4.267311436044283 -3.2016384131793947
4.267311436044283 -3.2016384131793947
4.267311436044283 -3.2016384131793947
4.267311436044283 -3.2016384131793947
4.267311436044283 -3.2016384131793947
4.267311436044283 -3.2016384131793947
4.267311436044283 -3.2016384131793947
4.267311436044283 -3.2016384131793947
4.267311436044283 -3.2016384131793947
4.267311436044283 -3.2016384131793947
4.267311436044283 -3.2016384131793947
4.267311436044283 -3.2016384131793947
4.267311436044283 -3.2016384131793947
4.267311436044283 -3.2016384131793947
4.267311436044283 -3.2016384131793947
4.267311436044283 -3.2016384131793947
4.267311436044283 -3.2016384131793947
4.267311436044283 -3.2016384131793947
4.267311436044283 -3.2016384131793947
4.267311436044283 -3.2016384131793947
4.267311436044283 -3.2016384131793947
4.267311436044283 -3.2016384131793947
4.267311436044283 -3.2016384131793947
4.267311436044283 -3.2016384131793947
4.267311436044283 -3.2016384131793947
4.267311436044283 -3.2016384131793947
4.267311436044283 -3.2016384131793947
4.267311436044283 -3.2016384131793947
4.267311436044283 -3.2016384131793947
4.267311436044283 -3.2016384131793947
4.267311436044283 -3.2016384131793947
4.267311436044283 -3.2016384131793947
4.267311436044283 -3.2016384131793947
4.267311436044283 -3.2016384131793947
4.267311436044283 -3.2016384131793947
4.267311436044283 -3.2016384131793947
4.267311436044283 -3.2016384131793947
4.267311436044283 -3.2016384131793947
4.267311436044283 -3.2016384131793947
4.267311436044283 -3.2016384131793947
4.267311436044283 -3.2016384131793947
4.267311436044283 -3.2016384131793947
4.267311436044283 -3.2016384131793947
4.267311436044283 -3.2016384131793947
4.267311436044283 -3.2016384131793947
4.267311436044283 -3.2016384131793947
4.267311436044283 -3.2016384131793947
4.267311436044283 -3.2016384131793947
4.267311436044283 -3.2016384131793947
4.267311436044283 -3.2016384131793947
4.267311436044283 -3.2016384131793947
4.267311436044283 -3.2016384131793947
4.267311436044283 -3.2016384131793947
4.267311436044283 -3.2016384131793947
4.267311436044283 -3.2016384131793947
4.267311436044283 -3.2016384131793947
4.267311436044283 -3.2016384131793947
4.267311436044283 -3.2016384131793947
4.267311436044283 -3.2016384131793947
4.267311436044283 -3.2016384131793947
4.267311436044283 -3.2016384131793947
4.267311436044283 -3.2016384131793947
4.267311436044283 -3.2016384131793947
4.267311436044283 -3.2016384131793947
4.267311436044283 -3.2016384131793947
4.267311436044283 -3.2016384131793947
4.267311436044283 -3.2016384131793947
4.267311436044283 -3.2016384131793947
4.267311436044283 -3.2016384131793947
4.267311436044283 -3.2016384131793947
4.267311436044283 -3.2016384131793947
4.267311436044283 -3.2016384131793947
4.267311436044283 -3.2016384131793947
4.267311436044283 -3.2016384131793947
4.061311436044282 -2.844835946820206
4.061311436044282 -2.844835946820206
4.061311436044282 -2.844835946820206
4.061311436044282 -2.844835946820206
4.061311436044282 -2.844835946820206
4.061311436044282 -2.844835946820206
4.061311436044282 -2.844835946820206
4.061311436044282 -2.844835946820206
4.061311436044282 -2.844835946820206
4.061311436044282 -2.844835946820206
4.061311436044282 -2.844835946820206
4.061311436044282 -2.844835946820206
4.061311436044282 -2.844835946820206
4.061311436044282 -2.844835946820206
4.061311436044282 -2.844835946820206
4.061311436044282 -2.844835946820206
4.061311436044282 -2.844835946820206
4.061311436044282 -2.844835946820206
4.061311436044282 -2.844835946820206
4.061311436044282 -2.844835946820206
4.061311436044282 -2.844835946820206
4.061311436044282 -2.844835946820206
4.061311436044282 -2.844835946820206
4.061311436044282 -2.844835946820206
4.061311436044282 -2.844835946820206
4.061311436044282 -2.844835946820206
4.061311436044282 -2.844835946820206
4.061311436044282 -2.844835946820206
3.906034290974429 -2.4182154969834038
3.906034290974429 -2.4182154969834038
3.906034290974429 -2.4182154969834038
3.906034290974429 -2.4182154969834038
3.906034290974429 -2.4182154969834038
3.906034290974429 -2.4182154969834038
3.906034290974429 -2.4182154969834038
3.906034290974429 -2.4182154969834038
3.906034290974429 -2.4182154969834038
3.906034290974429 -2.4182154969834038
3.906034290974429 -2.4182154969834038
3.906034290974429 -2.4182154969834038
3.906034290974429 -2.4182154969834038
3.906034290974429 -2.4182154969834038
3.906034290974429 -2.4182154969834038
3.906034290974429 -2.4182154969834038
3.906034290974429 -2.4182154969834038
3.906034290974429 -2.4182154969834038
3.906034290974429 -2.4182154969834038
3.906034290974429 -2.4182154969834038
3.906034290974429 -2.4182154969834038
3.906034290974429 -2.4182154969834038
3.906034290974429 -2.4182154969834038
3.906034290974429 -2.4182154969834038
3.906034290974429 -2.4182154969834038
3.906034290974429 -2.4182154969834038
3.906034290974429 -2.4182154969834038
3.906034290974429 -2.4182154969834038
3.731915567137261 -2.0448166887243038
3.731915567137261 -2.0448166887243038
3.731915567137261 -2.0448166887243038
3.731915567137261 -2.0448166887243038
3.731915567137261 -2.0448166887243038
3.731915567137261 -2.0448166887243038
3.731915567137261 -2.0448166887243038
3.731915567137261 -2.0448166887243038
3.731915567137261 -2.0448166887243038
3.731915567137261 -2.0448166887243038
3.731915567137261 -2.0448166887243038
3.731915567137261 -2.0448166887243038
3.731915567137261 -2.0448166887243038
3.731915567137261 -2.0448166887243038
3.731915567137261 -2.0448166887243038
3.731915567137261 -2.0448166887243038
3.731915567137261 -2.0448166887243038
3.731915567137261 -2.0448166887243038
3.731915567137261 -2.0448166887243038
3.731915567137261 -2.0448166887243038
3.731915567137261 -2.0448166887243038
3.731915567137261 -2.0448166887243038
3.731915567137261 -2.0448166887243038
3.731915567137261 -2.0448166887243038
3.731915567137261 -2.0448166887243038
3.731915567137261 -2.0448166887243038
3.731915567137261 -2.0448166887243038
3.586214986080526 -1.644507632269507
3.586214986080526 -1.644507632269507
3.586214986080526 -1.644507632269507
3.586214986080526 -1.644507632269507
3.586214986080526 -1.644507632269507
3.586214986080526 -1.644507632269507
3.586214986080526 -1.644507632269507
3.586214986080526 -1.644507632269507
3.586214986080526 -1.644507632269507
3.586214986080526 -1.644507632269507
3.586214986080526 -1.644507632269507
3.586214986080526 -1.644507632269507
3.586214986080526 -1.644507632269507
3.586214986080526 -1.644507632269507
3.586214986080526 -1.644507632269507
3.586214986080526 -1.644507632269507
3.586214986080526 -1.644507632269507
3.586214986080526 -1.644507632269507
3.586214986080526 -1.644507632269507
3.586214986080526 -1.644507632269507
3.586214986080526 -1.644507632269507
3.586214986080526 -1.644507632269507
3.586214986080526 -1.644507632269507
3.586214986080526 -1.644507632269507
3.586214986080526 -1.644507632269507
3.586214986080526 -1.644507632269507
3.430937841010673 -1.2178871824327047
3.430937841010673 -1.2178871824327047
3.430937841010673 -1.2178871824327047
3.430937841010673 -1.2178871824327047
3.430937841010673 -1.2178871824327047
3.430937841010673 -1.2178871824327047
3.430937841010673 -1.2178871824327047
3.430937841010673 -1.2178871824327047
3.430937841010673 -1.2178871824327047
3.430937841010673 -1.2178871824327047
3.430937841010673 -1.2178871824327047
3.430937841010673 -1.2178871824327047
3.430937841010673 -1.2178871824327047
3.430937841010673 -1.2178871824327047
3.430937841010673 -1.2178871824327047
3.430937841010673 -1.2178871824327047
3.430937841010673 -1.2178871824327047
3.430937841010673 -1.2178871824327047
3.430937841010673 -1.2178871824327047
3.430937841010673 -1.2178871824327047
3.430937841010673 -1.2178871824327047
3.430937841010673 -1.2178871824327047
3.430937841010673 -1.2178871824327047
3.430937841010673 -1.2178871824327047
3.430937841010673 -1.2178871824327047
3.430937841010673 -1.2178871824327047
3.430937841010673 -1.2178871824327047
3.430937841010673 -1.2178871824327047
3.430937841010673 -1.2178871824327047
3.430937841010673 -1.2178871824327047
3.430937841010673 -1.2178871824327047
3.320680927796999 -0.8064027804335616
3.320680927796999 -0.8064027804335616
3.320680927796999 -0.8064027804335616
3.320680927796999 -0.8064027804335616
3.320680927796999 -0.8064027804335616
3.320680927796999 -0.8064027804335616
3.320680927796999 -0.8064027804335616
3.320680927796999 -0.8064027804335616
3.320680927796999 -0.8064027804335616
3.320680927796999 -0.8064027804335616
3.320680927796999 -0.8064027804335616
3.320680927796999 -0.8064027804335616
3.320680927796999 -0.8064027804335616
3.320680927796999 -0.8064027804335616
3.320680927796999 -0.8064027804335616
3.320680927796999 -0.8064027804335616
3.320680927796999 -0.8064027804335616
3.320680927796999 -0.8064027804335616
3.320680927796999 -0.8064027804335616
3.320680927796999 -0.8064027804335616
3.320680927796999 -0.8064027804335616
3.320680927796999 -0.8064027804335616
3.320680927796999 -0.8064027804335616
3.320680927796999 -0.8064027804335616
3.320680927796999 -0.8064027804335616
3.2394135806488755 -0.3455127520238483
3.2394135806488755 -0.3455127520238483
3.2394135806488755 -0.3455127520238483
3.2394135806488755 -0.3455127520238483
3.2394135806488755 -0.3455127520238483
3.2394135806488755 -0.3455127520238483
3.2394135806488755 -0.3455127520238483
3.2394135806488755 -0.3455127520238483
3.2394135806488755 -0.3455127520238483
3.2394135806488755 -0.3455127520238483
3.2394135806488755 -0.3455127520238483
3.2394135806488755 -0.3455127520238483
3.2394135806488755 -0.3455127520238483
3.2394135806488755 -0.3455127520238483
3.2394135806488755 -0.3455127520238483
3.2394135806488755 -0.3455127520238483
3.2394135806488755 -0.3455127520238483
3.2394135806488755 -0.3455127520238483
3.2394135806488755 -0.3455127520238483
3.2394135806488755 -0.3455127520238483
3.2394135806488755 -0.3455127520238483
3.2394135806488755 -0.3455127520238483
3.2394135806488755 -0.3455127520238483
3.2394135806488755 -0.3455127520238483
3.2394135806488755 -0.3455127520238483
3.2394135806488755 -0.3455127520238483
3.2394135806488755 -0.3455127520238483
3.2394135806488755 -0.3455127520238483
3.2394135806488755 -0.3455127520238483
3.271661205465509 0.023079286270097532
3.271661205465509 0.023079286270097532
3.271661205465509 0.023079286270097532
3.271661205465509 0.023079286270097532
3.271661205465509 0.023079286270097532
3.271661205465509 0.023079286270097532
3.271661205465509 0.023079286270097532
3.271661205465509 0.023079286270097532
3.271661205465509 0.023079286270097532
3.271661205465509 0.023079286270097532
3.271661205465509 0.023079286270097532
3.271661205465509 0.023079286270097532
3.271661205465509 0.023079286270097532
3.271661205465509 0.023079286270097532
3.271661205465509 0.023079286270097532
3.271661205465509 0.023079286270097532
3.271661205465509 0.023079286270097532
3.271661205465509 0.023079286270097532
3.271661205465509 0.023079286270097532
3.271661205465509 0.023079286270097532
3.271661205465509 0.023079286270097532
3.271661205465509 0.023079286270097532
3.271661205465509 0.023079286270097532
3.271661205465509 0.023079286270097532
3.271661205465509 0.023079286270097532
3.271661205465509 0.023079286270097532
3.271661205465509 0.023079286270097532
3.271661205465509 0.023079286270097532
3.271661205465509 0.023079286270097532
3.271661205465509 0.023079286270097532
3.271661205465509 0.023079286270097532
3.271661205465509 0.023079286270097532
3.271661205465509 0.023079286270097532
3.271661205465509 0.023079286270097532
3.271661205465509 0.023079286270097532
3.519661205465509 0.45262788654717906
3.519661205465509 0.45262788654717906
3.519661205465509 0.45262788654717906
3.519661205465509 0.45262788654717906
3.519661205465509 0.45262788654717906
3.519661205465509 0.45262788654717906
3.519661205465509 0.45262788654717906
3.519661205465509 0.45262788654717906
3.519661205465509 0.45262788654717906
3.519661205465509 0.45262788654717906
3.519661205465509 0.45262788654717906
3.519661205465509 0.45262788654717906
3.519661205465509 0.45262788654717906
3.519661205465509 0.45262788654717906
3.519661205465509 0.45262788654717906
3.519661205465509 0.45262788654717906
3.519661205465509 0.45262788654717906
3.519661205465509 0.45262788654717906
3.519661205465509 0.45262788654717906
3.519661205465509 0.45262788654717906
3.519661205465509 0.45262788654717906
3.519661205465509 0.45262788654717906
3.519661205465509 0.45262788654717906
3.519661205465509 0.45262788654717906
3.519661205465509 0.45262788654717906
3.519661205465509 0.45262788654717906
3.519661205465509 0.45262788654717906
3.519661205465509 0.45262788654717906
3.519661205465509 0.45262788654717906
3.519661205465509 0.45262788654717906
3.519661205465509 0.45262788654717906
3.519661205465509 0.45262788654717906
3.774661205465509 0.8943008424772427
3.774661205465509 0.8943008424772427
3.774661205465509 0.8943008424772427
3.774661205465509 0.8943008424772427
3.774661205465509 0.8943008424772427
3.774661205465509 0.8943008424772427
3.774661205465509 0.8943008424772427
3.774661205465509 0.8943008424772427
3.774661205465509 0.8943008424772427
3.774661205465509 0.8943008424772427
3.774661205465509 0.8943008424772427
3.774661205465509 0.8943008424772427
3.774661205465509 0.8943008424772427
3.774661205465509 0.8943008424772427
3.774661205465509 0.8943008424772427
3.774661205465509 0.8943008424772427
3.774661205465509 0.8943008424772427
3.774661205465509 0.8943008424772427
3.774661205465509 0.8943008424772427
3.774661205465509 0.8943008424772427
3.774661205465509 0.8943008424772427
3.774661205465509 0.8943008424772427
3.774661205465509 0.8943008424772427
3.774661205465509 0.8943008424772427
3.774661205465509 0.8943008424772427
3.774661205465509 0.8943008424772427
3.774661205465509 0.8943008424772427
3.774661205465509 0.8943008424772427
3.774661205465509 0.8943008424772427
3.774661205465509 0.8943008424772427
3.774661205465509 0.8943008424772427
3.774661205465509 0.8943008424772427
3.774661205465509 0.8943008424772427
3.774661205465509 0.8943008424772427
3.774661205465509 0.8943008424772427
3.774661205465509 0.8943008424772427
3.774661205465509 0.8943008424772427
3.774661205465509 0.8943008424772427
3.774661205465509 0.8943008424772427
3.774661205465509 0.8943008424772427
3.774661205465509 0.8943008424772427
3.774661205465509 0.8943008424772427
3.774661205465509 0.8943008424772427
3.774661205465509 0.8943008424772427
3.774661205465509 0.8943008424772427
3.774661205465509 0.8943008424772427
3.774661205465509 0.8943008424772427
3.774661205465509 0.8943008424772427
3.774661205465509 0.8943008424772427
3.774661205465509 0.8943008424772427
3.774661205465509 0.8943008424772427
3.774661205465509 0.8943008424772427
3.774661205465509 0.8943008424772427
3.774661205465509 0.8943008424772427
3.774661205465509 0.8943008424772427
3.774661205465509 0.8943008424772427
3.774661205465509 0.8943008424772427
3.774661205465509 0.8943008424772427
3.774661205465509 0.8943008424772427
3.774661205465509 0.8943008424772427
3.774661205465509 0.8943008424772427
3.774661205465509 0.8943008424772427
3.774661205465509 0.8943008424772427
3.774661205465509 0.8943008424772427
3.774661205465509 0.8943008424772427
3.774661205465509 0.8943008424772427
3.774661205465509 0.8943008424772427
3.774661205465509 0.8943008424772427
3.973032888594397 1.4393225625330697
3.973032888594397 1.4393225625330697
3.973032888594397 1.4393225625330697
3.973032888594397 1.4393225625330697
3.973032888594397 1.4393225625330697
3.973032888594397 1.4393225625330697
3.973032888594397 1.4393225625330697
3.973032888594397 1.4393225625330697
3.973032888594397 1.4393225625330697
3.973032888594397 1.4393225625330697
3.973032888594397 1.4393225625330697
3.973032888594397 1.4393225625330697
3.973032888594397 1.4393225625330697
3.973032888594397 1.4393225625330697
3.973032888594397 1.4393225625330697
3.973032888594397 1.4393225625330697
3.973032888594397 1.4393225625330697
3.973032888594397 1.4393225625330697
3.973032888594397 1.4393225625330697
3.973032888594397 1.4393225625330697
3.973032888594397 1.4393225625330697
3.973032888594397 1.4393225625330697
3.973032888594397 1.4393225625330697
3.973032888594397 1.4393225625330697
3.973032888594397 1.4393225625330697
3.973032888594397 1.4393225625330697
3.973032888594397 1.4393225625330697
3.973032888594397 1.4393225625330697
3.973032888594397 1.4393225625330697
3.973032888594397 1.4393225625330697
3.973032888594397 1.4393225625330697
3.973032888594397 1.4393225625330697
3.788032888594397 1.759751961933312
3.788032888594397 1.759751961933312
3.788032888594397 1.759751961933312
3.788032888594397 1.759751961933312
3.788032888594397 1.759751961933312
3.788032888594397 1.759751961933312
3.788032888594397 1.759751961933312
3.788032888594397 1.759751961933312
3.788032888594397 1.759751961933312
3.788032888594397 1.759751961933312
3.788032888594397 1.759751961933312
3.788032888594397 1.759751961933312
3.788032888594397 1.759751961933312
3.788032888594397 1.759751961933312
3.788032888594397 1.759751961933312
3.788032888594397 1.759751961933312
3.788032888594397 1.759751961933312
3.788032888594397 1.759751961933312
3.788032888594397 1.759751961933312
3.788032888594397 1.759751961933312
3.788032888594397 1.759751961933312
3.788032888594397 1.759751961933312
3.788032888594397 1.759751961933312
3.788032888594397 1.759751961933312
3.788032888594397 1.759751961933312
3.788032888594397 1.759751961933312
3.788032888594397 1.759751961933312
3.788032888594397 1.759751961933312
3.788032888594397 1.759751961933312
3.788032888594397 1.759751961933312
3.788032888594397 1.759751961933312
3.788032888594397 1.759751961933312
3.788032888594397 1.759751961933312
3.788032888594397 1.759751961933312
3.788032888594397 1.759751961933312
3.788032888594397 1.759751961933312
3.788032888594397 1.759751961933312
3.788032888594397 1.759751961933312
3.403594409731348 1.8627619418841153
3.403594409731348 1.8627619418841153
3.403594409731348 1.8627619418841153
3.403594409731348 1.8627619418841153
3.403594409731348 1.8627619418841153
3.403594409731348 1.8627619418841153
3.403594409731348 1.8627619418841153
3.403594409731348 1.8627619418841153
3.403594409731348 1.8627619418841153
3.403594409731348 1.8627619418841153
3.403594409731348 1.8627619418841153
3.403594409731348 1.8627619418841153
3.403594409731348 1.8627619418841153
3.403594409731348 1.8627619418841153
3.403594409731348 1.8627619418841153
3.403594409731348 1.8627619418841153
3.403594409731348 1.8627619418841153
3.403594409731348 1.8627619418841153
3.403594409731348 1.8627619418841153
3.403594409731348 1.8627619418841153
3.403594409731348 1.8627619418841153
3.403594409731348 1.8627619418841153
3.403594409731348 1.8627619418841153
3.403594409731348 1.8627619418841153
3.403594409731348 1.8627619418841153
3.403594409731348 1.8627619418841153
3.403594409731348 1.8627619418841153
3.403594409731348 1.8627619418841153
3.403594409731348 1.8627619418841153
3.403594409731348 1.8627619418841153
3.403594409731348 1.8627619418841153
3.403594409731348 1.8627619418841153
3.403594409731348 1.8627619418841153
3.403594409731348 1.8627619418841153
3.403594409731348 1.8627619418841153
3.403594409731348 1.8627619418841153
3.403594409731348 1.8627619418841153
2.5188063528505613 2.099840187198024
2.5188063528505613 2.099840187198024
2.5188063528505613 2.099840187198024
2.5188063528505613 2.099840187198024
2.5188063528505613 2.099840187198024
2.5188063528505613 2.099840187198024
2.5188063528505613 2.099840187198024
2.5188063528505613 2.099840187198024
2.5188063528505613 2.099840187198024
2.5188063528505613 2.099840187198024
2.5188063528505613 2.099840187198024
2.5188063528505613 2.099840187198024
2.5188063528505613 2.099840187198024
2.5188063528505613 2.099840187198024
2.5188063528505613 2.099840187198024
2.5188063528505613 2.099840187198024
2.5188063528505613 2.099840187198024
2.5188063528505613 2.099840187198024
2.5188063528505613 2.099840187198024
2.5188063528505613 2.099840187198024
2.5188063528505613 2.099840187198024
2.5188063528505613 2.099840187198024
2.5188063528505613 2.099840187198024
2.5188063528505613 2.099840187198024
2.5188063528505613 2.099840187198024
2.5188063528505613 2.099840187198024
2.1580958536099746 2.2680422553708226
2.1580958536099746 2.2680422553708226
2.1580958536099746 2.2680422553708226
2.1580958536099746 2.2680422553708226
2.1580958536099746 2.2680422553708226
2.1580958536099746 2.2680422553708226
2.1580958536099746 2.2680422553708226
2.1580958536099746 2.2680422553708226
2.1580958536099746 2.2680422553708226
2.1580958536099746 2.2680422553708226
2.1580958536099746 2.2680422553708226
2.1580958536099746 2.2680422553708226
2.1580958536099746 2.2680422553708226
2.1580958536099746 2.2680422553708226
2.1580958536099746 2.2680422553708226
2.1580958536099746 2.2680422553708226
2.1580958536099746 2.2680422553708226
2.1580958536099746 2.2680422553708226
2.1580958536099746 2.2680422553708226
2.1580958536099746 2.2680422553708226
2.1580958536099746 2.2680422553708226
2.1580958536099746 2.2680422553708226
2.1580958536099746 2.2680422553708226
2.1580958536099746 2.2680422553708226
2.1580958536099746 2.2680422553708226
2.1580958536099746 2.2680422553708226
2.1580958536099746 2.2680422553708226
2.1580958536099746 2.2680422553708226
1.7972538872281858 2.3993779904078796
1.7972538872281858 2.3993779904078796
1.7972538872281858 2.3993779904078796
1.7972538872281858 2.3993779904078796
1.7972538872281858 2.3993779904078796
1.7972538872281858 2.3993779904078796
1.7972538872281858 2.3993779904078796
1.7972538872281858 2.3993779904078796
1.7972538872281858 2.3993779904078796
1.7972538872281858 2.3993779904078796
1.7972538872281858 2.3993779904078796
1.7972538872281858 2.3993779904078796
1.7972538872281858 2.3993779904078796
1.7972538872281858 2.3993779904078796
1.7972538872281858 2.3993779904078796
1.7972538872281858 2.3993779904078796
1.7972538872281858 2.3993779904078796
1.7972538872281858 2.3993779904078796
1.7972538872281858 2.3993779904078796
1.7972538872281858 2.3993779904078796
1.7972538872281858 2.3993779904078796
1.7972538872281858 2.3993779904078796
1.7972538872281858 2.3993779904078796
1.7972538872281858 2.3993779904078796
1.7972538872281858 2.3993779904078796
1.7972538872281858 2.3993779904078796
1.7972538872281858 2.3993779904078796
1.7972538872281858 2.3993779904078796
1.4495676175373997 2.525925443438377
1.4495676175373997 2.525925443438377
1.4495676175373997 2.525925443438377
1.4495676175373997 2.525925443438377
1.4495676175373997 2.525925443438377
1.4495676175373997 2.525925443438377
1.4495676175373997 2.525925443438377
1.4495676175373997 2.525925443438377
1.4495676175373997 2.525925443438377
1.4495676175373997 2.525925443438377
1.4495676175373997 2.525925443438377
1.4495676175373997 2.525925443438377
1.4495676175373997 2.525925443438377
1.4495676175373997 2.525925443438377
1.4495676175373997 2.525925443438377
1.4495676175373997 2.525925443438377
1.4495676175373997 2.525925443438377
1.4495676175373997 2.525925443438377
1.4495676175373997 2.525925443438377
1.4495676175373997 2.525925443438377
1.4495676175373997 2.525925443438377
1.4495676175373997 2.525925443438377
1.4495676175373997 2.525925443438377
1.4495676175373997 2.525925443438377
1.4495676175373997 2.525925443438377
1.4495676175373997 2.525925443438377
1.4495676175373997 2.525925443438377
1.4495676175373997 2.525925443438377
1.4495676175373997 2.525925443438377
1.4495676175373997 2.525925443438377
1.4495676175373997 2.525925443438377
1.4495676175373997 2.525925443438377
1.4495676175373997 2.525925443438377
1.4495676175373997 2.525925443438377
1.4495676175373997 2.525925443438377
1.4495676175373997 2.525925443438377
1.4495676175373997 2.525925443438377
1.4495676175373997 2.525925443438377
1.4495676175373997 2.525925443438377
1.4495676175373997 2.525925443438377
1.4495676175373997 2.525925443438377
1.4495676175373997 2.525925443438377
1.4495676175373997 2.525925443438377
1.4495676175373997 2.525925443438377
1.4495676175373997 2.525925443438377
1.4495676175373997 2.525925443438377
1.4495676175373997 2.525925443438377
1.4495676175373997 2.525925443438377
1.4495676175373997 2.525925443438377
0.8985324830191165 2.782877346576722
0.8985324830191165 2.782877346576722
0.8985324830191165 2.782877346576722
0.8985324830191165 2.782877346576722
0.8985324830191165 2.782877346576722
0.8985324830191165 2.782877346576722
0.8985324830191165 2.782877346576722
0.8985324830191165 2.782877346576722
0.8985324830191165 2.782877346576722
0.8985324830191165 2.782877346576722
0.8985324830191165 2.782877346576722
0.8985324830191165 2.782877346576722
0.8985324830191165 2.782877346576722
0.8985324830191165 2.782877346576722
0.8985324830191165 2.782877346576722
0.8985324830191165 2.782877346576722
0.8985324830191165 2.782877346576722
0.8985324830191165 2.782877346576722
0.8985324830191165 2.782877346576722
0.8985324830191165 2.782877346576722
0.8985324830191165 2.782877346576722
0.8985324830191165 2.782877346576722
0.8985324830191165 2.782877346576722
0.8985324830191165 2.782877346576722
0.8985324830191165 2.782877346576722
0.8985324830191165 2.782877346576722
0.8985324830191165 2.782877346576722
0.8985324830191165 2.782877346576722
0.8985324830191165 2.782877346576722
0.8985324830191165 2.782877346576722
0.8985324830191165 2.782877346576722
0.8985324830191165 2.782877346576722
0.8985324830191165 2.782877346576722
0.8985324830191165 2.782877346576722
0.8985324830191165 2.782877346576722
0.8985324830191165 2.782877346576722
0.8985324830191165 2.782877346576722
0.8985324830191165 2.782877346576722
0.8985324830191165 2.782877346576722
0.8985324830191165 2.782877346576722
0.8985324830191165 2.782877346576722
0.8985324830191165 2.782877346576722
0.8985324830191165 2.782877346576722
0.8985324830191165 2.782877346576722
0.8985324830191165 2.782877346576722
0.8985324830191165 2.782877346576722
0.8985324830191165 2.782877346576722
0.8985324830191165 2.782877346576722
0.8985324830191165 2.782877346576722
0.8985324830191165 2.782877346576722
0.8985324830191165 2.782877346576722
0.8985324830191165 2.782877346576722
0.8985324830191165 2.782877346576722
0.8985324830191165 2.782877346576722
0.8985324830191165 2.782877346576722
0.8985324830191165 2.782877346576722
0.8985324830191165 2.782877346576722
0.8985324830191165 2.782877346576722
0.8985324830191165 2.782877346576722
0.8985324830191165 2.782877346576722
0.8985324830191165 2.782877346576722
0.8985324830191165 2.782877346576722
0.8985324830191165 2.782877346576722
0.8985324830191165 2.782877346576722
0.8985324830191165 2.782877346576722
0.8985324830191165 2.782877346576722
0.8985324830191165 2.782877346576722
0.8985324830191165 2.782877346576722
0.8985324830191165 2.782877346576722
0.8985324830191165 2.782877346576722
0.8985324830191165 2.782877346576722
0.8985324830191165 2.782877346576722
0.8985324830191165 2.782877346576722
0.8985324830191165 2.782877346576722
0.8985324830191165 2.782877346576722
0.8985324830191165 2.782877346576722
0.8985324830191165 2.782877346576722
0.8985324830191165 2.782877346576722
0.8985324830191165 2.782877346576722
0.8985324830191165 2.782877346576722
0.8985324830191165 2.782877346576722
0.8985324830191165 2.782877346576722
0.8985324830191165 2.782877346576722
0.8985324830191165 2.782877346576722
0.8985324830191165 2.782877346576722
0.8985324830191165 2.782877346576722
0.8985324830191165 2.782877346576722
0.8985324830191165 2.782877346576722
0.8985324830191165 2.782877346576722
0.8985324830191165 2.782877346576722
0.8985324830191165 2.782877346576722
0.8985324830191165 2.782877346576722
0.8985324830191165 2.782877346576722
0.8985324830191165 2.782877346576722
0.8985324830191165 2.782877346576722
0.8985324830191165 2.782877346576722
0.8985324830191165 2.782877346576722
0.8985324830191165 2.782877346576722
0.8985324830191165 2.782877346576722
0.8985324830191165 2.782877346576722
0.8985324830191165 2.782877346576722
0.8985324830191165 2.782877346576722
0.8985324830191165 2.782877346576722
0.8985324830191165 2.782877346576722
0.8985324830191165 2.782877346576722
0.8985324830191165 2.782877346576722
0.8985324830191165 2.782877346576722
0.8985324830191165 2.782877346576722
0.8985324830191165 2.782877346576722
0.8985324830191165 2.782877346576722
0.8985324830191165 2.782877346576722
0.8985324830191165 2.782877346576722
0.8985324830191165 2.782877346576722
0.8985324830191165 2.782877346576722
0.8985324830191165 2.782877346576722
0.8985324830191165 2.782877346576722
0.8985324830191165 2.782877346576722
0.8985324830191165 2.782877346576722
0.8985324830191165 2.782877346576722
0.8985324830191165 2.782877346576722
0.8985324830191165 2.782877346576722
0.8985324830191165 2.782877346576722
0.8985324830191165 2.782877346576722
0.8985324830191165 2.782877346576722
0.8985324830191165 2.782877346576722
0.8985324830191165 2.782877346576722
0.8985324830191165 2.782877346576722
0.8985324830191165 2.782877346576722
0.8985324830191165 2.782877346576722
0.8985324830191165 2.782877346576722
0.8985324830191165 2.782877346576722
0.8985324830191165 2.782877346576722
0.8985324830191165 2.782877346576722
0.8985324830191165 2.782877346576722
0.8985324830191165 2.782877346576722
0.8985324830191165 2.782877346576722
