0.0 0.0
0.0 0.0
0.0 0.0
0.0 0.0
0.0 0.0
0.0 0.0
0.0 0.0
0.0 0.0
0.0 0.0
0.0 0.0
0.0 0.0
0.0 0.0
0.0 0.0
0.0 0.0
0.0 0.0
0.0 0.0
0.0 0.0
0.0 0.0
0.0 0.0
0.0 0.0
0.0 0.0
0.0 0.0
0.0 0.0
0.0 0.0
0.0 0.0
0.0 0.0
0.0 0.0
0.0 0.0
0.0 0.0
0.0 0.0
0.0 0.0
0.0 0.0
0.0 0.0
0.0 0.0
0.0 0.0
0.0 0.0
0.0 0.0
0.0 0.0
0.0 0.0
0.0 0.0
0.0 0.0
0.0 0.0
0.0 0.0
0.0 0.0
0.0 0.0
0.0 0.0
0.0 0.0
0.0 0.0
0.0 0.0
0.0 0.0
0.0 0.0
0.0 0.0
0.0 0.0
0.0 0.0
0.0 0.0
0.0 0.0
0.0 0.0
0.0 0.0
0.0 0.0
0.0 0.0
0.0 0.0
0.0 0.0
0.0 0.0
0.0 0.0
0.0 0.0
0.1887951191157692 -0.5187103266738214
0.1887951191157692 -0.5187103266738214
0.1887951191157692 -0.5187103266738214
0.1887951191157692 -0.5187103266738214
0.1887951191157692 -0.5187103266738214
0.1887951191157692 -0.5187103266738214
0.1887951191157692 -0.5187103266738214
0.1887951191157692 -0.5187103266738214
0.1887951191157692 -0.5187103266738214
0.1887951191157692 -0.5187103266738214
0.1887951191157692 -0.5187103266738214
0.1887951191157692 -0.5187103266738214
0.1887951191157692 -0.5187103266738214
0.1887951191157692 -0.5187103266738214
0.1887951191157692 -0.5187103266738214
0.1887951191157692 -0.5187103266738214
0.1887951191157692 -0.5187103266738214
0.1887951191157692 -0.5187103266738214
0.1887951191157692 -0.5187103266738214
0.1887951191157692 -0.5187103266738214
0.1887951191157692 -0.5187103266738214
0.1887951191157692 -0.5187103266738214
0.1887951191157692 -0.5187103266738214
0.1887951191157692 -0.5187103266738214
0.1887951191157692 -0.5187103266738214
0.1887951191157692 -0.5187103266738214
0.1887951191157692 -0.5187103266738214
0.1887951191157692 -0.5187103266738214
0.1887951191157692 -0.5187103266738214
0.1887951191157692 -0.5187103266738214
0.1887951191157692 -0.5187103266738214
0.1887951191157692 -0.5187103266738214
0.1887951191157692 -0.5187103266738214
0.1887951191157692 -0.5187103266738214
0.1887951191157692 -0.5187103266738214
0.1887951191157692 -0.5187103266738214
0.1887951191157692 -0.5187103266738214
0.1887951191157692 -0.5187103266738214
0.5776799429617784 -1.074095412701758
0.5776799429617784 -1.074095412701758
0.5776799429617784 -1.074095412701758
0.5776799429617784 -1.074095412701758
0.5776799429617784 -1.074095412701758
0.5776799429617784 -1.074095412701758
0.5776799429617784 -1.074095412701758
0.5776799429617784 -1.074095412701758
0.5776799429617784 -1.074095412701758
0.5776799429617784 -1.074095412701758
0.5776799429617784 -1.074095412701758
0.5776799429617784 -1.074095412701758
0.5776799429617784 -1.074095412701758
0.5776799429617784 -1.074095412701758
0.5776799429617784 -1.074095412701758
0.5776799429617784 -1.074095412701758
0.5776799429617784 -1.074095412701758
0.5776799429617784 -1.074095412701758
0.5776799429617784 -1.074095412701758
0.5776799429617784 -1.074095412701758
0.5776799429617784 -1.074095412701758
0.5776799429617784 -1.074095412701758
0.5776799429617784 -1.074095412701758
0.5776799429617784 -1.074095412701758
0.5776799429617784 -1.074095412701758
0.5776799429617784 -1.074095412701758
0.5776799429617784 -1.074095412701758
0.5776799429617784 -1.074095412701758
0.5776799429617784 -1.074095412701758
0.5776799429617784 -1.074095412701758
0.5776799429617784 -1.074095412701758
0.5776799429617784 -1.074095412701758
0.5776799429617784 -1.074095412701758
1.0700788762535944 -1.2533139678044083
1.0700788762535944 -1.2533139678044083
1.0700788762535944 -1.2533139678044083
1.0700788762535944 -1.2533139678044083
1.0700788762535944 -1.2533139678044083
1.0700788762535944 -1.2533139678044083
1.0700788762535944 -1.2533139678044083
1.0700788762535944 -1.2533139678044083
1.0700788762535944 -1.2533139678044083
1.0700788762535944 -1.2533139678044083
1.0700788762535944 -1.2533139678044083
1.0700788762535944 -1.2533139678044083
1.0700788762535944 -1.2533139678044083
1.0700788762535944 -1.2533139678044083
1.0700788762535944 -1.2533139678044083
1.0700788762535944 -1.2533139678044083
1.0700788762535944 -1.2533139678044083
1.0700788762535944 -1.2533139678044083
1.0700788762535944 -1.2533139678044083
1.0700788762535944 -1.2533139678044083
1.4540788762535946 -1.2533139678044083
1.4540788762535946 -1.2533139678044083
1.4540788762535946 -1.2533139678044083
1.4540788762535946 -1.2533139678044083
1.4540788762535946 -1.2533139678044083
1.4540788762535946 -1.2533139678044083
1.4540788762535946 -1.2533139678044083
1.4540788762535946 -1.2533139678044083
1.4540788762535946 -1.2533139678044083
1.4540788762535946 -1.2533139678044083
1.4540788762535946 -1.2533139678044083
1.4540788762535946 -1.2533139678044083
1.4540788762535946 -1.2533139678044083
1.4540788762535946 -1.2533139678044083
1.4540788762535946 -1.2533139678044083
1.8226709145475404 -1.2210663429877748
1.8226709145475404 -1.2210663429877748
1.8226709145475404 -1.2210663429877748
1.8226709145475404 -1.2210663429877748
1.8226709145475404 -1.2210663429877748
1.8226709145475404 -1.2210663429877748
1.8226709145475404 -1.2210663429877748
1.8226709145475404 -1.2210663429877748
1.8226709145475404 -1.2210663429877748
1.8226709145475404 -1.2210663429877748
1.8226709145475404 -1.2210663429877748
1.8226709145475404 -1.2210663429877748
1.8226709145475404 -1.2210663429877748
1.8226709145475404 -1.2210663429877748
1.8226709145475404 -1.2210663429877748
1.8226709145475404 -1.2210663429877748
1.8226709145475404 -1.2210663429877748
1.8226709145475404 -1.2210663429877748
1.8226709145475404 -1.2210663429877748
1.8226709145475404 -1.2210663429877748
1.8226709145475404 -1.2210663429877748
1.8226709145475404 -1.2210663429877748
1.8226709145475404 -1.2210663429877748
1.8226709145475404 -1.2210663429877748
1.8226709145475404 -1.2210663429877748
1.8226709145475404 -1.2210663429877748
1.8226709145475404 -1.2210663429877748
1.8226709145475404 -1.2210663429877748
1.8226709145475404 -1.2210663429877748
1.8226709145475404 -1.2210663429877748
1.8226709145475404 -1.2210663429877748
1.8226709145475404 -1.2210663429877748
1.8226709145475404 -1.2210663429877748
1.8226709145475404 -1.2210663429877748
1.8226709145475404 -1.2210663429877748
1.8226709145475404 -1.2210663429877748
1.8226709145475404 -1.2210663429877748
1.8226709145475404 -1.2210663429877748
1.8226709145475404 -1.2210663429877748
1.8226709145475404 -1.2210663429877748
1.8226709145475404 -1.2210663429877748
1.8226709145475404 -1.2210663429877748
1.8226709145475404 -1.2210663429877748
1.8226709145475404 -1.2210663429877748
1.8226709145475404 -1.2210663429877748
1.8226709145475404 -1.2210663429877748
1.8226709145475404 -1.2210663429877748
1.8226709145475404 -1.2210663429877748
1.8226709145475404 -1.2210663429877748
1.8226709145475404 -1.2210663429877748
1.8226709145475404 -1.2210663429877748
1.8226709145475404 -1.2210663429877748
1.8226709145475404 -1.2210663429877748
1.8226709145475404 -1.2210663429877748
1.8226709145475404 -1.2210663429877748
1.8226709145475404 -1.2210663429877748
1.8226709145475404 -1.2210663429877748
1.8226709145475404 -1.2210663429877748
1.8226709145475404 -1.2210663429877748
1.8226709145475404 -1.2210663429877748
1.8226709145475404 -1.2210663429877748
1.8226709145475404 -1.2210663429877748
1.8226709145475404 -1.2210663429877748
1.8226709145475404 -1.2210663429877748
1.8226709145475404 -1.2210663429877748
1.8226709145475404 -1.2210663429877748
1.8226709145475404 -1.2210663429877748
1.8226709145475404 -1.2210663429877748
1.8226709145475404 -1.2210663429877748
1.8226709145475404 -1.2210663429877748
1.8226709145475404 -1.2210663429877748
1.8226709145475404 -1.2210663429877748
1.8226709145475404 -1.2210663429877748
1.8226709145475404 -1.2210663429877748
1.8226709145475404 -1.2210663429877748
1.8226709145475404 -1.2210663429877748
1.8226709145475404 -1.2210663429877748
1.8226709145475404 -1.2210663429877748
1.8226709145475404 -1.2210663429877748
1.8226709145475404 -1.2210663429877748
1.8226709145475404 -1.2210663429877748
1.8226709145475404 -1.2210663429877748
1.8226709145475404 -1.2210663429877748
1.8226709145475404 -1.2210663429877748
1.8226709145475404 -1.2210663429877748
1.8226709145475404 -1.2210663429877748
1.8226709145475404 -1.2210663429877748
1.8226709145475404 -1.2210663429877748
1.8226709145475404 -1.2210663429877748
1.8226709145475404 -1.2210663429877748
1.8226709145475404 -1.2210663429877748
1.8226709145475404 -1.2210663429877748
1.8226709145475404 -1.2210663429877748
1.8226709145475404 -1.2210663429877748
1.8226709145475404 -1.2210663429877748
1.8226709145475404 -1.2210663429877748
1.8226709145475404 -1.2210663429877748
1.8226709145475404 -1.2210663429877748
1.8226709145475404 -1.2210663429877748
1.8226709145475404 -1.2210663429877748
1.8226709145475404 -1.2210663429877748
1.8226709145475404 -1.2210663429877748
1.8226709145475404 -1.2210663429877748
1.8226709145475404 -1.2210663429877748
1.8226709145475404 -1.2210663429877748
1.8226709145475404 -1.2210663429877748
1.8226709145475404 -1.2210663429877748
1.8226709145475404 -1.2210663429877748
1.8226709145475404 -1.2210663429877748
1.8226709145475404 -1.2210663429877748
1.8226709145475404 -1.2210663429877748
1.8226709145475404 -1.2210663429877748
1.8226709145475404 -1.2210663429877748
1.8226709145475404 -1.2210663429877748
1.8226709145475404 -1.2210663429877748
1.8226709145475404 -1.2210663429877748
1.8226709145475404 -1.2210663429877748
1.8226709145475404 -1.2210663429877748
1.8226709145475404 -1.2210663429877748
1.8226709145475404 -1.2210663429877748
1.8226709145475404 -1.2210663429877748
1.8226709145475404 -1.2210663429877748
1.8226709145475404 -1.2210663429877748
1.8226709145475404 -1.2210663429877748
1.8226709145475404 -1.2210663429877748
1.8226709145475404 -1.2210663429877748
1.8226709145475404 -1.2210663429877748
1.8226709145475404 -1.2210663429877748
1.8226709145475404 -1.2210663429877748
1.8226709145475404 -1.2210663429877748
1.8226709145475404 -1.2210663429877748
1.8226709145475404 -1.2210663429877748
1.8226709145475404 -1.2210663429877748
1.8226709145475404 -1.2210663429877748
1.8226709145475404 -1.2210663429877748
1.8226709145475404 -1.2210663429877748
1.8226709145475404 -1.2210663429877748
1.8226709145475404 -1.2210663429877748
1.8226709145475404 -1.2210663429877748
1.8226709145475404 -1.2210663429877748
1.8226709145475404 -1.2210663429877748
1.8226709145475404 -1.2210663429877748
1.8226709145475404 -1.2210663429877748
1.8226709145475404 -1.2210663429877748
1.8226709145475404 -1.2210663429877748
1.8226709145475404 -1.2210663429877748
1.8226709145475404 -1.2210663429877748
1.8226709145475404 -1.2210663429877748
1.8226709145475404 -1.2210663429877748
1.8226709145475404 -1.2210663429877748
1.8226709145475404 -1.2210663429877748
1.8226709145475404 -1.2210663429877748
1.8226709145475404 -1.2210663429877748
1.8226709145475404 -1.2210663429877748
1.8226709145475404 -1.2210663429877748
1.8226709145475404 -1.2210663429877748
1.8226709145475404 -1.2210663429877748
1.8226709145475404 -1.2210663429877748
1.8226709145475404 -1.2210663429877748
1.8226709145475404 -1.2210663429877748
1.8226709145475404 -1.2210663429877748
1.8226709145475404 -1.2210663429877748
1.8226709145475404 -1.2210663429877748
1.8226709145475404 -1.2210663429877748
1.8226709145475404 -1.2210663429877748
1.8226709145475404 -1.2210663429877748
1.8226709145475404 -1.2210663429877748
1.8226709145475404 -1.2210663429877748
1.8226709145475404 -1.2210663429877748
1.8226709145475404 -1.2210663429877748
1.8226709145475404 -1.2210663429877748
1.8226709145475404 -1.2210663429877748
1.8226709145475404 -1.2210663429877748
1.8226709145475404 -1.2210663429877748
1.8226709145475404 -1.2210663429877748
1.8226709145475404 -1.2210663429877748
1.8226709145475404 -1.2210663429877748
1.8226709145475404 -1.2210663429877748
1.8226709145475404 -1.2210663429877748
1.8226709145475404 -1.2210663429877748
1.8226709145475404 -1.2210663429877748
1.8226709145475404 -1.2210663429877748
1.8226709145475404 -1.2210663429877748
1.8226709145475404 -1.2210663429877748
1.8226709145475404 -1.2210663429877748
1.8226709145475404 -1.2210663429877748
1.8226709145475404 -1.2210663429877748
1.8226709145475404 -1.2210663429877748
1.8226709145475404 -1.2210663429877748
1.8226709145475404 -1.2210663429877748
1.8226709145475404 -1.2210663429877748
1.8226709145475404 -1.2210663429877748
1.8226709145475404 -1.2210663429877748
1.8226709145475404 -1.2210663429877748
1.8226709145475404 -1.2210663429877748
1.8226709145475404 -1.2210663429877748
1.8226709145475404 -1.2210663429877748
1.8226709145475404 -1.2210663429877748
1.8226709145475404 -1.2210663429877748
1.8226709145475404 -1.2210663429877748
1.8226709145475404 -1.2210663429877748
1.8226709145475404 -1.2210663429877748
1.8226709145475404 -1.2210663429877748
1.8226709145475404 -1.2210663429877748
1.8226709145475404 -1.2210663429877748
1.8226709145475404 -1.2210663429877748
1.8226709145475404 -1.2210663429877748
1.8226709145475404 -1.2210663429877748
1.8226709145475404 -1.2210663429877748
1.8226709145475404 -1.2210663429877748
1.8226709145475404 -1.2210663429877748
1.8226709145475404 -1.2210663429877748
1.8226709145475404 -1.2210663429877748
1.8226709145475404 -1.2210663429877748
1.8226709145475404 -1.2210663429877748
1.8226709145475404 -1.2210663429877748
1.8226709145475404 -1.2210663429877748
1.8226709145475404 -1.2210663429877748
1.8226709145475404 -1.2210663429877748
1.8226709145475404 -1.2210663429877748
1.8226709145475404 -1.2210663429877748
1.8226709145475404 -1.2210663429877748
1.8226709145475404 -1.2210663429877748
1.8226709145475404 -1.2210663429877748
1.8226709145475404 -1.2210663429877748
1.8226709145475404 -1.2210663429877748
1.8226709145475404 -1.2210663429877748
1.8226709145475404 -1.2210663429877748
1.8226709145475404 -1.2210663429877748
1.8226709145475404 -1.2210663429877748
1.8226709145475404 -1.2210663429877748
1.8226709145475404 -1.2210663429877748
1.8226709145475404 -1.2210663429877748
1.8226709145475404 -1.2210663429877748
1.8226709145475404 -1.2210663429877748
1.8226709145475404 -1.2210663429877748
1.8226709145475404 -1.2210663429877748
1.8226709145475404 -1.2210663429877748
2.1151948970865737 -0.803298800400389
2.1151948970865737 -0.803298800400389
2.1151948970865737 -0.803298800400389
2.1151948970865737 -0.803298800400389
2.1151948970865737 -0.803298800400389
2.1151948970865737 -0.803298800400389
2.1151948970865737 -0.803298800400389
2.1151948970865737 -0.803298800400389
2.1151948970865737 -0.803298800400389
2.1151948970865737 -0.803298800400389
2.1151948970865737 -0.803298800400389
2.1151948970865737 -0.803298800400389
2.1151948970865737 -0.803298800400389
2.1151948970865737 -0.803298800400389
2.1151948970865737 -0.803298800400389
2.1151948970865737 -0.803298800400389
2.1151948970865737 -0.803298800400389
2.1151948970865737 -0.803298800400389
2.1151948970865737 -0.803298800400389
2.1151948970865737 -0.803298800400389
2.1151948970865737 -0.803298800400389
2.1151948970865737 -0.803298800400389
2.1151948970865737 -0.803298800400389
2.1151948970865737 -0.803298800400389
2.1151948970865737 -0.803298800400389
2.283396965259372 -0.44258830115980236
2.283396965259372 -0.44258830115980236
2.283396965259372 -0.44258830115980236
2.283396965259372 -0.44258830115980236
2.283396965259372 -0.44258830115980236
2.283396965259372 -0.44258830115980236
2.283396965259372 -0.44258830115980236
2.283396965259372 -0.44258830115980236
2.283396965259372 -0.44258830115980236
2.283396965259372 -0.44258830115980236
2.283396965259372 -0.44258830115980236
2.283396965259372 -0.44258830115980236
2.283396965259372 -0.44258830115980236
2.283396965259372 -0.44258830115980236
2.283396965259372 -0.44258830115980236
2.283396965259372 -0.44258830115980236
2.283396965259372 -0.44258830115980236
2.283396965259372 -0.44258830115980236
2.283396965259372 -0.44258830115980236
2.283396965259372 -0.44258830115980236
2.283396965259372 -0.44258830115980236
2.283396965259372 -0.44258830115980236
2.283396965259372 -0.44258830115980236
2.283396965259372 -0.44258830115980236
2.283396965259372 -0.44258830115980236
2.283396965259372 -0.44258830115980236
2.283396965259372 -0.44258830115980236
2.283396965259372 -0.44258830115980236
2.283396965259372 -0.44258830115980236
2.283396965259372 -0.44258830115980236
2.283396965259372 -0.44258830115980236
2.283396965259372 -0.44258830115980236
2.283396965259372 -0.44258830115980236
2.283396965259372 -0.44258830115980236
2.283396965259372 -0.44258830115980236
2.283396965259372 -0.44258830115980236
2.283396965259372 -0.44258830115980236
2.283396965259372 -0.44258830115980236
2.283396965259372 -0.44258830115980236
2.283396965259372 -0.44258830115980236
2.283396965259372 -0.44258830115980236
2.283396965259372 -0.44258830115980236
2.283396965259372 -0.44258830115980236
2.283396965259372 -0.44258830115980236
2.283396965259372 -0.44258830115980236
2.283396965259372 -0.44258830115980236
2.283396965259372 -0.44258830115980236
2.283396965259372 -0.44258830115980236
2.283396965259372 -0.44258830115980236
2.283396965259372 -0.44258830115980236
2.283396965259372 -0.44258830115980236
2.283396965259372 -0.44258830115980236
2.283396965259372 -0.44258830115980236
2.283396965259372 -0.44258830115980236
2.283396965259372 -0.44258830115980236
2.283396965259372 -0.44258830115980236
2.283396965259372 -0.44258830115980236
2.283396965259372 -0.44258830115980236
2.283396965259372 -0.44258830115980236
2.283396965259372 -0.44258830115980236
2.283396965259372 -0.44258830115980236
2.283396965259372 -0.44258830115980236
2.283396965259372 -0.44258830115980236
2.283396965259372 -0.44258830115980236
2.283396965259372 -0.44258830115980236
2.283396965259372 -0.44258830115980236
2.283396965259372 -0.44258830115980236
2.283396965259372 -0.44258830115980236
2.283396965259372 -0.44258830115980236
2.283396965259372 -0.44258830115980236
2.283396965259372 -0.44258830115980236
2.283396965259372 -0.44258830115980236
2.283396965259372 -0.44258830115980236
2.283396965259372 -0.44258830115980236
2.283396965259372 -0.44258830115980236
2.283396965259372 -0.44258830115980236
2.283396965259372 -0.44258830115980236
2.283396965259372 -0.44258830115980236
2.283396965259372 -0.44258830115980236
2.283396965259372 -0.44258830115980236
2.283396965259372 -0.44258830115980236
2.283396965259372 -0.44258830115980236
2.283396965259372 -0.44258830115980236
2.283396965259372 -0.44258830115980236
2.283396965259372 -0.44258830115980236
2.283396965259372 -0.44258830115980236
2.283396965259372 -0.44258830115980236
2.283396965259372 -0.44258830115980236
2.283396965259372 -0.44258830115980236
2.283396965259372 -0.44258830115980236
2.283396965259372 -0.44258830115980236
2.283396965259372 -0.44258830115980236
2.283396965259372 -0.44258830115980236
2.283396965259372 -0.44258830115980236
2.283396965259372 -0.44258830115980236
2.283396965259372 -0.44258830115980236
2.283396965259372 -0.44258830115980236
2.283396965259372 -0.44258830115980236
2.283396965259372 -0.44258830115980236
2.283396965259372 -0.44258830115980236
2.283396965259372 -0.44258830115980236
2.283396965259372 -0.44258830115980236
2.283396965259372 -0.44258830115980236
2.283396965259372 -0.44258830115980236
2.283396965259372 -0.44258830115980236
2.283396965259372 -0.44258830115980236
2.283396965259372 -0.44258830115980236
2.283396965259372 -0.44258830115980236
2.283396965259372 -0.44258830115980236
2.283396965259372 -0.44258830115980236
2.283396965259372 -0.44258830115980236
2.283396965259372 -0.44258830115980236
2.283396965259372 -0.44258830115980236
2.283396965259372 -0.44258830115980236
2.283396965259372 -0.44258830115980236
2.283396965259372 -0.44258830115980236
2.283396965259372 -0.44258830115980236
2.283396965259372 -0.44258830115980236
2.283396965259372 -0.44258830115980236
2.283396965259372 -0.44258830115980236
2.283396965259372 -0.44258830115980236
2.283396965259372 -0.44258830115980236
2.283396965259372 -0.44258830115980236
2.283396965259372 -0.44258830115980236
2.283396965259372 -0.44258830115980236
2.283396965259372 -0.44258830115980236
2.283396965259372 -0.44258830115980236
2.283396965259372 -0.44258830115980236
2.283396965259372 -0.44258830115980236
2.283396965259372 -0.44258830115980236
2.283396965259372 -0.44258830115980236
2.283396965259372 -0.44258830115980236
2.283396965259372 -0.44258830115980236
2.283396965259372 -0.44258830115980236
2.283396965259372 -0.44258830115980236
2.283396965259372 -0.44258830115980236
2.283396965259372 -0.44258830115980236
2.283396965259372 -0.44258830115980236
2.283396965259372 -0.44258830115980236
2.283396965259372 -0.44258830115980236
2.283396965259372 -0.44258830115980236
3.069699705938813 0.3437144395196385
3.069699705938813 0.3437144395196385
3.069699705938813 0.3437144395196385
3.069699705938813 0.3437144395196385
3.069699705938813 0.3437144395196385
3.069699705938813 0.3437144395196385
3.069699705938813 0.3437144395196385
3.069699705938813 0.3437144395196385
3.069699705938813 0.3437144395196385
3.069699705938813 0.3437144395196385
3.069699705938813 0.3437144395196385
3.069699705938813 0.3437144395196385
3.069699705938813 0.3437144395196385
3.069699705938813 0.3437144395196385
3.069699705938813 0.3437144395196385
3.069699705938813 0.3437144395196385
3.069699705938813 0.3437144395196385
3.069699705938813 0.3437144395196385
3.069699705938813 0.3437144395196385
3.069699705938813 0.3437144395196385
3.069699705938813 0.3437144395196385
3.069699705938813 0.3437144395196385
3.069699705938813 0.3437144395196385
3.069699705938813 0.3437144395196385
3.069699705938813 0.3437144395196385
3.069699705938813 0.3437144395196385
3.069699705938813 0.3437144395196385
3.069699705938813 0.3437144395196385
3.3745853943001665 0.5995439081748811
3.3745853943001665 0.5995439081748811
3.3745853943001665 0.5995439081748811
3.3745853943001665 0.5995439081748811
3.3745853943001665 0.5995439081748811
3.3745853943001665 0.5995439081748811
3.3745853943001665 0.5995439081748811
3.3745853943001665 0.5995439081748811
3.3745853943001665 0.5995439081748811
3.3745853943001665 0.5995439081748811
3.3745853943001665 0.5995439081748811
3.3745853943001665 0.5995439081748811
3.3745853943001665 0.5995439081748811
3.3745853943001665 0.5995439081748811
3.3745853943001665 0.5995439081748811
3.3745853943001665 0.5995439081748811
3.3745853943001665 0.5995439081748811
3.3745853943001665 0.5995439081748811
3.3745853943001665 0.5995439081748811
3.3745853943001665 0.5995439081748811
3.6580218382541885 0.8373753237589007
3.6580218382541885 0.8373753237589007
3.6580218382541885 0.8373753237589007
3.6580218382541885 0.8373753237589007
3.6580218382541885 0.8373753237589007
3.6580218382541885 0.8373753237589007
3.6580218382541885 0.8373753237589007
3.9295508422298226 1.108904327734535
3.9295508422298226 1.108904327734535
3.9295508422298226 1.108904327734535
3.9295508422298226 1.108904327734535
3.9295508422298226 1.108904327734535
3.9295508422298226 1.108904327734535
3.9295508422298226 1.108904327734535
3.9295508422298226 1.108904327734535
3.9295508422298226 1.108904327734535
3.9295508422298226 1.108904327734535
3.9295508422298226 1.108904327734535
3.9295508422298226 1.108904327734535
3.9295508422298226 1.108904327734535
3.9295508422298226 1.108904327734535
3.9295508422298226 1.108904327734535
3.9295508422298226 1.108904327734535
3.9295508422298226 1.108904327734535
3.9295508422298226 1.108904327734535
3.9295508422298226 1.108904327734535
3.9295508422298226 1.108904327734535
3.9295508422298226 1.108904327734535
3.9295508422298226 1.108904327734535
3.9295508422298226 1.108904327734535
4.210979341142068 1.390332826646781
4.210979341142068 1.390332826646781
4.210979341142068 1.390332826646781
4.210979341142068 1.390332826646781
4.210979341142068 1.390332826646781
4.210979341142068 1.390332826646781
4.210979341142068 1.390332826646781
4.210979341142068 1.390332826646781
4.210979341142068 1.390332826646781
4.210979341142068 1.390332826646781
4.502307334990926 1.6816608204956385
4.502307334990926 1.6816608204956385
4.502307334990926 1.6816608204956385
4.502307334990926 1.6816608204956385
4.502307334990926 1.6816608204956385
4.502307334990926 1.6816608204956385
4.502307334990926 1.6816608204956385
4.502307334990926 1.6816608204956385
4.502307334990926 1.6816608204956385
4.502307334990926 1.6816608204956385
4.502307334990926 1.6816608204956385
4.502307334990926 1.6816608204956385
4.502307334990926 1.6816608204956385
4.502307334990926 1.6816608204956385
4.502307334990926 1.6816608204956385
4.502307334990926 1.6816608204956385
4.502307334990926 1.6816608204956385
4.502307334990926 1.6816608204956385
4.502307334990926 1.6816608204956385
4.502307334990926 1.6816608204956385
4.502307334990926 1.6816608204956385
4.502307334990926 1.6816608204956385
4.502307334990926 1.6816608204956385
4.502307334990926 1.6816608204956385
4.502307334990926 1.6816608204956385
4.502307334990926 1.6816608204956385
4.502307334990926 1.6816608204956385
4.502307334990926 1.6816608204956385
4.502307334990926 1.6816608204956385
4.8393668899632765 1.9644873687577158
4.8393668899632765 1.9644873687577158
4.8393668899632765 1.9644873687577158
4.8393668899632765 1.9644873687577158
4.8393668899632765 1.9644873687577158
4.8393668899632765 1.9644873687577158
4.8393668899632765 1.9644873687577158
4.8393668899632765 1.9644873687577158
4.8393668899632765 1.9644873687577158
4.8393668899632765 1.9644873687577158
4.8393668899632765 1.9644873687577158
4.8393668899632765 1.9644873687577158
4.8393668899632765 1.9644873687577158
4.8393668899632765 1.9644873687577158
4.8393668899632765 1.9644873687577158
4.8393668899632765 1.9644873687577158
4.8393668899632765 1.9644873687577158
4.8393668899632765 1.9644873687577158
4.8393668899632765 1.9644873687577158
4.8393668899632765 1.9644873687577158
4.8393668899632765 1.9644873687577158
4.8393668899632765 1.9644873687577158
4.8393668899632765 1.9644873687577158
4.8393668899632765 1.9644873687577158
4.8393668899632765 1.9644873687577158
4.8393668899632765 1.9644873687577158
4.8393668899632765 1.9644873687577158
4.8393668899632765 1.9644873687577158
4.8393668899632765 1.9644873687577158
4.8393668899632765 1.9644873687577158
4.8393668899632765 1.9644873687577158
4.8393668899632765 1.9644873687577158
5.1978756893429585 2.265311970091016
5.1978756893429585 2.265311970091016
5.1978756893429585 2.265311970091016
5.1978756893429585 2.265311970091016
5.1978756893429585 2.265311970091016
5.1978756893429585 2.265311970091016
5.1978756893429585 2.265311970091016
5.1978756893429585 2.265311970091016
5.1978756893429585 2.265311970091016
5.1978756893429585 2.265311970091016
5.1978756893429585 2.265311970091016
5.1978756893429585 2.265311970091016
5.1978756893429585 2.265311970091016
5.1978756893429585 2.265311970091016
5.1978756893429585 2.265311970091016
5.1978756893429585 2.265311970091016
5.1978756893429585 2.265311970091016
5.1978756893429585 2.265311970091016
5.1978756893429585 2.265311970091016
5.1978756893429585 2.265311970091016
5.1978756893429585 2.265311970091016
5.1978756893429585 2.265311970091016
5.1978756893429585 2.265311970091016
5.1978756893429585 2.265311970091016
5.1978756893429585 2.265311970091016
5.1978756893429585 2.265311970091016
5.1978756893429585 2.265311970091016
5.1978756893429585 2.265311970091016
5.1978756893429585 2.265311970091016
5.1978756893429585 2.265311970091016
5.502761377704312 2.5211414387462585
5.502761377704312 2.5211414387462585
5.502761377704312 2.5211414387462585
5.502761377704312 2.5211414387462585
5.502761377704312 2.5211414387462585
5.502761377704312 2.5211414387462585
5.502761377704312 2.5211414387462585
5.502761377704312 2.5211414387462585
5.502761377704312 2.5211414387462585
5.502761377704312 2.5211414387462585
5.502761377704312 2.5211414387462585
5.502761377704312 2.5211414387462585
5.502761377704312 2.5211414387462585
5.502761377704312 2.5211414387462585
5.502761377704312 2.5211414387462585
5.502761377704312 2.5211414387462585
5.502761377704312 2.5211414387462585
5.502761377704312 2.5211414387462585
5.502761377704312 2.5211414387462585
5.502761377704312 2.5211414387462585
5.502761377704312 2.5211414387462585
5.502761377704312 2.5211414387462585
5.502761377704312 2.5211414387462585
5.502761377704312 2.5211414387462585
5.502761377704312 2.5211414387462585
5.502761377704312 2.5211414387462585
5.502761377704312 2.5211414387462585
5.502761377704312 2.5211414387462585
5.502761377704312 2.5211414387462585
5.774290381679946 2.7926704427218927
5.774290381679946 2.7926704427218927
5.774290381679946 2.7926704427218927
5.774290381679946 2.7926704427218927
5.774290381679946 2.7926704427218927
5.774290381679946 2.7926704427218927
5.774290381679946 2.7926704427218927
5.774290381679946 2.7926704427218927
5.774290381679946 2.7926704427218927
5.774290381679946 2.7926704427218927
5.774290381679946 2.7926704427218927
5.774290381679946 2.7926704427218927
5.774290381679946 2.7926704427218927
5.774290381679946 2.7926704427218927
5.774290381679946 2.7926704427218927
5.774290381679946 2.7926704427218927
5.774290381679946 2.7926704427218927
5.774290381679946 2.7926704427218927
5.774290381679946 2.7926704427218927
5.774290381679946 2.7926704427218927
5.774290381679946 2.7926704427218927
5.774290381679946 2.7926704427218927
5.774290381679946 2.7926704427218927
5.774290381679946 2.7926704427218927
5.774290381679946 2.7926704427218927
5.774290381679946 2.7926704427218927
5.774290381679946 2.7926704427218927
5.774290381679946 2.7926704427218927
5.774290381679946 2.7926704427218927
5.774290381679946 2.7926704427218927
6.065618375528803 3.0839984365707505
6.065618375528803 3.0839984365707505
6.065618375528803 3.0839984365707505
6.065618375528803 3.0839984365707505
6.065618375528803 3.0839984365707505
6.065618375528803 3.0839984365707505
6.065618375528803 3.0839984365707505
6.065618375528803 3.0839984365707505
6.065618375528803 3.0839984365707505
6.065618375528803 3.0839984365707505
6.065618375528803 3.0839984365707505
6.065618375528803 3.0839984365707505
6.065618375528803 3.0839984365707505
6.065618375528803 3.0839984365707505
6.065618375528803 3.0839984365707505
6.065618375528803 3.0839984365707505
6.065618375528803 3.0839984365707505
6.065618375528803 3.0839984365707505
6.065618375528803 3.0839984365707505
6.065618375528803 3.0839984365707505
6.065618375528803 3.0839984365707505
6.065618375528803 3.0839984365707505
6.065618375528803 3.0839984365707505
6.065618375528803 3.0839984365707505
6.065618375528803 3.0839984365707505
6.065618375528803 3.0839984365707505
6.065618375528803 3.0839984365707505
6.065618375528803 3.0839984365707505
6.065618375528803 3.0839984365707505
6.065618375528803 3.0839984365707505
6.065618375528803 3.0839984365707505
6.303449791112823 3.3674348805247725
6.303449791112823 3.3674348805247725
6.303449791112823 3.3674348805247725
6.303449791112823 3.3674348805247725
6.303449791112823 3.3674348805247725
6.303449791112823 3.3674348805247725
6.303449791112823 3.3674348805247725
6.303449791112823 3.3674348805247725
6.303449791112823 3.3674348805247725
6.303449791112823 3.3674348805247725
6.303449791112823 3.3674348805247725
6.303449791112823 3.3674348805247725
6.303449791112823 3.3674348805247725
6.303449791112823 3.3674348805247725
6.303449791112823 3.3674348805247725
6.303449791112823 3.3674348805247725
6.303449791112823 3.3674348805247725
6.303449791112823 3.3674348805247725
6.303449791112823 3.3674348805247725
6.303449791112823 3.3674348805247725
6.303449791112823 3.3674348805247725
6.303449791112823 3.3674348805247725
6.303449791112823 3.3674348805247725
6.303449791112823 3.3674348805247725
6.303449791112823 3.3674348805247725
6.303449791112823 3.3674348805247725
6.303449791112823 3.3674348805247725
6.303449791112823 3.3674348805247725
6.303449791112823 3.3674348805247725
6.303449791112823 3.3674348805247725
6.303449791112823 3.3674348805247725
6.303449791112823 3.3674348805247725
6.629472304739842 3.595718302192489
6.629472304739842 3.595718302192489
6.629472304739842 3.595718302192489
6.629472304739842 3.595718302192489
6.629472304739842 3.595718302192489
6.629472304739842 3.595718302192489
6.629472304739842 3.595718302192489
6.629472304739842 3.595718302192489
6.629472304739842 3.595718302192489
6.629472304739842 3.595718302192489
6.629472304739842 3.595718302192489
6.629472304739842 3.595718302192489
6.629472304739842 3.595718302192489
6.629472304739842 3.595718302192489
6.629472304739842 3.595718302192489
6.629472304739842 3.595718302192489
6.629472304739842 3.595718302192489
6.629472304739842 3.595718302192489
6.629472304739842 3.595718302192489
6.629472304739842 3.595718302192489
6.629472304739842 3.595718302192489
6.629472304739842 3.595718302192489
6.629472304739842 3.595718302192489
6.629472304739842 3.595718302192489
6.629472304739842 3.595718302192489
6.629472304739842 3.595718302192489
6.629472304739842 3.595718302192489
6.629472304739842 3.595718302192489
6.629472304739842 3.595718302192489
6.629472304739842 3.595718302192489
6.629472304739842 3.595718302192489
6.629472304739842 3.595718302192489
6.629472304739842 3.595718302192489
6.629472304739842 3.595718302192489
6.629472304739842 3.595718302192489
6.629472304739842 3.595718302192489
6.629472304739842 3.595718302192489
6.629472304739842 3.595718302192489
6.629472304739842 3.595718302192489
6.629472304739842 3.595718302192489
6.629472304739842 3.595718302192489
6.629472304739842 3.595718302192489
7.173086184402581 3.6915720962646343
7.173086184402581 3.6915720962646343
7.173086184402581 3.6915720962646343
7.173086184402581 3.6915720962646343
7.173086184402581 3.6915720962646343
7.173086184402581 3.6915720962646343
7.173086184402581 3.6915720962646343
7.173086184402581 3.6915720962646343
7.173086184402581 3.6915720962646343
7.173086184402581 3.6915720962646343
7.173086184402581 3.6915720962646343
7.173086184402581 3.6915720962646343
7.173086184402581 3.6915720962646343
7.173086184402581 3.6915720962646343
7.173086184402581 3.6915720962646343
7.173086184402581 3.6915720962646343
7.173086184402581 3.6915720962646343
7.173086184402581 3.6915720962646343
7.173086184402581 3.6915720962646343
7.173086184402581 3.6915720962646343
7.173086184402581 3.6915720962646343
7.173086184402581 3.6915720962646343
7.173086184402581 3.6915720962646343
7.173086184402581 3.6915720962646343
7.173086184402581 3.6915720962646343
7.173086184402581 3.6915720962646343
7.173086184402581 3.6915720962646343
7.173086184402581 3.6915720962646343
7.173086184402581 3.6915720962646343
7.173086184402581 3.6915720962646343
7.173086184402581 3.6915720962646343
7.173086184402581 3.6915720962646343
7.173086184402581 3.6915720962646343
7.173086184402581 3.6915720962646343
7.173086184402581 3.6915720962646343
7.173086184402581 3.6915720962646343
7.848506189708784 3.632480502681722
7.848506189708784 3.632480502681722
7.848506189708784 3.632480502681722
7.848506189708784 3.632480502681722
7.848506189708784 3.632480502681722
7.848506189708784 3.632480502681722
7.848506189708784 3.632480502681722
7.848506189708784 3.632480502681722
7.848506189708784 3.632480502681722
7.848506189708784 3.632480502681722
7.848506189708784 3.632480502681722
7.848506189708784 3.632480502681722
7.848506189708784 3.632480502681722
7.848506189708784 3.632480502681722
7.848506189708784 3.632480502681722
7.848506189708784 3.632480502681722
7.848506189708784 3.632480502681722
7.848506189708784 3.632480502681722
7.848506189708784 3.632480502681722
7.848506189708784 3.632480502681722
7.848506189708784 3.632480502681722
7.848506189708784 3.632480502681722
7.848506189708784 3.632480502681722
7.848506189708784 3.632480502681722
7.848506189708784 3.632480502681722
7.848506189708784 3.632480502681722
7.848506189708784 3.632480502681722
7.848506189708784 3.632480502681722
7.848506189708784 3.632480502681722
7.848506189708784 3.632480502681722
7.848506189708784 3.632480502681722
7.848506189708784 3.632480502681722
7.848506189708784 3.632480502681722
7.848506189708784 3.632480502681722
7.848506189708784 3.632480502681722
7.848506189708784 3.632480502681722
7.848506189708784 3.632480502681722
7.848506189708784 3.632480502681722
7.848506189708784 3.632480502681722
7.848506189708784 3.632480502681722
7.848506189708784 3.632480502681722
7.848506189708784 3.632480502681722
7.848506189708784 3.632480502681722
7.848506189708784 3.632480502681722
7.848506189708784 3.632480502681722
7.848506189708784 3.632480502681722
7.848506189708784 3.632480502681722
7.848506189708784 3.632480502681722
7.848506189708784 3.632480502681722
7.848506189708784 3.632480502681722
7.848506189708784 3.632480502681722
7.848506189708784 3.632480502681722
7.848506189708784 3.632480502681722
7.848506189708784 3.632480502681722
7.848506189708784 3.632480502681722
7.848506189708784 3.632480502681722
7.848506189708784 3.632480502681722
7.848506189708784 3.632480502681722
7.848506189708784 3.632480502681722
7.848506189708784 3.632480502681722
7.848506189708784 3.632480502681722
7.848506189708784 3.632480502681722
7.848506189708784 3.632480502681722
7.848506189708784 3.632480502681722
7.848506189708784 3.632480502681722
7.848506189708784 3.632480502681722
7.848506189708784 3.632480502681722
7.848506189708784 3.632480502681722
7.848506189708784 3.632480502681722
7.848506189708784 3.632480502681722
7.848506189708784 3.632480502681722
7.848506189708784 3.632480502681722
7.848506189708784 3.632480502681722
7.848506189708784 3.632480502681722
7.848506189708784 3.632480502681722
7.848506189708784 3.632480502681722
7.848506189708784 3.632480502681722
7.848506189708784 3.632480502681722
7.848506189708784 3.632480502681722
7.848506189708784 3.632480502681722
7.848506189708784 3.632480502681722
7.848506189708784 3.632480502681722
7.848506189708784 3.632480502681722
7.848506189708784 3.632480502681722
7.848506189708784 3.632480502681722
7.848506189708784 3.632480502681722
7.848506189708784 3.632480502681722
7.848506189708784 3.632480502681722
7.848506189708784 3.632480502681722
7.848506189708784 3.632480502681722
7.848506189708784 3.632480502681722
7.848506189708784 3.632480502681722
7.848506189708784 3.632480502681722
7.848506189708784 3.632480502681722
7.848506189708784 3.632480502681722
7.848506189708784 3.632480502681722
7.848506189708784 3.632480502681722
7.848506189708784 3.632480502681722
7.848506189708784 3.632480502681722
7.848506189708784 3.632480502681722
7.848506189708784 3.632480502681722
7.848506189708784 3.632480502681722
7.848506189708784 3.632480502681722
7.848506189708784 3.632480502681722
7.848506189708784 3.632480502681722
7.848506189708784 3.632480502681722
7.848506189708784 3.632480502681722
7.848506189708784 3.632480502681722
7.848506189708784 3.632480502681722
7.848506189708784 3.632480502681722
7.848506189708784 3.632480502681722
7.848506189708784 3.632480502681722
7.848506189708784 3.632480502681722
7.848506189708784 3.632480502681722
7.848506189708784 3.632480502681722
7.848506189708784 3.632480502681722
7.848506189708784 3.632480502681722
7.848506189708784 3.632480502681722
7.848506189708784 3.632480502681722
7.848506189708784 3.632480502681722
7.848506189708784 3.632480502681722
7.848506189708784 3.632480502681722
7.848506189708784 3.632480502681722
7.848506189708784 3.632480502681722
7.848506189708784 3.632480502681722
7.848506189708784 3.632480502681722
7.848506189708784 3.632480502681722
7.848506189708784 3.632480502681722
7.848506189708784 3.632480502681722
7.848506189708784 3.632480502681722
7.848506189708784 3.632480502681722
7.848506189708784 3.632480502681722
7.848506189708784 3.632480502681722
7.848506189708784 3.632480502681722
7.848506189708784 3.632480502681722
7.848506189708784 3.632480502681722
7.848506189708784 3.632480502681722
7.848506189708784 3.632480502681722
7.848506189708784 3.632480502681722
7.848506189708784 3.632480502681722
7.848506189708784 3.632480502681722
7.848506189708784 3.632480502681722
7.848506189708784 3.632480502681722
7.848506189708784 3.632480502681722
7.848506189708784 3.632480502681722
7.848506189708784 3.632480502681722
7.848506189708784 3.632480502681722
7.848506189708784 3.632480502681722
7.848506189708784 3.632480502681722
7.848506189708784 3.632480502681722
7.58367769451793 3.948090813246741
7.58367769451793 3.948090813246741
7.58367769451793 3.948090813246741
7.58367769451793 3.948090813246741
7.58367769451793 3.948090813246741
7.58367769451793 3.948090813246741
7.58367769451793 3.948090813246741
7.58367769451793 3.948090813246741
7.58367769451793 3.948090813246741
7.58367769451793 3.948090813246741
7.58367769451793 3.948090813246741
7.58367769451793 3.948090813246741
7.58367769451793 3.948090813246741
7.58367769451793 3.948090813246741
7.58367769451793 3.948090813246741
7.58367769451793 3.948090813246741
7.58367769451793 3.948090813246741
7.58367769451793 3.948090813246741
7.58367769451793 3.948090813246741
7.58367769451793 3.948090813246741
7.58367769451793 3.948090813246741
7.58367769451793 3.948090813246741
7.58367769451793 3.948090813246741
7.58367769451793 3.948090813246741
7.58367769451793 3.948090813246741
7.58367769451793 3.948090813246741
7.58367769451793 3.948090813246741
7.58367769451793 3.948090813246741
7.58367769451793 3.948090813246741
7.58367769451793 3.948090813246741
7.58367769451793 3.948090813246741
7.58367769451793 3.948090813246741
7.58367769451793 3.948090813246741
7.58367769451793 3.948090813246741
7.58367769451793 3.948090813246741
7.58367769451793 3.948090813246741
7.58367769451793 3.948090813246741
7.58367769451793 3.948090813246741
7.58367769451793 3.948090813246741
7.58367769451793 3.948090813246741
7.58367769451793 3.948090813246741
7.02627650631302 4.046375681806224
7.02627650631302 4.046375681806224
7.02627650631302 4.046375681806224
7.02627650631302 4.046375681806224
7.02627650631302 4.046375681806224
7.02627650631302 4.046375681806224
7.02627650631302 4.046375681806224
7.02627650631302 4.046375681806224
7.02627650631302 4.046375681806224
7.02627650631302 4.046375681806224
7.02627650631302 4.046375681806224
7.02627650631302 4.046375681806224
7.02627650631302 4.046375681806224
7.02627650631302 4.046375681806224
7.02627650631302 4.046375681806224
7.02627650631302 4.046375681806224
7.02627650631302 4.046375681806224
7.02627650631302 4.046375681806224
7.02627650631302 4.046375681806224
7.02627650631302 4.046375681806224
7.02627650631302 4.046375681806224
7.02627650631302 4.046375681806224
7.02627650631302 4.046375681806224
7.02627650631302 4.046375681806224
7.02627650631302 4.046375681806224
7.02627650631302 4.046375681806224
7.02627650631302 4.046375681806224
7.02627650631302 4.046375681806224
7.02627650631302 4.046375681806224
7.02627650631302 4.046375681806224
7.02627650631302 4.046375681806224
7.02627650631302 4.046375681806224
7.02627650631302 4.046375681806224
7.02627650631302 4.046375681806224
7.02627650631302 4.046375681806224
7.02627650631302 4.046375681806224
7.02627650631302 4.046375681806224
7.02627650631302 4.046375681806224
7.02627650631302 4.046375681806224
7.02627650631302 4.046375681806224
7.02627650631302 4.046375681806224
7.02627650631302 4.046375681806224
7.02627650631302 4.046375681806224
7.02627650631302 4.046375681806224
7.02627650631302 4.046375681806224
7.02627650631302 4.046375681806224
7.02627650631302 4.046375681806224
7.02627650631302 4.046375681806224
7.02627650631302 4.046375681806224
7.02627650631302 4.046375681806224
7.02627650631302 4.046375681806224
7.02627650631302 4.046375681806224
7.02627650631302 4.046375681806224
7.02627650631302 4.046375681806224
7.02627650631302 4.046375681806224
7.02627650631302 4.046375681806224
7.02627650631302 4.046375681806224
7.02627650631302 4.046375681806224
6.587746181177783 4.163879528282768
6.587746181177783 4.163879528282768
6.587746181177783 4.163879528282768
6.587746181177783 4.163879528282768
6.587746181177783 4.163879528282768
6.587746181177783 4.163879528282768
6.587746181177783 4.163879528282768
6.587746181177783 4.163879528282768
6.587746181177783 4.163879528282768
6.587746181177783 4.163879528282768
6.587746181177783 4.163879528282768
6.587746181177783 4.163879528282768
6.587746181177783 4.163879528282768
6.587746181177783 4.163879528282768
6.587746181177783 4.163879528282768
6.587746181177783 4.163879528282768
6.587746181177783 4.163879528282768
6.587746181177783 4.163879528282768
6.587746181177783 4.163879528282768
6.587746181177783 4.163879528282768
6.587746181177783 4.163879528282768
6.587746181177783 4.163879528282768
6.587746181177783 4.163879528282768
6.587746181177783 4.163879528282768
6.587746181177783 4.163879528282768
6.587746181177783 4.163879528282768
6.587746181177783 4.163879528282768
6.587746181177783 4.163879528282768
6.587746181177783 4.163879528282768
6.161125731340981 4.319156673352622
6.161125731340981 4.319156673352622
6.161125731340981 4.319156673352622
6.161125731340981 4.319156673352622
6.161125731340981 4.319156673352622
6.161125731340981 4.319156673352622
6.161125731340981 4.319156673352622
6.161125731340981 4.319156673352622
6.161125731340981 4.319156673352622
6.161125731340981 4.319156673352622
6.161125731340981 4.319156673352622
6.161125731340981 4.319156673352622
6.161125731340981 4.319156673352622
6.161125731340981 4.319156673352622
6.161125731340981 4.319156673352622
6.161125731340981 4.319156673352622
6.161125731340981 4.319156673352622
6.161125731340981 4.319156673352622
6.161125731340981 4.319156673352622
6.161125731340981 4.319156673352622
6.161125731340981 4.319156673352622
6.161125731340981 4.319156673352622
6.161125731340981 4.319156673352622
6.161125731340981 4.319156673352622
6.161125731340981 4.319156673352622
6.161125731340981 4.319156673352622
6.161125731340981 4.319156673352622
5.775038614063368 4.49919205285416
5.775038614063368 4.49919205285416
5.775038614063368 4.49919205285416
5.775038614063368 4.49919205285416
5.775038614063368 4.49919205285416
5.775038614063368 4.49919205285416
5.775038614063368 4.49919205285416
5.775038614063368 4.49919205285416
5.775038614063368 4.49919205285416
5.775038614063368 4.49919205285416
5.775038614063368 4.49919205285416
5.775038614063368 4.49919205285416
5.775038614063368 4.49919205285416
5.775038614063368 4.49919205285416
5.775038614063368 4.49919205285416
5.775038614063368 4.49919205285416
5.775038614063368 4.49919205285416
5.775038614063368 4.49919205285416
5.775038614063368 4.49919205285416
5.775038614063368 4.49919205285416
5.775038614063368 4.49919205285416
5.775038614063368 4.49919205285416
5.775038614063368 4.49919205285416
5.775038614063368 4.49919205285416
5.775038614063368 4.49919205285416
5.775038614063368 4.49919205285416
5.775038614063368 4.49919205285416
5.775038614063368 4.49919205285416
5.426079843196257 4.743535614739706
5.426079843196257 4.743535614739706
5.426079843196257 4.743535614739706
5.426079843196257 4.743535614739706
5.426079843196257 4.743535614739706
5.426079843196257 4.743535614739706
5.426079843196257 4.743535614739706
5.426079843196257 4.743535614739706
5.426079843196257 4.743535614739706
5.426079843196257 4.743535614739706
5.426079843196257 4.743535614739706
5.426079843196257 4.743535614739706
5.426079843196257 4.743535614739706
5.426079843196257 4.743535614739706
5.426079843196257 4.743535614739706
5.426079843196257 4.743535614739706
5.426079843196257 4.743535614739706
5.426079843196257 4.743535614739706
5.426079843196257 4.743535614739706
5.426079843196257 4.743535614739706
5.426079843196257 4.743535614739706
5.426079843196257 4.743535614739706
5.426079843196257 4.743535614739706
5.426079843196257 4.743535614739706
5.426079843196257 4.743535614739706
5.426079843196257 4.743535614739706
5.426079843196257 4.743535614739706
5.426079843196257 4.743535614739706
5.142643399242235 4.981367030323725
5.142643399242235 4.981367030323725
5.142643399242235 4.981367030323725
5.142643399242235 4.981367030323725
5.142643399242235 4.981367030323725
5.142643399242235 4.981367030323725
5.142643399242235 4.981367030323725
5.142643399242235 4.981367030323725
5.142643399242235 4.981367030323725
5.142643399242235 4.981367030323725
5.142643399242235 4.981367030323725
5.142643399242235 4.981367030323725
5.142643399242235 4.981367030323725
5.142643399242235 4.981367030323725
5.142643399242235 4.981367030323725
5.142643399242235 4.981367030323725
5.142643399242235 4.981367030323725
5.142643399242235 4.981367030323725
5.142643399242235 4.981367030323725
5.142643399242235 4.981367030323725
5.142643399242235 4.981367030323725
5.142643399242235 4.981367030323725
5.142643399242235 4.981367030323725
5.142643399242235 4.981367030323725
5.142643399242235 4.981367030323725
5.142643399242235 4.981367030323725
5.142643399242235 4.981367030323725
5.142643399242235 4.981367030323725
5.142643399242235 4.981367030323725
4.957643399242235 5.301796429723968
4.957643399242235 5.301796429723968
4.957643399242235 5.301796429723968
4.957643399242235 5.301796429723968
4.957643399242235 5.301796429723968
4.957643399242235 5.301796429723968
4.957643399242235 5.301796429723968
4.957643399242235 5.301796429723968
4.753941397083218 5.738636783075633
4.753941397083218 5.738636783075633
4.753941397083218 5.738636783075633
4.753941397083218 5.738636783075633
4.753941397083218 5.738636783075633
4.753941397083218 5.738636783075633
4.753941397083218 5.738636783075633
4.753941397083218 5.738636783075633
4.753941397083218 5.738636783075633
4.753941397083218 5.738636783075633
4.753941397083218 5.738636783075633
4.753941397083218 5.738636783075633
4.753941397083218 5.738636783075633
4.622605662046161 6.099478749457422
4.622605662046161 6.099478749457422
4.622605662046161 6.099478749457422
4.622605662046161 6.099478749457422
4.622605662046161 6.099478749457422
4.622605662046161 6.099478749457422
4.622605662046161 6.099478749457422
4.622605662046161 6.099478749457422
4.622605662046161 6.099478749457422
4.622605662046161 6.099478749457422
4.622605662046161 6.099478749457422
4.622605662046161 6.099478749457422
4.622605662046161 6.099478749457422
4.622605662046161 6.099478749457422
4.622605662046161 6.099478749457422
4.622605662046161 6.099478749457422
4.622605662046161 6.099478749457422
4.622605662046161 6.099478749457422
4.622605662046161 6.099478749457422
4.622605662046161 6.099478749457422
4.622605662046161 6.099478749457422
4.622605662046161 6.099478749457422
4.622605662046161 6.099478749457422
4.622605662046161 6.099478749457422
4.622605662046161 6.099478749457422
4.622605662046161 6.099478749457422
4.622605662046161 6.099478749457422
4.622605662046161 6.099478749457422
4.622605662046161 6.099478749457422
4.622605662046161 6.099478749457422
4.622605662046161 6.099478749457422
4.622605662046161 6.099478749457422
4.622605662046161 6.099478749457422
4.622605662046161 6.099478749457422
4.622605662046161 6.099478749457422
4.622605662046161 6.099478749457422
4.622605662046161 6.099478749457422
4.622605662046161 6.099478749457422
4.622605662046161 6.099478749457422
4.622605662046161 6.099478749457422
4.622605662046161 6.099478749457422
4.622605662046161 6.099478749457422
4.622605662046161 6.099478749457422
4.622605662046161 6.099478749457422
4.622605662046161 6.099478749457422
4.622605662046161 6.099478749457422
4.622605662046161 6.099478749457422
4.622605662046161 6.099478749457422
4.622605662046161 6.099478749457422
4.622605662046161 6.099478749457422
4.654853286862795 6.468070787751367
4.654853286862795 6.468070787751367
4.654853286862795 6.468070787751367
4.654853286862795 6.468070787751367
4.654853286862795 6.468070787751367
4.654853286862795 6.468070787751367
4.654853286862795 6.468070787751367
4.654853286862795 6.468070787751367
4.654853286862795 6.468070787751367
4.654853286862795 6.468070787751367
4.654853286862795 6.468070787751367
4.654853286862795 6.468070787751367
4.654853286862795 6.468070787751367
4.654853286862795 6.468070787751367
4.654853286862795 6.468070787751367
4.654853286862795 6.468070787751367
4.654853286862795 6.468070787751367
4.654853286862795 6.468070787751367
4.654853286862795 6.468070787751367
4.654853286862795 6.468070787751367
4.654853286862795 6.468070787751367
4.654853286862795 6.468070787751367
4.654853286862795 6.468070787751367
4.654853286862795 6.468070787751367
4.654853286862795 6.468070787751367
4.654853286862795 6.468070787751367
4.654853286862795 6.468070787751367
4.654853286862795 6.468070787751367
4.654853286862795 6.468070787751367
4.654853286862795 6.468070787751367
4.654853286862795 6.468070787751367
4.654853286862795 6.468070787751367
4.654853286862795 6.468070787751367
4.654853286862795 6.468070787751367
4.654853286862795 6.468070787751367
4.654853286862795 6.468070787751367
4.654853286862795 6.468070787751367
4.654853286862795 6.468070787751367
4.654853286862795 6.468070787751367
4.654853286862795 6.468070787751367
4.654853286862795 6.468070787751367
4.654853286862795 6.468070787751367
4.654853286862795 6.468070787751367
4.654853286862795 6.468070787751367
4.654853286862795 6.468070787751367
4.654853286862795 6.468070787751367
4.654853286862795 6.468070787751367
4.654853286862795 6.468070787751367
4.654853286862795 6.468070787751367
4.654853286862795 6.468070787751367
4.654853286862795 6.468070787751367
4.654853286862795 6.468070787751367
4.654853286862795 6.468070787751367
4.654853286862795 6.468070787751367
4.654853286862795 6.468070787751367
4.654853286862795 6.468070787751367
4.654853286862795 6.468070787751367
4.654853286862795 6.468070787751367
4.654853286862795 6.468070787751367
4.654853286862795 6.468070787751367
4.654853286862795 6.468070787751367
4.654853286862795 6.468070787751367
4.654853286862795 6.468070787751367
4.654853286862795 6.468070787751367
4.654853286862795 6.468070787751367
4.654853286862795 6.468070787751367
4.654853286862795 6.468070787751367
4.654853286862795 6.468070787751367
4.654853286862795 6.468070787751367
4.654853286862795 6.468070787751367
4.654853286862795 6.468070787751367
4.654853286862795 6.468070787751367
4.654853286862795 6.468070787751367
4.654853286862795 6.468070787751367
4.654853286862795 6.468070787751367
4.654853286862795 6.468070787751367
4.654853286862795 6.468070787751367
4.654853286862795 6.468070787751367
4.654853286862795 6.468070787751367
4.654853286862795 6.468070787751367
4.654853286862795 6.468070787751367
4.654853286862795 6.468070787751367
4.654853286862795 6.468070787751367
4.654853286862795 6.468070787751367
4.654853286862795 6.468070787751367
4.654853286862795 6.468070787751367
4.654853286862795 6.468070787751367
4.654853286862795 6.468070787751367
4.654853286862795 6.468070787751367
4.654853286862795 6.468070787751367
4.654853286862795 6.468070787751367
4.654853286862795 6.468070787751367
4.654853286862795 6.468070787751367
4.654853286862795 6.468070787751367
4.654853286862795 6.468070787751367
4.654853286862795 6.468070787751367
4.654853286862795 6.468070787751367
4.654853286862795 6.468070787751367
4.654853286862795 6.468070787751367
4.654853286862795 6.468070787751367
4.654853286862795 6.468070787751367
4.654853286862795 6.468070787751367
4.654853286862795 6.468070787751367
4.654853286862795 6.468070787751367
4.654853286862795 6.468070787751367
4.654853286862795 6.468070787751367
4.654853286862795 6.468070787751367
4.654853286862795 6.468070787751367
4.654853286862795 6.468070787751367
4.654853286862795 6.468070787751367
4.654853286862795 6.468070787751367
4.654853286862795 6.468070787751367
4.654853286862795 6.468070787751367
4.654853286862795 6.468070787751367
4.654853286862795 6.468070787751367
4.654853286862795 6.468070787751367
4.654853286862795 6.468070787751367
4.654853286862795 6.468070787751367
4.654853286862795 6.468070787751367
4.654853286862795 6.468070787751367
4.654853286862795 6.468070787751367
4.654853286862795 6.468070787751367
4.654853286862795 6.468070787751367
4.654853286862795 6.468070787751367
4.654853286862795 6.468070787751367
4.654853286862795 6.468070787751367
4.654853286862795 6.468070787751367
4.654853286862795 6.468070787751367
4.654853286862795 6.468070787751367
4.654853286862795 6.468070787751367
4.654853286862795 6.468070787751367
4.654853286862795 6.468070787751367
4.654853286862795 6.468070787751367
4.654853286862795 6.468070787751367
4.654853286862795 6.468070787751367
4.654853286862795 6.468070787751367
4.654853286862795 6.468070787751367
4.654853286862795 6.468070787751367
4.654853286862795 6.468070787751367
4.654853286862795 6.468070787751367
4.654853286862795 6.468070787751367
4.654853286862795 6.468070787751367
4.654853286862795 6.468070787751367
4.654853286862795 6.468070787751367
4.654853286862795 6.468070787751367
4.654853286862795 6.468070787751367
4.654853286862795 6.468070787751367
4.654853286862795 6.468070787751367
4.654853286862795 6.468070787751367
4.654853286862795 6.468070787751367
4.654853286862795 6.468070787751367
4.654853286862795 6.468070787751367
4.654853286862795 6.468070787751367
4.654853286862795 6.468070787751367
4.654853286862795 6.468070787751367
4.654853286862795 6.468070787751367
4.654853286862795 6.468070787751367
4.654853286862795 6.468070787751367
4.654853286862795 6.468070787751367
4.654853286862795 6.468070787751367
4.654853286862795 6.468070787751367
4.654853286862795 6.468070787751367
4.654853286862795 6.468070787751367
4.654853286862795 6.468070787751367
4.654853286862795 6.468070787751367
4.654853286862795 6.468070787751367
4.654853286862795 6.468070787751367
4.654853286862795 6.468070787751367
4.654853286862795 6.468070787751367
4.654853286862795 6.468070787751367
4.158853286862795 6.468070787751367
4.158853286862795 6.468070787751367
4.158853286862795 6.468070787751367
4.158853286862795 6.468070787751367
4.158853286862795 6.468070787751367
4.158853286862795 6.468070787751367
4.158853286862795 6.468070787751367
4.158853286862795 6.468070787751367
4.158853286862795 6.468070787751367
4.158853286862795 6.468070787751367
4.158853286862795 6.468070787751367
4.158853286862795 6.468070787751367
4.158853286862795 6.468070787751367
4.158853286862795 6.468070787751367
4.158853286862795 6.468070787751367
4.158853286862795 6.468070787751367
4.158853286862795 6.468070787751367
4.158853286862795 6.468070787751367
4.158853286862795 6.468070787751367
4.158853286862795 6.468070787751367
4.158853286862795 6.468070787751367
4.158853286862795 6.468070787751367
4.158853286862795 6.468070787751367
4.158853286862795 6.468070787751367
4.158853286862795 6.468070787751367
4.158853286862795 6.468070787751367
4.158853286862795 6.468070787751367
4.158853286862795 6.468070787751367
4.158853286862795 6.468070787751367
4.158853286862795 6.468070787751367
4.158853286862795 6.468070787751367
4.158853286862795 6.468070787751367
3.6908532868627955 6.468070787751367
3.6908532868627955 6.468070787751367
3.6908532868627955 6.468070787751367
3.6908532868627955 6.468070787751367
3.6908532868627955 6.468070787751367
3.6908532868627955 6.468070787751367
3.6908532868627955 6.468070787751367
3.6908532868627955 6.468070787751367
3.6908532868627955 6.468070787751367
3.6908532868627955 6.468070787751367
3.6908532868627955 6.468070787751367
3.6908532868627955 6.468070787751367
3.6908532868627955 6.468070787751367
3.6908532868627955 6.468070787751367
3.6908532868627955 6.468070787751367
3.6908532868627955 6.468070787751367
3.6908532868627955 6.468070787751367
3.6908532868627955 6.468070787751367
3.6908532868627955 6.468070787751367
3.6908532868627955 6.468070787751367
3.6908532868627955 6.468070787751367
3.6908532868627955 6.468070787751367
3.6908532868627955 6.468070787751367
3.6908532868627955 6.468070787751367
3.6908532868627955 6.468070787751367
3.6908532868627955 6.468070787751367
3.6908532868627955 6.468070787751367
3.6908532868627955 6.468070787751367
3.6908532868627955 6.468070787751367
3.6908532868627955 6.468070787751367
3.6908532868627955 6.468070787751367
3.6908532868627955 6.468070787751367
3.6908532868627955 6.468070787751367
3.6908532868627955 6.468070787751367
3.6908532868627955 6.468070787751367
3.6908532868627955 6.468070787751367
3.6908532868627955 6.468070787751367
3.6908532868627955 6.468070787751367
3.6908532868627955 6.468070787751367
3.6908532868627955 6.468070787751367
3.6908532868627955 6.468070787751367
3.6908532868627955 6.468070787751367
3.6908532868627955 6.468070787751367
3.6908532868627955 6.468070787751367
3.6908532868627955 6.468070787751367
3.6908532868627955 6.468070787751367
3.6908532868627955 6.468070787751367
3.6908532868627955 6.468070787751367
3.6908532868627955 6.468070787751367
3.6908532868627955 6.468070787751367
3.6908532868627955 6.468070787751367
3.6908532868627955 6.468070787751367
3.6908532868627955 6.468070787751367
3.6908532868627955 6.468070787751367
3.6908532868627955 6.468070787751367
3.6908532868627955 6.468070787751367
3.6908532868627955 6.468070787751367
3.6908532868627955 6.468070787751367
3.6908532868627955 6.468070787751367
3.6908532868627955 6.468070787751367
3.6908532868627955 6.468070787751367
3.6908532868627955 6.468070787751367
3.6908532868627955 6.468070787751367
3.6908532868627955 6.468070787751367
3.6908532868627955 6.468070787751367
3.188601332826569 6.556631358361502
3.188601332826569 6.556631358361502
3.188601332826569 6.556631358361502
3.188601332826569 6.556631358361502
3.188601332826569 6.556631358361502
3.188601332826569 6.556631358361502
3.188601332826569 6.556631358361502
3.188601332826569 6.556631358361502
3.188601332826569 6.556631358361502
3.188601332826569 6.556631358361502
3.188601332826569 6.556631358361502
3.188601332826569 6.556631358361502
3.188601332826569 6.556631358361502
3.188601332826569 6.556631358361502
3.188601332826569 6.556631358361502
3.188601332826569 6.556631358361502
3.188601332826569 6.556631358361502
3.188601332826569 6.556631358361502
3.188601332826569 6.556631358361502
3.188601332826569 6.556631358361502
3.188601332826569 6.556631358361502
3.188601332826569 6.556631358361502
3.188601332826569 6.556631358361502
3.188601332826569 6.556631358361502
3.188601332826569 6.556631358361502
3.188601332826569 6.556631358361502
3.188601332826569 6.556631358361502
3.188601332826569 6.556631358361502
3.188601332826569 6.556631358361502
3.188601332826569 6.556631358361502
3.188601332826569 6.556631358361502
3.188601332826569 6.556631358361502
3.188601332826569 6.556631358361502
3.188601332826569 6.556631358361502
3.188601332826569 6.556631358361502
3.188601332826569 6.556631358361502
3.188601332826569 6.556631358361502
3.188601332826569 6.556631358361502
2.4933270591999506 6.679226971794354
2.4933270591999506 6.679226971794354
2.4933270591999506 6.679226971794354
2.4933270591999506 6.679226971794354
2.4933270591999506 6.679226971794354
2.4933270591999506 6.679226971794354
2.4933270591999506 6.679226971794354
2.4933270591999506 6.679226971794354
2.4933270591999506 6.679226971794354
2.4933270591999506 6.679226971794354
2.4933270591999506 6.679226971794354
2.4933270591999506 6.679226971794354
2.4933270591999506 6.679226971794354
2.4933270591999506 6.679226971794354
2.4933270591999506 6.679226971794354
2.4933270591999506 6.679226971794354
2.4933270591999506 6.679226971794354
2.4933270591999506 6.679226971794354
2.4933270591999506 6.679226971794354
2.4933270591999506 6.679226971794354
2.4933270591999506 6.679226971794354
2.4933270591999506 6.679226971794354
2.4933270591999506 6.679226971794354
2.4933270591999506 6.679226971794354
2.4933270591999506 6.679226971794354
2.4933270591999506 6.679226971794354
2.4933270591999506 6.679226971794354
2.4933270591999506 6.679226971794354
2.4933270591999506 6.679226971794354
2.4933270591999506 6.679226971794354
2.4933270591999506 6.679226971794354
2.4933270591999506 6.679226971794354
2.4933270591999506 6.679226971794354
2.4933270591999506 6.679226971794354
2.4933270591999506 6.679226971794354
2.4933270591999506 6.679226971794354
2.4933270591999506 6.679226971794354
2.4933270591999506 6.679226971794354
2.4933270591999506 6.679226971794354
2.4933270591999506 6.679226971794354
2.4933270591999506 6.679226971794354
2.4933270591999506 6.679226971794354
2.4933270591999506 6.679226971794354
2.4933270591999506 6.679226971794354
2.4933270591999506 6.679226971794354
2.4933270591999506 6.679226971794354
2.4933270591999506 6.679226971794354
2.4933270591999506 6.679226971794354
2.4933270591999506 6.679226971794354
2.4933270591999506 6.679226971794354
2.4933270591999506 6.679226971794354
2.4933270591999506 6.679226971794354
2.4933270591999506 6.679226971794354
2.4933270591999506 6.679226971794354
2.4933270591999506 6.679226971794354
2.4933270591999506 6.679226971794354
2.4933270591999506 6.679226971794354
2.4933270591999506 6.679226971794354
2.4933270591999506 6.679226971794354
2.4933270591999506 6.679226971794354
2.4933270591999506 6.679226971794354
2.4933270591999506 6.679226971794354
2.4933270591999506 6.679226971794354
2.4933270591999506 6.679226971794354
2.4933270591999506 6.679226971794354
2.4933270591999506 6.679226971794354
2.4933270591999506 6.679226971794354
2.4933270591999506 6.679226971794354
2.4933270591999506 6.679226971794354
2.4933270591999506 6.679226971794354
2.4933270591999506 6.679226971794354
1.9736589646564318 6.81847161805951
1.9736589646564318 6.81847161805951
1.9736589646564318 6.81847161805951
1.9736589646564318 6.81847161805951
1.9736589646564318 6.81847161805951
1.9736589646564318 6.81847161805951
1.9736589646564318 6.81847161805951
1.9736589646564318 6.81847161805951
1.9736589646564318 6.81847161805951
1.9736589646564318 6.81847161805951
1.9736589646564318 6.81847161805951
1.9736589646564318 6.81847161805951
1.9736589646564318 6.81847161805951
1.9736589646564318 6.81847161805951
1.9736589646564318 6.81847161805951
1.9736589646564318 6.81847161805951
1.9736589646564318 6.81847161805951
1.9736589646564318 6.81847161805951
1.9736589646564318 6.81847161805951
1.9736589646564318 6.81847161805951
1.9736589646564318 6.81847161805951
1.9736589646564318 6.81847161805951
1.9736589646564318 6.81847161805951
1.9736589646564318 6.81847161805951
1.9736589646564318 6.81847161805951
1.9736589646564318 6.81847161805951
1.9736589646564318 6.81847161805951
1.9736589646564318 6.81847161805951
1.9736589646564318 6.81847161805951
1.9736589646564318 6.81847161805951
1.9736589646564318 6.81847161805951
1.9736589646564318 6.81847161805951
1.9736589646564318 6.81847161805951
1.9736589646564318 6.81847161805951
1.9736589646564318 6.81847161805951
1.9736589646564318 6.81847161805951
1.9736589646564318 6.81847161805951
1.9736589646564318 6.81847161805951
1.9736589646564318 6.81847161805951
1.9736589646564318 6.81847161805951
1.9736589646564318 6.81847161805951
1.9736589646564318 6.81847161805951
1.9736589646564318 6.81847161805951
1.9736589646564318 6.81847161805951
1.9736589646564318 6.81847161805951
1.9736589646564318 6.81847161805951
1.9736589646564318 6.81847161805951
1.9736589646564318 6.81847161805951
0.9257682260772611 7.42347161805951
0.9257682260772611 7.42347161805951
0.9257682260772611 7.42347161805951
0.9257682260772611 7.42347161805951
