paho1251968005146,3,-97.0
paho1251968005146
paho1251968005146,1,-73.0,2,-92.0
paho1251968005146,2,-96.0,4,-80.0
paho1251968005146,1,-65.0
paho1251968005146,2,-83.0,1,-52.0,4,-85.0
paho1251968005146,4,-88.0,3,-96.0
paho1251968005146
paho1251968005146,1,-65.0,2,-92.0,4,-86.0,3,-89.0
paho1251968005146,2,-98.0,1,-75.0,4,-88.0,3,-84.0
paho1251968005146,1,-80.0,4,-95.0
paho1251968005146,1,-81.0
paho1251968005146,1,-77.0,2,-78.0,4,-86.0
paho1251968005146,2,-85.0,1,-75.0,4,-89.0,3,-78.0
paho1251968005146,1,-76.0,2,-74.0,3,-87.0
paho1251968005146,2,-79.0,1,-84.0,4,-86.0,3,-82.0
paho1251968005146,1,-87.0,2,-74.0,4,-89.0,3,-86.0
paho1251968005146,2,-76.0,4,-80.0
paho1251968005146,1,-82.0,4,-87.0,3,-77.0
paho1251968005146,2,-82.0,1,-89.0,4,-77.0,3,-80.0
paho1251968005146,1,-87.0,4,-65.0,3,-72.0
paho1251968005146,4,-58.0,3,-85.0
paho1251968005146,1,-93.0,2,-91.0,4,-78.0,3,-73.0
paho1251968005146,2,-87.0,1,-92.0,4,-77.0,3,-68.0
paho1251968005146,2,-85.0,4,-82.0,3,-58.0
paho1251968005146,3,-45.0
paho1251968005146,2,-85.0,3,-69.0
paho1251968005146,4,-69.0,3,-75.0
