paho10422355715188,2,-81.0,1,-58.0
paho10422355715188,1,-58.0
paho10422355715188,4,-92.0,2,-82.0,3,-91.0,1,-57.0
paho10422355715188,4,-92.0,2,-87.0,3,-93.0,1,-59.0
paho10422355715188,2,-86.0
paho10422355715188,3,-93.0
paho10422355715188,3,-85.0,1,-62.0
paho10422355715188,4,-92.0,2,-87.0,3,-81.0,1,-85.0
paho10422355715188,4,-81.0,2,-75.0,1,-81.0
paho10422355715188,2,-68.0,3,-90.0
paho10422355715188,4,-83.0,2,-68.0,3,-89.0
paho10422355715188,4,-84.0,2,-80.0,3,-79.0,1,-78.0
paho10422355715188,2,-76.0
paho10422355715188,4,-77.0,2,-94.0,1,-93.0
paho10422355715188,4,-78.0,2,-81.0,1,-85.0
paho10422355715188,2,-89.0,3,-73.0
paho10422355715188,4,-75.0,2,-84.0
paho10422355715188,4,-67.0
paho10422355715188,3,-67.0
paho10422355715188,2,-91.0,3,-54.0
paho10422355715188,3,-43.0
paho10422355715188,4,-84.0,2,-81.0
