paho10422355715188,3,-94.0,1,-76.0
paho10422355715188,4,-97.0,2,-90.0
paho10422355715188,4,-98.0,2,-92.0,3,-94.0,1,-78.0
paho10422355715188,4,-95.0,3,-93.0
paho10422355715188,1,-73.0
paho10422355715188,3,-93.0,1,-71.0
paho10422355715188,4,-96.0,1,-72.0
paho10422355715188,4,-92.0,2,-96.0,1,-73.0
paho10422355715188,2,-93.0,1,-75.0
paho10422355715188,1,-72.0
paho10422355715188,4,-92.0,2,-92.0,3,-92.0,1,-73.0
paho10422355715188,4,-100.0,1,-74.0
paho10422355715188,2,-95.0,1,-76.0
paho10422355715188,4,-90.0,2,-93.0,1,-81.0
paho10422355715188,1,-87.0
paho10422355715188,2,-93.0,3,-97.0
paho10422355715188,4,-91.0,2,-89.0,1,-89.0
paho10422355715188,2,-84.0
paho10422355715188,4,-92.0,2,-81.0
paho10422355715188,2,-80.0
paho10422355715188,2,-84.0
paho10422355715188,1,-85.0
paho10422355715188,4,-85.0,2,-81.0,3,-95.0,1,-84.0
paho10422355715188,2,-87.0
paho10422355715188,4,-87.0
paho10422355715188,4,-93.0,2,-93.0
paho10422355715188,4,-87.0,3,-91.0,1,-91.0
paho10422355715188,4,-82.0,3,-91.0,1,-93.0
paho10422355715188,4,-86.0,3,-76.0,1,-99.0
paho10422355715188,4,-86.0,3,-82.0
paho10422355715188,4,-83.0,2,-94.0,3,-75.0
paho10422355715188,4,-93.0,2,-94.0,3,-81.0
paho10422355715188,3,-65.0
paho10422355715188,3,-60.0
paho10422355715188,4,-81.0,3,-59.0
paho10422355715188,3,-61.0
paho10422355715188,3,-64.0
paho10422355715188,4,-89.0,3,-60.0
paho10422355715188,4,-92.0,3,-60.0
paho10422355715188,4,-92.0,3,-62.0
paho10422355715188,4,-91.0,3,-64.0
