paho10422355715188,4,-80.0,1,-54.0
paho10422355715188,1,-55.0
paho10422355715188,2,-82.0,1,-55.0
paho10422355715188,1,-58.0
paho10422355715188,4,-88.0,3,-89.0,1,-60.0
paho10422355715188,3,-94.0,1,-68.0
paho10422355715188,2,-80.0,1,-64.0
paho10422355715188,4,-85.0,2,-77.0,3,-96.0,1,-73.0
paho10422355715188,4,-83.0,2,-87.0,3,-94.0,1,-69.0
paho10422355715188,2,-71.0
paho10422355715188,3,-81.0
paho10422355715188,2,-71.0,3,-93.0,1,-76.0
paho10422355715188,4,-87.0,3,-82.0
paho10422355715188,2,-59.0,3,-82.0
paho10422355715188,4,-78.0,2,-77.0,3,-82.0
paho10422355715188,4,-80.0,1,-78.0
paho10422355715188,3,-72.0,1,-77.0
paho10422355715188,4,-77.0,3,-76.0,1,-90.0
paho10422355715188,4,-72.0,3,-78.0
paho10422355715188,4,-71.0,2,-84.0
paho10422355715188,3,-69.0,1,-92.0
paho10422355715188,4,-72.0
paho10422355715188,3,-58.0,1,-88.0
paho10422355715188,4,-80.0,3,-55.0,1,-91.0
paho10422355715188,4,-87.0,2,-97.0,3,-54.0,1,-90.0
